theta_array,theta_org,x_array,y_array,xi_x_array,xi_y_array,fmpi_x_array,fmpi_y_array
2.05676195813244,0,0,0,0,0,0,0
2.07239902458026,1.57374611143548,-0.0609052777328485,0.116263923190484,-0.0128221355433723,0.0285826171031166,-0.0480831421894762,0.0876813060873674
2.02801378600223,1.57360726071783,-0.0693869245323847,0.250681801626778,0.035663662092045,0.044689445356991,-0.0441453088915812,0.0897284330793026
2.10869430995835,1.57403677240361,-0.109015362197473,0.326399012804149,0.0116047562392799,-0.0101615396423593,-0.0512331939043686,0.0858787508197305
2.19446840699775,1.57327211554068,-0.14148463095224,0.411888196760347,0.0259327175856443,0.00431524730474242,-0.0584019863404106,0.0811739366514554
1.75460291969122,1.57244192105644,-0.152407185468023,0.451040189452328,0.00735478145544992,-0.0591635146799214,-0.0182773359712329,0.0983155073719028
1.44476123266585,1.5764789126086,-0.0951859273616792,0.48750716640654,0.0446510896670884,-0.0627398316095591,0.0125701684392551,0.0992068085637712
1.26552565973444,1.57870333777615,-0.0198341207463852,0.560461088183768,0.0452966726995892,-0.0224226420385705,0.0300551339157047,0.0953765638157983
1.38366929859346,1.57965068696812,0.0472721942464757,0.573459089953184,0.0485026300961566,-0.0852562750243407,0.0186036848967043,0.0982542767937566
1.29289808654832,1.57904407543199,0.0525569577186824,0.533306795230177,-0.0221487497302441,-0.136315709561349,0.0274335132024508,0.0961634148383415
1.32142145281988,1.57951628875761,0.112394063451718,0.584121290496818,0.0351572838747695,-0.0460921938370741,0.0246798218582659,0.096906689103716
1.54534764839545,1.5793685351805,0.16283158570184,0.700504903026575,0.0478929290922959,0.016415992543777,0.00254459315782664,0.0999676199859792
1.5833220788516,1.57802688590039,0.289587256941593,0.842748392741834,0.128008213691994,0.0422513343359229,-0.00125254245224144,0.0999921553793363
1.6164904643645,1.57775032320677,0.355864198388181,0.884439199936615,0.0708447652484311,-0.0582048132583467,-0.00456782380184292,0.0998956204531276
1.66926967183729,1.57750550486102,0.410468325817075,0.97602502169738,0.0644355547144445,-0.00792971992760111,-0.00983142728555082,0.0995155416883661
1.76542393900907,1.57710664812437,0.424303200742986,1.03219768831073,0.0331749940625453,-0.0419393091683131,-0.0193401191366347,0.0981119757816587
1.85865146414653,1.5763444604862,0.486414499359688,1.1226758611385,0.0905009253598953,-0.00540732708426533,-0.0283896267431928,0.0958854999120419
1.84369689548214,1.57555388817488,0.538029924162253,1.26195337248244,0.0785680042433444,0.042978194308514,-0.02695257944078,0.0962993170354206
1.89636742473066,1.57568164729817,0.590572184919957,1.344201240831,0.0845272542706564,-0.0124989531811147,-0.0319849935129523,0.0947468215296766
1.92911864763282,1.57522072891638,0.652933619671952,1.46926152132293,0.0974317951175941,0.0314116295468812,-0.0350703603655991,0.0936486509450457
1.99351740878378,1.57492807369746,0.758992194125804,1.60792826678799,0.14708292748149,0.0474691442977994,-0.0410243530276383,0.0911976011672659
1.93907892649659,1.5743398859462,0.816200932655307,1.74063478587371,0.0932101105499954,0.0394118182038252,-0.0360013720204921,0.0932947008818943
1.78233350812598,1.57483313646558,0.810424298521843,1.86203113075519,0.0152196722495068,0.0236254130138101,-0.0209963063829704,0.0977709318676693
1.73376293067188,1.57618431930015,0.856190484602597,1.95937318824945,0.0619908074353877,-0.00133297309554556,-0.0162246213546341,0.098675030589804
1.80708346272067,1.57657326641381,0.892584731071797,2.07125827403284,0.0598037015128183,0.0146637022581595,-0.023409455043618,0.097221383525235
1.76117831573038,1.57597636162183,0.887721487280299,2.1832841798168,0.0140601558026088,0.0138327036373667,-0.0189233995941065,0.0981932021465935
1.77298679753387,1.57635467337684,0.923706941375723,2.26216246750689,0.056067020056989,-0.0190846170674313,-0.0200815659615651,0.0979629047575219
1.8491207754823,1.57625715780119,1.01352137067067,2.37196692696259,0.117288925663561,0.0136527457461083,-0.0274744963686141,0.0961517137095903
1.70983453526893,1.57561868798668,1.07247609671079,2.40224179787295,0.0728137929296548,-0.0687601040477402,-0.0138590668895349,0.0990349749580995
1.69847093783801,1.57674577902412,1.16244932209096,2.52099191570602,0.10270602809279,0.0195640515985332,-0.0127328027126162,0.0991860662345352
1.87943332708467,1.57682603535409,1.17582080078884,2.61001809706037,0.0437475110080223,-0.00624866664391793,-0.0303760323101487,0.0952748479982666
1.95029115107595,1.57535075911606,1.26418657272752,2.74459311444854,0.125410900266493,0.0416898276797148,-0.0370451283278081,0.092885189708458
1.91979414653023,1.57472652403654,1.27169246321002,2.83359071982827,0.0417015119446682,-0.0049739832671328,-0.0341956214621748,0.0939715886468652
1.9617978059112,1.5749979415767,1.331039356492,2.96478683021465,0.0974583434239189,0.0387433258524357,-0.0381114501419305,0.09245278453394
2.05477075364993,1.57462554665067,1.32035241901393,3.0173519004278,0.0358431440778166,-0.0359501912416028,-0.0465300815558871,0.0885152614547486
2.3666379619744,1.57378424440869,1.23118491784071,3.11684138947659,-0.0177222275404589,0.0295211185122556,-0.0714452736327678,0.0699683705365427
2.15333201461079,1.57082049847364,1.21924339732535,3.19311199471186,0.043072797569798,-0.0072364292326498,-0.0550143180851514,0.0835070344679165
2.23581294548892,1.57287829200466,1.21375912059446,3.35430871768105,0.0562229442863242,0.0825060699389017,-0.0617072210172152,0.0786906530302841
2.22866684250968,1.57210038761593,1.27999250242599,3.42268867549344,0.127376700536669,-0.0107496483898407,-0.061143318705147,0.0791296062022352
2.28938798690682,1.57216768796953,1.29066151797542,3.50324737123539,0.0765015375900702,0.00528533364240527,-0.0658325220406371,0.0752733620995438
2.23405178261024,1.57158786246585,1.35052672923896,3.56418303718681,0.121433749596925,-0.0178635414525323,-0.0615685383333867,0.0787992074039472
2.162987887429,1.57211859953978,1.36629906994994,3.60234036538173,0.0715904149363218,-0.0448146103733344,-0.0558180742253418,0.0829719385682547
2.21620007943514,1.57279557615249,1.36950880386163,3.61024653598302,0.0633618367260373,-0.0719795260346678,-0.0601521028143459,0.0798856966359583
2.05725871455932,1.57229029240356,1.4369663262041,3.60220770989779,0.1142076821722,-0.0964380486830254,-0.0467501598297242,0.0883992225977991
2.43210215741857,1.57377580594793,1.47891426218577,3.6804144297619,0.11781732491617,0.0130619900488366,-0.075869388934505,0.0651447298152722
2.25584272150072,1.57020929018154,1.45264078135634,3.72160076128329,0.0369974131485074,-0.0362526378366337,-0.0632708939779345,0.077438969358024
2.06015534979049,1.57191109603737,1.50647189912102,3.73341459618137,0.10083714141054,-0.0764495988726793,-0.0470060236458602,0.0882634337707572
2.00946794609991,1.57374880799775,1.48985135984704,3.81229141109467,0.0258531842231169,-0.0116548525423071,-0.0424737234970962,0.0905316674556048
2.04219837247849,1.57421437347956,1.46576382977708,3.83741875498532,0.0213260558613566,-0.0639659005943158,-0.045413585931315,0.0890932444849724
1.99609077521765,1.57392067968869,1.46032068994096,3.89114727549718,0.035815761942227,-0.0373632081139932,-0.0412589017783452,0.0910917286258465
2.13639693922072,1.57433994179688,1.37203553892298,3.91585374080828,-0.0346928520362737,-0.0597202217603096,-0.0535922989817123,0.0844266870714157
1.91043861000908,1.5730605035216,1.36261273066637,3.98087184327499,0.0238921749076417,-0.0292692874471345,-0.0333149831642517,0.094287389913846
1.97929835797222,1.57510450325643,1.35049097074357,4.01936328392617,0.0276017463649216,-0.0532802491458875,-0.0397235062877242,0.0917716897970672
1.99960338148427,1.57450370733022,1.33812064313527,4.04542661477257,0.0292082883546554,-0.0648829098378927,-0.0415786159629563,0.0909462406842911
2.06152148894221,1.57432441587788,1.31318149563667,4.06728775070221,0.0221874123777814,-0.0663379987272184,-0.0471265598763781,0.0881991346568556
1.75857190376656,1.57376605148204,1.319451895104,4.13212069902224,0.0249378031374583,-0.0334092424139697,-0.0186674036701228,0.0982421907340053
1.64842308583055,1.57636468289918,1.26390298245612,4.21320415959566,-0.0477940305982316,-0.0186153950087673,-0.00775488204965384,0.0996988555821779
1.54573906333065,1.57719966566309,1.26221883441291,4.30226606822891,-0.0041896121876146,-0.0109066996866612,0.00250546414440441,0.0999686083199176
1.61607243324922,1.57790218556274,1.27561590997606,4.44604582232446,0.0179231394894654,0.0438822328783761,-0.0045260639263158,0.0998975212171699
1.65871342226365,1.57742775555538,1.3176032704106,4.52087607534425,0.0507677485614364,-0.0247835250650768,-0.00878038812689515,0.0996137780848668
1.76795261903598,1.57712172995525,1.37422518148748,4.62241799854602,0.0762100619101953,0.0034791660157153,-0.0195881508333196,0.0980627571860547
1.69443152883607,1.57629280512262,1.37925282876621,4.76734254957628,0.0173596941127827,0.0456878611374468,-0.0123320468340486,0.0992366898928155
1.81470310788267,1.57685588226696,1.38530205323757,4.88513252985183,0.030198785229949,0.0207497890392996,-0.0241495607585841,0.0970401912362474
1.91995253327639,1.57592323720345,1.41057626749765,4.95432610881298,0.0594847191474241,-0.0247725923738206,-0.0342105048873476,0.0939661713349691
1.81058931306673,1.57504525255192,1.49333089372961,5.09697007768225,0.106504780335933,0.0455052526947399,-0.0237501541039752,0.0971387161745379
2.03952080117568,1.57595044513809,1.49204505363146,5.20917033509424,0.0438890298097911,0.0229857343297007,-0.0451748699079409,0.0892145230822909
2.30852020021427,1.57399519016529,1.49079958131042,5.28599698009197,0.0660150595295046,0.00282650408447505,-0.0672605318505469,0.0740001409132548
2.46707166590083,1.57149474021364,1.45122226390389,5.31309861637878,0.0385233020995925,-0.0353506913940873,-0.078100619506115,0.0624523276808884
2.65429746805195,1.56998807059848,1.34439966660175,5.35631000151159,-0.0184623387835883,-0.00361237715231422,-0.0883602585185536,0.0468237622851302
2.8908456827053,1.56824118479488,1.25390507917674,5.34830672405777,0.00637814736136111,-0.0328160414072591,-0.096872734786372,0.0248127639534422
3.08327175536156,1.5661591043761,1.22862950604137,5.30967100791767,0.0745544087049286,-0.0444645003842152,-0.0998299818403048,0.00582878424411244
3.17529722280898,1.56464476922201,1.19125269931332,5.28218090553507,0.0625663987494871,-0.0241202835631461,-0.0999432054775315,-0.00336981881945139
3.42502655956678,1.56399652468348,1.08967917400272,5.28236724858593,-0.00556344584816415,0.0281517617249469,-0.0960100794624338,-0.0279654186740903
3.48009702052004,1.56254505104884,0.961371011275945,5.26008494442455,-0.0339829242034431,0.0109253663006609,-0.0943252385233358,-0.0332076704620455
3.51913072456747,1.5622860286164,0.888533864412938,5.25284760822953,0.0201203531531946,0.0296259679262669,-0.0929575000162014,-0.0368633041212793
3.72567649172966,1.56211856966879,0.803133530868773,5.19073815704203,-0.00197856955012599,-0.0069659176398319,-0.0834217639940387,-0.0551435335476692
3.79003117544619,1.56146189512897,0.691784432329287,5.15502708996282,-0.0316463172395585,0.0246831930210309,-0.0797027812999273,-0.0603942601002443
3.67052897307248,1.56133155801434,0.624707315871895,5.16805572224437,0.0192573143708406,0.0634901627137996,-0.0863344308282334,-0.0504615304322509
3.79310563858409,1.56158785923825,0.544368218614804,5.12440266187463,-0.000822372279007944,0.0169859571747469,-0.079516724978083,-0.0606390175444813
3.6771298743848,1.5613167757301,0.397317265477411,5.11873976381728,-0.0610514923433945,0.0453674139458264,-0.085999460793998,-0.0510303120031771
3.69634376001509,1.56155648171421,0.218387781715442,5.10105502047544,-0.0939263270874382,0.0349884315706765,-0.0850031566745311,-0.0526731749125219
3.6145318981542,1.56149751720199,0.0726892972980676,5.06886360876619,-0.0566751548811504,0.0133590745481479,-0.0890233295362238,-0.0455504862573925
3.43007330566222,1.56172587263981,-0.0561653457246137,5.05167297228254,-0.0329869199974224,0.0112589624933483,-0.0958677230252589,-0.0284495989770022
3.50654804699195,1.5624763456565,-0.17585749548391,5.02224387917008,-0.0262781815064002,0.00626166949143014,-0.0934139682528961,-0.0356907626038855
3.72762493889152,1.56212082008209,-0.294411914222452,4.98469773966407,-0.0352402572910306,0.0177598321634027,-0.0833141614475117,-0.0553059716694134
3.67306684610574,1.56139045054735,-0.45292325292044,5.00056578352128,-0.0723052507208135,0.0665485173718804,-0.086206087977174,-0.0506804735146756
3.80008954126869,1.56152228277977,-0.567337415252499,4.98291312817181,-0.0353228701108756,0.0435402159247525,-0.0790912922211833,-0.0611928712742211
3.92163594491938,1.56123748607087,-0.585236758525657,4.90293774145394,0.0531889658713398,-0.00964436722450512,-0.0710883091444984,-0.070331019493366
4.01833973934948,1.56110827190245,-0.650161359599008,4.81821758474226,-0.000959109447058459,-0.0078539360357065,-0.0639654916262918,-0.0768662206759692
3.84982539341593,1.56110335598492,-0.725779752233416,4.72774803531932,0.000332872464947176,-0.025420296315721,-0.075951265099355,-0.0650492531072225
3.85055725105041,1.56114200055748,-0.905788642380162,4.63323360015469,-0.104105252175986,-0.0294096139698552,-0.0759036379707608,-0.0651048211947754
3.95883032142267,1.56112390055133,-0.903833748450227,4.51296553067783,0.0703787208827129,-0.0473422173725699,-0.0684238269527781,-0.0729258521042866
4.07724043946808,1.56105196708779,-0.967148721806996,4.42943122652855,-0.00398526396686316,-0.00303594650324612,-0.0593297093899054,-0.0804983576460376
3.97424598324177,1.56110414000291,-1.02174742074294,4.37574572749684,0.0126928422206509,0.0202864448982077,-0.0672915411565906,-0.0739719439299176
3.84352298936871,1.56103510969782,-1.08514189154004,4.33540374457129,0.0129652498659105,0.0242273059064299,-0.0763597206630101,-0.0645692888319754
4.0285710980441,1.5610990204967,-1.14743297207772,4.26029099719061,0.000884630987216806,0.0024038925963088,-0.0631757115248979,-0.0775166399769939
3.9417124942361,1.56103851768112,-1.17835307962984,4.23505420558892,0.0387419660405577,0.0465071663513525,-0.0696620735926832,-0.0717439579530401
3.6800380059174,1.56101712987247,-1.22901239217697,4.21013102472704,0.0351913819382861,0.0263570127451266,-0.0858506944854118,-0.0512801936070105
3.86967177644352,1.56140325409515,-1.29786035247605,4.15952603580236,0.00579743984474046,0.01593871278606,-0.0746454001438257,-0.0665437017107416
4.07791353904465,1.56104579477123,-1.38961063153294,4.16636926984538,-0.0324747665133822,0.0873815082528995,-0.0592755125435019,-0.0805382742098758
3.92952694092256,1.56105786427859,-1.48925548779969,4.1370450445274,-0.0291137364018712,0.0415655562489441,-0.0705311198648825,-0.0708897815669196
3.83521244950691,1.56099396472152,-1.53650382030923,4.14494053377522,0.0296453507457399,0.0718279651535469,-0.0768936832552765,-0.0639324759057336
3.77442469230857,1.56106923482939,-1.62715159235181,4.09835448981964,-0.0100121931016082,0.0125570317917471,-0.0806355789409775,-0.0591430757473213
3.89622730991232,1.5611567728058,-1.63909945850219,4.03027631734009,0.0609043198952319,0.000424082872923781,-0.0728521860456071,-0.0685022553524791
3.93244782666032,1.56099425031379,-1.66768021786215,4.01390512214096,0.0417429989769129,0.0547242970164584,-0.0703237583368741,-0.0710954922155893
4.16098091882733,1.56097273153304,-1.70828398121132,3.95002009653264,0.0117849483899009,0.0212937445302597,-0.0523887117390694,-0.0851787701385779
4.16724056143718,1.56114555100078,-1.69060719600624,3.89458199357298,0.0695312853937438,0.0300669308698468,-0.0518545001886629,-0.0855050338295001
4.06795147873871,1.56115590516265,-1.67631990168968,3.83806754943928,0.0743621794288791,0.0234293372300826,-0.0600748851123231,-0.0799437813637883
4.20559645901574,1.56100571501264,-1.73312725962013,3.75927555908271,-0.00826981481422351,0.00863859301241221,-0.0485375431162232,-0.0874305833689835
4.10443981983287,1.56122779777132,-1.78347442644543,3.67521073767192,0.00677136218138052,-0.00198270615957671,-0.0571185290066842,-0.0820821152512079
4.13119855176487,1.56103094708492,-1.78441319186231,3.56969926942805,0.0539631643157863,-0.0219305008432246,-0.0549019297326685,-0.0835809674006537
3.99065444111398,1.5610647579653,-1.85178695454016,3.52590624647211,-0.00130499108205839,0.0312730640595986,-0.0660687715957872,-0.0750660870155339
4.04130562207931,1.56092349496286,-1.87184307917048,3.42351664927345,0.0421273535864097,-0.024074751627284,-0.062183478216733,-0.07831484557138
4.27478770112846,1.56094098669591,-1.92686725378839,3.33528093380443,-0.0126473751012108,0.00234136144739466,-0.0423767995166993,-0.0905770769164112
4.38941934028188,1.56137608900576,-1.94075458528535,3.25014950388208,0.0178510742025,0.00969827852208449,-0.0317384056994628,-0.0948297084444337
4.6037066297342,1.5617797570743,-1.90789901650832,3.14538688040019,0.043702420808212,-0.00535263504504377,-0.0108468520311724,-0.099409988436846
4.57511898189041,1.56285759514484,-1.86698592914432,3.01549636393271,0.0545970180480739,-0.0308311906014441,-0.0136839306840792,-0.099059325866035
4.54997014618182,1.56269273420222,-1.85300090204548,2.9686199558023,0.0301555948327148,0.0518074950107015,-0.0161705677338758,-0.0986839031411108
4.5879676653343,1.56255197278104,-1.76840094122987,2.87293334766159,0.0970100150841056,0.00354035670782103,-0.0124100542684901,-0.0992269648485387
4.46673735685232,1.56277363215791,-1.71299402144445,2.81341741882655,0.079725763541227,0.0374819775257789,-0.0243188437558111,-0.0969979063608099
4.33815668488514,1.56213084619323,-1.65868453999232,2.70138984016897,0.0908652880853422,-0.0189487249828867,-0.0365558066332118,-0.0930788536746947
4.27789876188967,1.56158393592427,-1.66150815343569,2.62764774885995,0.03927119066205,0.0169663838591011,-0.0420948041054218,-0.090708475168124
4.07624441642924,1.56137499845551,-1.70780110298805,2.64424112125562,0.0131169086137257,0.0970325963643644,-0.0594098581660831,-0.0804392239686951
4.09197537131269,1.56093644756591,-1.75237980653604,2.57399882948473,0.0135584702861378,0.011121514793081,-0.058137173834133,-0.0813638065639742
4.42680445088625,1.56094838131251,-1.73317925359381,2.47353337098795,0.0473723883197978,-0.0045157441071098,-0.0281718353775653,-0.0959497143896706
4.22387932079022,1.56193188125624,-1.74433913590949,2.40449599270186,0.0357711566533938,0.0192659488385632,-0.0469310389690727,-0.0883033271246524
4.0480560170266,1.56120124988983,-1.76528552974532,2.3251080628131,0.040707015480244,-0.000655108780245273,-0.0616534093160706,-0.0787328211085127
4.08350909745515,1.56088207225054,-1.85413319824988,2.24318610577764,-0.0300237381908337,-0.00105326579808337,-0.0588239303137261,-0.080868691237375
4.25361653417814,1.56090884425774,-1.95689429874274,2.13367570700598,-0.0584763184819437,-0.0198507195270533,-0.0442847820109235,-0.0896596792446024
4.50050156369922,1.56125209488115,-1.98249828573129,2.1085093269167,-0.00457343905705621,0.0725971921332066,-0.0210305479314877,-0.0977635722224868
4.49382433815765,1.5622541452173,-1.97203118227262,2.04500649322651,0.0321499671355046,0.0341181344609784,-0.021682863676838,-0.0976209681511696
4.26199511764564,1.56221906498603,-2.06627338179874,1.93580711398333,-0.0507101842334627,-0.0191718076633552,-0.0435320152926529,-0.0900275715798235
4.30276946844356,1.56125781400826,-2.04943985309447,1.84770716293917,0.0566595632660363,0.0036272912074457,-0.0398260345617648,-0.0917272422516077
4.23507831020615,1.56138642188865,-2.04039355015769,1.79179176478132,0.0549855115980611,0.0329079608620337,-0.0459392086612839,-0.0888233590198829
4.35479517716808,1.56117487519359,-2.05547812681942,1.74568298485157,0.0199175497108977,0.0475653955371018,-0.0350021263726242,-0.0936741754668534
4.1704173979453,1.56157212405042,-2.09682909165936,1.68595559396195,0.0102316386274106,0.0259419444616597,-0.0515826034673578,-0.0856693353512757
3.95550003806206,1.56100491254698,-2.23061514127932,1.68411921216108,-0.0651197388009876,0.0708611955900704,-0.0686663108189709,-0.0726975773909453
3.85334146696831,1.56076124182342,-2.29219961783685,1.56251934719674,0.014137601570984,-0.0562839642670507,-0.0757220781285177,-0.0653159006972932
3.824691476488,1.56079931531711,-2.34230430270249,1.47290167159193,0.027457362159498,-0.0264977194794128,-0.0775620470251284,-0.0631199561253948
3.5424214797342,1.56082214936348,-2.41148001681327,1.44669572578362,0.0228980776466052,0.0128122149814612,-0.0920737917573937,-0.039018160789767
3.51454004933094,1.56157364169242,-2.47775254435287,1.40195809291547,0.0268532198342228,-0.00830145337485183,-0.0931257473738161,-0.0364361794933029
3.39229005263108,1.5616831897405,-2.53895441238011,1.34585802647573,0.035672096654543,-0.0312921046768019,-0.0968739646817897,-0.0248079617629375
3.11892148846299,1.56226772419178,-2.56214860822586,1.37870386342288,0.0767801061685676,0.0305789146388927,-0.0999743020143092,0.00226692230826105
3.04488588526021,1.56403922593915,-2.6627867444936,1.42091613929526,-0.00110538190159737,0.0325566656748234,-0.0995327543661522,0.00965561019755902
3.03316101693362,1.56461686979352,-2.73349077574713,1.40932591284115,0.0287086735165607,-0.0224121546693649,-0.099412704770084,0.0108219282152543
2.69879438179101,1.56471076580464,-2.76441760648731,1.49184918371682,0.0594287920733025,0.0396763173551731,-0.0903556228134869,0.0428469535204884
2.66917205638884,1.56769794994939,-2.81053084126794,1.52772539518857,0.0429337074207172,-0.00962809694612549,-0.0890469422013474,0.0455043084178838
2.50115882744087,1.56798912676569,-2.82557878694638,1.63084940655933,0.0651357146630334,0.0433696758439976,-0.0801836603414672,0.0597543355267567
2.39629572349243,1.5696577450656,-2.88736152858343,1.7246932760632,0.0117059143372673,0.026024864475131,-0.0734886559743186,0.0678190050287399
2.31931797961058,1.57072346155791,-2.92624124341105,1.75800614959474,0.0291759177097841,-0.039956703237634,-0.0680556325374084,0.0732695767691696
2.05371859239871,1.57150382833853,-2.97478993020154,1.88926136348054,-0.00211176330107055,0.042691044286373,-0.0464369234894217,0.0885641695994356
2.22263816186801,1.57412764426825,-3.00901168513973,1.96007269083162,0.0264434084082765,-0.00868545218210715,-0.0606651633464626,0.0794967795331799
2.12556732426793,1.5724892151481,-3.06536338122721,1.99523914603127,-0.00367683038353306,-0.0498356537334227,-0.0526748657039491,0.0850021089330784
2.26776454998485,1.57344988707619,-3.14161796204933,2.06718056716678,-0.0120649908954054,-0.00473775820960559,-0.0641895899267131,0.0766791793451157
2.28707140576845,1.57205701632135,-3.21097937059633,2.08204383868561,-0.00370343984787791,-0.0605623948441847,-0.0656579686991213,0.0754256663630173
2.47050749964888,1.5718704493339,-3.31846614167205,2.1088436408515,-0.0291720371633337,-0.0353838166756655,-0.0783147339123903,0.0621836188415527
2.47259356222626,1.57003485593828,-3.39048144780692,2.23512888406566,0.00642897620426641,0.0642651289906335,-0.0784442823391285,0.062020114223525
2.48579943857977,1.57002826665701,-3.48354831191171,2.28533511504859,-0.0138104156639871,-0.0107725799315958,-0.0792564484408107,0.0609788109145227
2.38639241667663,1.5699058088817,-3.53857383959692,2.32091376779569,0.0177879031643986,-0.0329647954292927,-0.0728134308496011,0.0685434481763965
2.43068266555496,1.57091293171445,-3.67765134003309,2.31629745908563,-0.0633006603213122,-0.0698686688375499,-0.0757768401148585,0.0652523601274864
2.35159398028906,1.57047640338308,-3.78012767092426,2.41175679957362,-0.0320917050834906,0.0244241066254041,-0.070384625807678,0.0710352338625921
2.38723245420935,1.57128824472555,-3.91040038077784,2.5280162903827,-0.0574017256325421,0.0477772328245737,-0.0728709842210462,0.0684822579845031
2.41365522472254,1.57094668952836,-3.97429267009386,2.56355443843093,0.0107625389208152,-0.0309949761902214,-0.0746548282368291,0.0665331242384539
2.42282113997843,1.57068736688571,-4.0176345849562,2.68851354292056,0.0319196058103524,0.0591130453362298,-0.0752615206726971,0.065846059153401
2.4357080203095,1.57060683547222,-4.0456963763553,2.87944637160697,0.0480420067544038,0.126062096405887,-0.0761037981535011,0.0648707322805221
2.62966382118281,1.57049245116158,-4.10813334636763,3.05359522216169,0.0247431572535799,0.125162878992442,-0.0871801272659062,0.0489859715622789
2.60361577412285,1.56857602643957,-4.17504833323201,3.15372440529877,0.0189597215784509,0.0488892138761853,-0.0858747084428382,0.0512399692608957
2.80101317659938,1.56884456009341,-4.26584588150824,3.17795687035193,0.00345857763948931,-0.00917086902235864,-0.0942561259157188,0.0334033340755106
2.63664259906669,1.56695336182016,-4.34890578893556,3.14411805821265,0.00445995630547635,-0.0822151850106791,-0.0875198637327942,0.0483763728714042
2.7678766445984,1.568529078095,-4.44267666763778,3.18490845603551,-0.000673164163770501,0.00428265141586487,-0.09309771453845,0.0365077464069924
2.93452366966743,1.56727253130989,-4.59127856680004,3.19513764144304,-0.0507381279513313,-0.0103300530116005,-0.0978637712109306,0.0205592384191302
2.8733364019892,1.56576140136714,-4.7161702969152,3.1367613923528,-0.0284682757754302,-0.0848812948965414,-0.0964234543397278,0.026505045806307
2.6829085350164,1.56630429955901,-4.80263412498331,3.19932480103964,0.00319976239672037,0.0182865462759091,-0.089663590464825,0.0442768624109268
2.58609448614886,1.56810725709342,-4.89645948915823,3.22113467485203,-0.00886158129241554,-0.0309267889403347,-0.0849637828825074,0.0527366627527202
2.51545915952885,1.56906841475198,-4.9896242842548,3.29759798860639,-0.012134855656865,0.0178617018789434,-0.0810299394397063,0.0586016118754213
2.44083790875914,1.56978742490239,-5.05257831818644,3.36938469708175,0.0134815410202789,0.00730723203695555,-0.0764355749519144,0.0644794764384008
2.22357838866609,1.57054938848157,-5.18154643514825,3.53372516500237,-0.0682282354386921,0.0849007625299559,-0.0607398815231259,0.0794397053906712
2.40626004729681,1.57275193017347,-5.23605221697666,3.63088245121699,0.0196549852581134,0.0300739006028383,-0.0741607670865244,0.0670833856117763
2.45348997749843,1.57093025845129,-5.29987054615127,3.73008799454917,0.0134269051561118,0.0356982699440609,-0.0772452343307131,0.0635072733881185
2.59898834455085,1.57046522390967,-5.42379559510853,3.83142171717765,-0.0382883684376569,0.049696924222866,-0.0856366805196088,0.0516367984056182
2.49258366705559,1.569022363179,-5.50139983729186,3.98742719660607,0.00206407335750569,0.0955657615362391,-0.0796683155408313,0.060439717892182
2.5164640593765,1.57010432408744,-5.56411811709346,4.08708280674954,0.0183705074660665,0.0411354548167866,-0.0810887872676674,0.0585201553266819
2.6515379349279,1.56987601030424,-5.660649472949,4.12479253654123,-0.00830064532850106,-0.0093576869623021,-0.088230710527037,0.0470674167539946
2.80377759972072,1.56854130972018,-5.74150771026352,4.21191641712896,0.0134898692785432,0.053981237628799,-0.0943481065930685,0.0331426429589281
3.00110490660727,1.56708832415267,-5.74979075606433,4.29401491483022,0.0907317358689417,0.0680958904121728,-0.0990147816697473,0.0140026072890831
3.16657384742127,1.5653300858197,-5.785405828676,4.27739294393156,0.064353726008739,-0.014124111336812,-0.0999687986204162,-0.00249785956183937
3.34206089309185,1.56400884780397,-5.7528213073076,4.25479376365379,0.13058186592612,-0.00268635878920331,-0.0979973445577186,-0.0199128214885734
3.58533073540298,1.56280945879123,-5.79007694003094,4.14966491360013,0.053059682197099,-0.0621969983486187,-0.0903153149204327,-0.0429318517050344
3.62494395422887,1.56155142089317,-5.85940818665401,4.05909149057725,0.019212991758816,-0.0440985066768472,-0.0885442383818901,-0.0464749163460358
3.62656437456147,1.56138731537559,-5.99662461704185,3.98420852786558,-0.0487476171204255,-0.0282646285602394,-0.0884688132674187,-0.0466183341514322
3.72131122483235,1.56136943858238,-6.16076451173539,3.93329607231982,-0.0804782100451469,0.00386639549908174,-0.0836616846483915,-0.054778851044843
3.7241181289803,1.5610520135957,-6.31200391253021,3.94715339014269,-0.0677318045016371,0.0688707830957982,-0.0835075962931805,-0.0550134652729238
3.610694193955,1.56103896283066,-6.40796644452165,3.92671791327987,-0.00676504915774245,0.0247730295948343,-0.0891974828336966,-0.0452085064576612
3.79003329412837,1.56140995384919,-6.47750430648137,3.84616209887143,0.0101647913837839,-0.0201613854434621,-0.0797026533435056,-0.0603944289649713
3.70150801230239,1.56086044136108,-6.60846091918398,3.79673170635392,-0.0462266058764014,0.00368105580797495,-0.0847300068262075,-0.0531114483254865
3.82974033285861,1.56107760030466,-6.69297823137458,3.77061418788242,-0.00727493596720041,0.037393231133295,-0.077242376223398,-0.0635107496047956
3.77564560728435,1.56076556145478,-6.78254643318493,3.74650720150322,-0.00900489161736484,0.0351344944492592,-0.0805633101929883,-0.0592414808284563
4.15878667603841,1.56086829013267,-6.84249786982734,3.72019733266932,-0.00737594826912957,0.0587537427888751,-0.0525754883732824,-0.0850636116227782
4.11939527245196,1.56072321803901,-6.86028956872358,3.62289613457937,0.0380929130805523,-0.0143740605280879,-0.055884611976791,-0.0829271375618591
3.88338181491388,1.56066059027324,-6.92002356027429,3.54691052652784,0.0139921052058449,-0.00842480094383657,-0.0737260967565557,-0.0675608071076936
4.21509390844056,1.56065371807763,-6.96595834539807,3.45809889067109,0.00177021386781284,-0.0009240197142526,-0.0477049989915944,-0.0878876161425032
4.29912702976012,1.56080132326157,-6.97631104664171,3.38380560580879,0.0298071792419652,0.0172882853327073,-0.0401598804856051,-0.0915815701950011
4.04039041346888,1.56101267719867,-6.95957838708469,3.33568160416471,0.0789877861420978,0.0301339002820298,-0.0622551265850688,-0.0782579019261126
3.83110552030437,1.56056939882523,-6.97646991288712,3.21875601201636,0.0602640743901501,-0.0533094514376601,-0.0771556001925826,-0.0636161407106903
3.94211319383224,1.56069860099233,-6.97081094735039,3.19856041361263,0.0752922857627265,0.0515762673537075,-0.0696333202259984,-0.0717718657574371
3.9176916017142,1.56056762516653,-6.95023155339016,3.14884017997539,0.091944559074598,0.0203298427952597,-0.0713651651143643,-0.0700500764325031
4.11682455003236,1.56058238513415,-6.96054904326311,3.05328536737277,0.0457801198609484,-0.0127716127240061,-0.0560976097339011,-0.0827831998786162
3.92811197229075,1.56060946805307,-6.9519571465286,2.89767281778298,0.0792232527767132,-0.0848226382772318,-0.0706313560422009,-0.0707899113125581
3.97251419814229,1.56055284819745,-6.91794088622271,2.78344834378181,0.101435804002405,-0.0403691754251411,-0.0674195436965161,-0.0738552985760233
3.9820202625165,1.56052382993782,-6.94868601030458,2.7286934281678,0.0359693107964363,0.0197379308805904,-0.0667144348783118,-0.0744928464945963
4.17246274739187,1.5605153315842,-6.9873105086629,2.68583936760327,0.0127827736068644,0.0429205999658202,-0.0514072719651861,-0.0857746605303535
4.03953082621484,1.56066523348866,-7.02393441666365,2.60649652919599,0.0256984650712093,-0.0011384790998864,-0.0623223730719561,-0.0782043593073936
3.94227265638152,1.56050835985361,-7.07542134627698,2.49258864936536,0.0181349448027053,-0.042124911079005,-0.0696218744160377,-0.0717829687516299
4.12730685056282,1.56050173099121,-7.14733995736522,2.41753113879634,-0.0166918257789526,0.00830916253481984,-0.0552267853092878,-0.0833666731038359
4.06184411175082,1.56056306273094,-7.23813603360094,2.38348706154357,-0.0302340685385198,0.0455313160776083,-0.060562007697192,-0.0795753933303836
3.96192206802526,1.56048776209352,-7.23540499605298,2.30188928079526,0.0709290695765592,-0.00846072839160494,-0.0681980320285998,-0.0731370523566959
3.89894405765651,1.56046615462622,-7.24543192687349,2.20229513772684,0.0626388832557598,-0.0308942197450824,-0.0726658140762696,-0.0686999233233417
3.72604063091275,1.56049999098627,-7.28956505210824,2.13219698929064,0.0392685533077142,-0.0149242414121531,-0.0834016785424714,-0.0551739070240477
3.79920220176571,1.56081746054814,-7.26040856503434,2.13122487506423,0.10830204700284,0.0601505521383391,-0.0791455599289316,-0.0611226663647448
3.72649255289484,1.56064375124406,-7.38807489482202,2.09002231653385,-0.044289594062497,0.0140090339100788,-0.0833767357251909,-0.055211592440462
3.54158684901742,1.56080756762457,-7.53527980782648,2.09748381046217,-0.0550985875650287,0.0464027935220113,-0.0921063254394319,-0.0389412995936892
3.58148817604442,1.56148285832463,-7.62644567677248,2.06800211155226,-0.000686253006825233,0.0131027947409416,-0.0904796159391735,-0.0425844936508545
3.44039161239929,1.56130206844677,-7.65689921534136,2.01394022543802,0.0651155346256029,-0.0246246265823344,-0.0955690731944768,-0.029437259531905
3.40252451994845,1.56198119487148,-7.65981675782269,1.99304067323215,0.0936974569043674,0.00489854643919518,-0.0966149993857037,-0.0257980986450644
3.49132336653088,1.56219340393396,-7.70894289057373,1.97487320482008,0.0448203689218394,0.0160970149990046,-0.0939465016728792,-0.0342644834110732
3.66659473344489,1.56170740501238,-7.68523097829315,1.89231828398389,0.110244202197646,-0.0324334403940765,-0.0865322899170645,-0.0501214804421128
3.64996694245795,1.56095919918094,-7.63893401804989,1.79048317662636,0.133650659160939,-0.0531593301639433,-0.0873536989176748,-0.0486757771935921
3.6317947805721,1.56100827029603,-7.64799159555362,1.7108237140567,0.0791661939358841,-0.0325790403862272,-0.0882237714396203,-0.0470804221834261
3.5915944314765,1.56106565866485,-7.67883375813265,1.64149504326579,0.059202470324152,-0.0258319572905701,-0.0900446329031813,-0.0434967135003477
3.57672506313215,1.56121439866441,-7.6486487871104,1.58696907537091,0.120866394581394,-0.0123729203029316,-0.0906814235591359,-0.0421530475919427
3.85111249250401,1.56127169293992,-7.68649800267485,1.47343084702991,0.0380182618123257,-0.0483912723377982,-0.0758674773767793,-0.0651469560032077
3.8073893438713,1.56046783974015,-7.75247844843403,1.41842585257079,0.0126620472840324,0.00676359211972088,-0.0786424930432185,-0.0617685865788375
3.83710269503685,1.56053414464095,-7.83030189715452,1.37840034414487,-0.00105075084164596,0.0240522011180786,-0.0767726978788359,-0.0640777095439981
3.80414755496607,1.56047264934368,-7.91518241772943,1.32299232947987,-0.00603820039805303,0.00610530543016785,-0.0788423201768561,-0.0615133200951641
3.87185055966119,1.56052255270307,-7.97224717342847,1.24575084310109,0.0174354830845838,-0.0105353065962209,-0.0745002387836241,-0.0667061797825583
3.93112539955851,1.56040099520749,-8.05943020691542,1.15600235947766,-0.0167653180633165,-0.0187460515910322,-0.0704177154236353,-0.0710024320324024
3.92240295339982,1.56032917386078,-8.18157625421357,1.12842861090963,-0.0511117035474467,0.0428117755680285,-0.0710343437507016,-0.0703855241360549
4.02445886589898,1.5603249491933,-8.32597755655622,1.02605598804685,-0.0809073594616798,-0.0251164307651407,-0.0634939428809751,-0.0772561920976401
3.85393678187279,1.56028147588938,-8.48286770831535,1.00548777319798,-0.0812069705754492,0.0447927527534905,-0.0756831811836836,-0.0653609676023674
3.80934456994552,1.56037294750995,-8.56978777263359,0.966734597036206,-0.00839849307061069,0.0231690561042313,-0.078521571247622,-0.0619222322660014
3.99154695536324,1.56044201467455,-8.65698861055068,0.889530336103184,-0.0211990901792962,-0.00207923650336983,-0.0660017477378,-0.0751250244296521
4.03521209541174,1.5602420980204,-8.73289630268333,0.794092584867527,-0.0132481577350809,-0.0175032739545476,-0.0626595343975695,-0.0779344772811097
3.81527759106855,1.56023548915607,-8.80078554047666,0.720493763832742,0.0102635676930047,-0.0112118112121063,-0.078152805486336,-0.0623870098226781
3.71111974183149,1.56039373072316,-8.87244930188625,0.722870729273941,0.0125518465254233,0.0563003497947178,-0.0842156079350065,-0.0539233843535184
3.59647479124902,1.56064720163328,-8.92523984223134,0.669203962492985,0.0370407414545371,-0.00973112282032795,-0.0898312817996317,-0.0439356439606289
3.49532244771623,1.56104990717392,-8.99628369251156,0.616261640402387,0.0227648740811857,-0.0183024139832458,-0.0938087243614057,-0.0346399081073522
3.69699326684392,1.5615112083791,-9.06557068513303,0.647290494813633,0.0156819345389803,0.0837572283402889,-0.084968927160457,-0.0527283739290428
3.79246156719162,1.56067421470295,-9.0862246700376,0.649962168000273,0.0589017794344064,0.0632594637095018,-0.0795557643389709,-0.0605877905228613
3.74974851178683,1.56041790311522,-9.13263484253162,0.599056363513322,0.0356601347383876,0.00622968947938607,-0.0820703072324133,-0.0571354939663367
3.84038459193231,1.56051326389303,-9.22239030821894,0.558834144123668,-0.0131934773201223,0.0241071046955641,-0.0765619883671978,-0.0643293240852185
3.90965843974253,1.56030829619703,-9.29357077215278,0.56109058730484,0.000745116093391118,0.0717309776362323,-0.0719255800272247,-0.0694745344550599
3.96286891857234,1.56021171440443,-9.37833544784451,0.55129071339424,-0.0166359240814726,0.0634017189957525,-0.0681287516102603,-0.0732015929063532
4.06783373323018,1.56016822415883,-9.47068515163066,0.53577497027096,-0.0322654060690946,0.0644209641384568,-0.0600842977170526,-0.0799367072617367
4.1617430624214,1.56017483708831,-9.52084279049032,0.468964922680035,0.00216613921635567,0.0184086255262512,-0.0523237780760141,-0.0852186731171756
4.16105910916972,1.56027769658687,-9.51137441943383,0.385757069477843,0.0618504224782139,0.00197501296730995,-0.0523820514217287,-0.0851828661695025
3.93642492728745,1.56027126623509,-9.54756784451044,0.361116768207641,0.0338470239127018,0.0467343126017927,-0.0700404489893067,-0.0713746138719947
3.68262712594541,1.56015408833095,-9.64225110950317,0.275350430516913,-0.00896562868701878,-0.034264038458931,-0.0857176363057129,-0.0515022992317968
3.80529783540191,1.56065677037828,-9.67865058751142,0.172445106684649,0.04237203245565,-0.0413013536742024,-0.0787715104639024,-0.0616039701580614
3.94596019593206,1.56031045004418,-9.72697888835947,0.134370322498104,0.021028398274793,0.0339644293487527,-0.069356699122837,-0.072039213535298
4.16962783457954,1.56011494380523,-9.86806343799302,0.07455459062109,-0.0894343208830231,0.0258128490409133,-0.0516502287505291,-0.0856285809179273
4.33838718470075,1.56023210363477,-9.96309434577646,0.0106375811971439,-0.0584965567797591,0.029170267884715,-0.0365343510036847,-0.0930872773086611
4.21768057767518,1.56066861369895,-10.0574182490034,-0.104698359227747,-0.0468463997681612,-0.0273252213883681,-0.0474775034587351,-0.088010719036523
4.09060975375967,1.5603001449357,-10.0737146181134,-0.195899353232641,0.0419518623216515,-0.0099166564294435,-0.0582482314316941,-0.0812843375754505
4.08282729714035,1.56008557149499,-10.0675728974924,-0.249358122546524,0.0650207735573725,0.0273697969564217,-0.058879052936397,-0.0808285662703042
3.9331040896402,1.56007466273876,-10.0653661753922,-0.338880186045106,0.072483807957342,-0.0183804357168451,-0.0702770858570896,-0.0711416277817373
3.95207660669211,1.56005649923968,-10.0732534416834,-0.419151185546158,0.0610275168284273,-0.00780892205656003,-0.0689147831196503,-0.0724620774444921
4.24292551302456,1.56003665701569,-10.0625382626206,-0.446332342669771,0.0559559655357491,0.0619999576895136,-0.0452407864729161,-0.0891811148131263
4.34333222919674,1.56033794174949,-10.1059043934775,-0.569270536451442,-0.0072925454002899,-0.0296713913688968,-0.0360735854566258,-0.0932668024127745
4.54194797392692,1.56063864661726,-10.1251643862799,-0.606917314998658,-0.00229829461761977,0.0609042275089779,-0.016961698184794,-0.0985510060561938
4.40750817987277,1.56155181735553,-10.1759870282814,-0.685714752267063,-0.0208046945007743,0.0165908367899983,-0.0300179475007717,-0.0953882740584026
4.34228343328342,1.56087933092006,-10.2129512776862,-0.76785665009423,-0.000792865964788447,0.0110870194680663,-0.0361713834399308,-0.0932289172952336
4.29194303011398,1.56061255949809,-10.2969057508951,-0.841111179280614,-0.0431377127329498,0.0180361716776323,-0.0408167604760191,-0.0912907008640162
4.35023401325792,1.56042955493816,-10.3872564308975,-0.875264967742616,-0.054921655938089,0.0593597627156175,-0.0354290240643274,-0.0935135511776198
4.63346364173358,1.5606178289596,-10.3573563892349,-0.9991005829163,0.0377843840389032,-0.0241469139819537,-0.00788434237624793,-0.0996887011917304
4.74498272089706,1.56206285397287,-10.3310326081806,-1.10180690470502,0.0230649840727599,-0.0027594346824551,0.00325879698150994,-0.0999468871062691
4.8291152260295,1.56283446182563,-10.28818916574,-1.25501483652901,0.0311973064412774,-0.0538884094918468,0.0116461359993816,-0.0993195223321373
4.7427074669858,1.56348695270024,-10.182346471285,-1.39502128227138,0.102811310258036,-0.0400524027533558,0.00303138419687269,-0.0999540429890205
4.74004805259923,1.5628314039679,-10.1135916669867,-1.52447671497138,0.0659892497277772,-0.0294936814752564,0.00276555457058235,-0.0999617512247416
4.88641428659974,1.56281823194093,-10.0447043127174,-1.65993329863123,0.0515725294488112,-0.0369670063359619,0.0173148248204431,-0.0984895773238842
4.70795966429614,1.56398980048914,-10.0201622014474,-1.73067408811614,0.0249850414305417,0.029258229574642,-0.000442930160555727,-0.0999990190595531
4.52921633722914,1.56259301375514,-10.0115795980308,-1.84805043992441,0.0267976086288755,-0.0190492772808613,-0.0182150052122353,-0.098327074527407
4.28298663731897,1.56144859760698,-10.0138982328315,-1.94370598916056,0.0393141130319723,-0.00473407593141584,-0.0416327478326398,-0.090921473304736
4.15774947621521,1.56036065324911,-10.0778877010158,-2.09587373947842,-0.011325780143868,-0.0671587157275559,-0.0526636880404817,-0.0850090345903
4.16621717476776,1.56003076461897,-10.1293818431898,-2.19558099671716,0.000447835557114473,-0.0142553353798001,-0.0519419777310456,-0.0854519218589469
4.03796527343798,1.56003450297293,-10.164970338211,-2.22084833943799,0.0268562346778616,0.0528393518245176,-0.0624447296991536,-0.0781066945453439
4.42093970228394,1.55987033648968,-10.2019177433648,-2.27893124444847,-0.00821333653629086,0.0376999394904396,-0.0287340686174652,-0.0957828445009168
4.40613066669748,1.56085723999298,-10.1794303226979,-2.37232141330295,0.0526367382501949,0.00195666459717536,-0.0301493175833379,-0.0953468334516623
4.56931520953954,1.56078816999022,-10.1471600046214,-2.44522643104745,0.0465289328470213,0.0260732218075714,-0.0142586147705115,-0.098978239552066
4.77536790155568,1.56164605024799,-10.09802979906,-2.51822308880778,0.0428364758871025,0.0268050905549497,0.00629372967436296,-0.0998017483152777
4.91506205270914,1.56307860685775,-10.0669901221836,-2.53457756432165,0.0109108362020676,0.0815987264404623,0.0201288406743422,-0.0979532019543361
4.75274305066122,1.56424137020274,-10.0832674466319,-2.59653604340636,-0.0203116363213995,0.0379601094146791,0.00403431187306679,-0.099918588499392
4.54230721655265,1.56290555816658,-10.1008273534489,-2.65098760601712,-0.000633613448169257,0.0441055304510312,-0.0169262933688732,-0.0985570930617926
4.51078231170572,1.56148489012811,-10.0876824385521,-2.70468681100324,0.0331692864938535,0.0442754067362243,-0.0200243715970643,-0.097974611722337
4.62169730509788,1.56130602335726,-10.0716253473547,-2.74561241157586,0.0251138315510371,0.0586634322280228,-0.00905674035357324,-0.0995890328006451
4.74462853117564,1.56197574096647,-10.0495879242095,-2.77292411767158,0.0188140265273971,0.0726363289737364,0.00322339661774019,-0.0999480350694537
4.62374444788053,1.56284631324526,-10.0135980812692,-2.90899591059282,0.0448426914891487,-0.0364644283713662,-0.00885284854878392,-0.099607364549878
4.63128636291504,1.56199207146227,-10.036305262115,-2.9830942669729,-0.0146058072314874,0.0255729421243669,-0.00810137361428671,-0.0996712985044428
4.55434671246613,1.56203752208019,-10.0917452957744,-3.09431017567609,-0.0397015160580416,-0.0124621793371025,-0.0157385176013972,-0.0987537293660878
4.53736444128944,1.56154220577248,-10.1343686784104,-3.14240460504886,-0.0252101524520771,0.0503777972424588,-0.0174132301839501,-0.0984722266152278
4.35416932917633,1.56143557781817,-10.1829471006375,-3.2071582719875,-0.0135176769186387,0.028898584173723,-0.0350607453084758,-0.0936522511123689
4.17364405243806,1.56052404939988,-10.2727265112351,-3.30309845725701,-0.0384735005170738,-0.0101048569319735,-0.0513059100804858,-0.0858353283375389
4.26954056611328,1.55995399185868,-10.3433373810823,-3.37949881581739,-0.027759385726247,0.0139531156873249,-0.0428514841209662,-0.0903534742477044
4.38309801495184,1.56019359641183,-10.3747531247794,-3.44931180869419,0.000921473330390832,0.0248141934647657,-0.0323372170274443,-0.0946271863415581
4.43195547274907,1.56061079429598,-10.3677532691515,-3.57489972593071,0.0346770803733225,-0.0294943626639508,-0.027677224745422,-0.0960935545725695
4.45025411879932,1.56082934715128,-10.3699361363093,-3.65236941541899,0.0237314401748536,0.0191142050048894,-0.0259143073326502,-0.096583894493176
4.09607469941341,1.56091583044096,-10.4290233695116,-3.70251701882254,-0.00128408385480139,0.0314538422056239,-0.0578031493475364,-0.0816014456091704
4.1139690703638,1.55977633066702,-10.5114863794963,-3.72545783691038,-0.0261292435310825,0.0596818589272936,-0.0563337664536304,-0.0826226770151381
4.24490526115697,1.5597915592658,-10.54157227069,-3.74717951120719,0.0149782505906604,0.0675488310520451,-0.0450641417843499,-0.0892705053488553
4.28763278183303,1.56007441369543,-10.6053546210819,-3.74747300730451,-0.0225724846989959,0.0908204269307966,-0.0412098656929037,-0.0911139230281127
4.36717232983531,1.56020145341798,-10.6464175510411,-3.80315298383965,-0.00722287457690385,0.0384202394673958,-0.0338400553822962,-0.0941002160025317
4.37195153046061,1.56049400685526,-10.7134354080186,-3.86601707527909,-0.0336279101599049,0.0313967777031481,-0.033389946817607,-0.0942608691425948
4.44330590300704,1.56050330130963,-10.701972346283,-3.9964765247686,0.0380478238704116,-0.0340579431618837,-0.0265847621348186,-0.096401506327625
4.47168301708475,1.56082741267164,-10.7723408612754,-4.08075703616983,-0.0465296853825468,0.0128364809473396,-0.0238388296098649,-0.0971169923485681
4.30743321469142,1.56096099744637,-10.8395590125434,-4.18982417225267,-0.0278203408551905,-0.0171551535415151,-0.0393978104127961,-0.0919119825413279
4.3600892168182,1.56021772220092,-10.8906322813445,-4.23858274440214,-0.0165675454097176,0.0450995924034301,-0.0345057233913663,-0.0938581645528961
4.41911493664722,1.56041336377175,-10.8957416331599,-4.28677419866581,0.0237994501094434,0.0475387978579747,-0.0289088019248005,-0.0957302521216394
4.50688260705593,1.56067350804021,-10.916134766737,-4.41443852289985,1.3156838346795e-05,-0.0297685464319404,-0.0204062904154648,-0.0978957778021081
4.5501468007541,1.56112271687711,-11.0234446768325,-4.51702388066554,-0.0911567755766045,-0.00389859955966987,-0.0161531345189503,-0.0986867582060162
4.27066635313428,1.56135960982314,-11.0786664752193,-4.56939226393207,-0.0124720601677959,0.0380332753588091,-0.0427497382189365,-0.0904016586253394
4.11476676238935,1.56004222343752,-11.1512916439597,-4.70462058186878,-0.0163573276533864,-0.052560730216995,-0.0562678410870945,-0.0826675877197193
4.25837931320287,1.55965274373467,-11.1581869661987,-4.82665151917487,0.0369619298683208,-0.0321613571490573,-0.0438572521072455,-0.0898695801570337
4.08511846757872,1.55997760737818,-11.1893016605896,-4.91548062599824,0.0275790121442627,-0.00786585087870884,-0.0586937065352019,-0.0809632559446543
4.07130469415612,1.55959087738708,-11.2214004603705,-4.94083984778435,0.0277076793712538,0.054785553785462,-0.0598064791521916,-0.0801447755715772
3.86612311661739,1.55956996152352,-11.2040609379703,-4.98232017514841,0.0922205930056563,0.0247980647784196,-0.0748810706053814,-0.0662783921424764
3.85098508444386,1.55958631747185,-11.2540312371043,-5.05779488466871,0.025905477874276,-0.0103374201739461,-0.0758757770082742,-0.0651372893463541
3.94066713190971,1.55959490851467,-11.2490700743731,-5.10933268530799,0.074698196678276,0.0201332960194476,-0.0697370339470734,-0.071671096658728
3.81574027739059,1.55950874311263,-11.3174969511178,-5.13676834407904,0.00969705476111571,0.0349875046066037,-0.0781239315058252,-0.0624231633776528
3.81420681199868,1.55963879919591,-11.4414779812952,-5.13128862896363,-0.0457614668032766,0.0677830048002535,-0.0782195633741784,-0.0623032896848384
3.93016432454885,1.55963358278528,-11.5080831556679,-5.17498761572015,0.00388074718228371,0.0272357357885298,-0.070485921554988,-0.070934722545056
4.18859459212146,1.55948602409577,-11.5659053116838,-5.23393398838389,-0.00780521641883958,0.0276463854246312,-0.0500169395969974,-0.0865927580883663
4.47428377998976,1.55971361968701,-11.5758006037491,-5.2526063747375,0.0136908789356323,0.0785062766208955,-0.0235861710009654,-0.0971786629745091
4.55150779040216,1.5608293160871,-11.6013559500436,-5.30875279510684,-0.00953653835056922,0.0425622306803772,-0.0160188079439297,-0.0987086510497205
4.45238027703554,1.56127065415165,-11.5934261635651,-5.41806670354253,0.0336386827497002,-0.012675134372071,-0.0257088962711816,-0.0966387740636108
4.23796697872025,1.5607037825902,-11.6468730720233,-5.55724283927212,-0.00776447234821731,-0.0502204443374565,-0.0456824361100364,-0.0889556913921332
4.06859613443731,1.5598127945556,-11.7368051078019,-5.61422968071275,-0.0299086993599005,0.022995650925949,-0.0600233364186798,-0.0799824923665798
3.97844048602508,1.55945991114766,-11.7729041702973,-5.64935086274494,0.030881612088459,0.039132364901922,-0.0669806745838187,-0.0742535469341134
3.88545373303015,1.55940495664907,-11.8021579073942,-5.77318529746009,0.0443322210522519,-0.056121018295209,-0.0735859581492272,-0.0677134164199399
4.02451818677042,1.55943680683346,-11.8695268553289,-5.91109257982017,-0.00387958807005173,-0.0606473238823519,-0.063489359864622,-0.0772599584777298
3.76315263652689,1.55938517296716,-11.8901568678918,-6.04131223368949,0.0606670936160043,-0.0719892449153505,-0.0812971061788433,-0.0582304089539639
3.70879952140784,1.55961095422477,-11.9695024427896,-6.20232978497649,0.00499492037860083,-0.107289710677815,-0.0843404952764279,-0.053727840609193
3.89922430834825,1.5597342028365,-11.9874016092582,-6.34521978365512,0.0547473915532635,-0.0741697134087473,-0.0726465580218843,-0.068720285269875
4.00191797092812,1.55934979488544,-12.0468122230542,-6.42201807297641,0.00580847563584719,-0.000992812120257147,-0.0652190894318793,-0.0758054772010343
4.14772015971942,1.55931088275009,-12.0849774602941,-6.50326434683615,0.0153483703965218,0.00323031341593238,-0.0535136076363352,-0.0844765872756728
4.05965132079251,1.55947096716574,-12.1586911083949,-6.64487627102485,-0.0129772939415611,-0.0621695218871736,-0.0607363541592873,-0.0794424023015268
3.98735554922976,1.55931851150174,-12.1668462358374,-6.78795123848439,0.0581609191067827,-0.0682272422431272,-0.0663160465492915,-0.0748477252164166
3.96016654427388,1.55926100523865,-12.2217000017421,-6.83878366790399,0.0134725548019432,0.0221847870343823,-0.0683263207066783,-0.0730172164539853
4.00537549823695,1.5592501828154,-12.2187905912888,-6.93899125009116,0.0678660110696141,-0.0241770617602992,-0.0649566006162545,-0.0760305204268681
3.83062685812552,1.55924708528324,-12.1861787396406,-7.05692861119203,0.10979789364129,-0.0543581591442488,-0.0771860419930939,-0.0635792019566175
3.93494819329673,1.55934171720517,-12.2362238059393,-7.17361748279902,0.0201007076005926,-0.0454177666339977,-0.0701457738992719,-0.0712711049729988
3.89129212286154,1.55922171498414,-12.341095435026,-7.2288235782981,-0.0316822601646134,0.0129357879264909,-0.073189368922109,-0.068141883425566
4.05670757277016,1.55923514523751,-12.3815411515002,-7.30982618309802,0.020524232602134,-0.00173933897248135,-0.0609699490763202,-0.0792632658274369
4.39558493911157,1.55923350691678,-12.4203621884306,-7.4832684481268,-0.00766791272562894,-0.0784186739985646,-0.0311531242048312,-0.0950235910302192
4.33238398263587,1.56021664642203,-12.4472820144239,-7.62219924937166,0.0101726850708062,-0.0460645230651024,-0.0370925110640934,-0.0928662781797575
4.37494938477515,1.55992130878882,-12.5110077181346,-7.76180853247693,-0.0306184868628332,-0.0452487394835275,-0.0331072168478278,-0.0943605436217432
4.26926158189969,1.56009275697697,-12.5852103115123,-7.87069149206051,-0.0313259037317293,-0.0185414437395228,-0.0428766896459851,-0.0903415158440563
4.17539232138722,1.55964718970296,-12.6451197141462,-8.01101059512969,-0.00875363412300967,-0.0543942094232501,-0.0511557685108463,-0.0859248936459319
4.23141413397447,1.55935144631254,-12.6562603610093,-8.08388843301647,0.0351237171169503,0.0157765958744247,-0.0462643639800628,-0.0886544337612071
4.20695015894857,1.55949945005948,-12.7326358288369,-8.13725761343485,-0.0279563239226697,0.0341270280909871,-0.048419143904935,-0.0874962085093588
4.25942325129336,1.55941458651127,-12.7798632141913,-8.20745950165627,-0.00346397540598353,0.0197134272130801,-0.0437634099484214,-0.0899153154345043
4.04780599523253,1.55956703911652,-12.8406652509998,-8.2867245291767,0.000871055501487916,-0.000547623568594613,-0.0616730923100471,-0.0787174039518353
3.9658791979158,1.55908858064524,-12.9418648459326,-8.35293491049649,-0.0332915089163928,0.00719596618231466,-0.0679080860163255,-0.0734063475021019
3.98368304052342,1.55903194183204,-12.977078523965,-8.38078018281267,0.031376799609081,0.0467584024423264,-0.0665904776415275,-0.0746036747585079
4.04644896452897,1.55902779517095,-12.9792756722104,-8.45735589679758,0.0595827091794874,0.00205792523245663,-0.06177985742484,-0.0786336392173632
3.91221884558411,1.559057177937,-12.9871944660253,-8.43233703191143,0.0638286676424134,0.0946773300890316,-0.071747461457377,-0.0696584652028898
4.23483336294811,1.55903595794925,-12.9372678029617,-8.54958745500234,0.0958876273847968,-0.028438319418771,-0.0459609643211507,-0.0888121036721342
4.00052256619609,1.55944334463088,-12.9141812820629,-8.59052667404867,0.0884113261221318,0.0347751773557521,-0.0653248052233445,-0.0757143964020853
3.9541360946336,1.559018690283,-12.8979543522698,-8.65456813608017,0.0849923320928854,0.00856239080392718,-0.0687654022997841,-0.0726038528354305
3.99980617833861,1.55900583061346,-12.8821539206487,-8.76332599653346,0.0811794609513274,-0.0330902813732077,-0.0653790293302019,-0.0756675790800829
3.9724294799433,1.55900458083293,-12.8906452324507,-8.88099499547811,0.0589344885404559,-0.0438194122959674,-0.0674258003424487,-0.0738495866486756
4.16384368053683,1.55898391049209,-12.9207635484224,-9.00619167834228,0.022026334905588,-0.0398682855694785,-0.0521446508773257,-0.085328397294698
4.068874850799,1.55921296531662,-12.9558017746109,-9.10146947138202,0.0249628154698192,-0.0152785742940655,-0.0600010416583061,-0.0799992187456741
3.88577183676339,1.55902538571663,-13.0020546658198,-9.13187400201531,0.0273115233270209,0.0373322903282969,-0.0735644145359561,-0.0677368209615864
3.8357140438026,1.5589788984047,-13.0090581359644,-9.14344833493676,0.0698581352736847,0.0523967043729618,-0.0768616054182937,-0.0639710372944079
3.87303068546559,1.5590354407298,-13.0305957187794,-9.20536417712704,0.0528838824247178,0.00487821077535333,-0.0744214652397018,-0.0667940529656336
4.00676368963334,1.55898037131033,-13.0538212424801,-9.25396255944316,0.0416254694469949,0.0275222370176411,-0.0648509931477124,-0.0761206193337611
4.07750692362837,1.55894287082079,-13.0936478024301,-9.3717185598471,0.0194816957963742,-0.037241835188552,-0.0593082557463029,-0.0805141652153901
4.09236764275145,1.55899769615312,-13.1106188506368,-9.46058731875231,0.0411342044577383,-0.00748215304899724,-0.0581052526645045,-0.0813866058562101
4.07983415604206,1.55901022601895,-13.1313355917056,-9.4872101833758,0.0384039790645749,0.0540291065297833,-0.0591207201333885,-0.0806519711532803
4.17738627080671,1.55898647231928,-13.1767386948748,-9.59021482422859,0.00558123386996989,-0.0169779160710331,-0.050984337039176,-0.0860267247817544
4.17246964424885,1.5591703485661,-13.2098893065438,-9.74066351682294,0.0182560687194417,-0.0646736775174297,-0.0514066803883969,-0.0857750150769162
4.26849036395869,1.55914173838941,-13.3010372682776,-9.81952643585532,-0.0482016118479489,0.0114455026761164,-0.0429463498858777,-0.0903084217084972
4.11371607105227,1.55942404554637,-13.3342771968482,-9.86654552096511,0.0231147395603326,0.0355893368570885,-0.0563546681308852,-0.0826084219668781
4.08122227022662,1.55898650819747,-13.376801466405,-9.94105308607595,0.0164844395086785,0.0062263946237473,-0.0590087090654753,-0.0807339597345881
4.14515166340788,1.55892036407951,-13.4241388184241,-9.98399201392404,0.00639305666232737,0.0413999314216846,-0.0537304086814162,-0.0843388592697814
4.33271076467663,1.55903097250706,-13.5180951856774,-10.1029771761253,-0.0568942052010835,-0.0261067678137048,-0.037062162052243,-0.0928783943875715
4.48000253371192,1.55963752845689,-13.5145802029398,-10.1469447783564,0.026545030245356,0.053344354443251,-0.0230300475078149,-0.0973119566743357
4.44540455210125,1.5604049727946,-13.5833307222696,-10.2423815118536,-0.0423681285243642,0.00102035258459798,-0.0263823908054078,-0.0964570860817946
4.29630602025248,1.56018947170586,-13.6480581267365,-10.3518344821714,-0.0243093316417058,-0.0179850557843966,-0.040418072825226,-0.0914679145334293
4.18433252262923,1.55945113292784,-13.6830707110618,-10.3812170830908,0.0153729642228022,0.0569961956542311,-0.0503855485480611,-0.086378796573644
4.14424070817369,1.55906535885557,-13.7227460338147,-10.4249667978849,0.0141318925494094,0.0405401634915903,-0.053807215302283,-0.0842898782856741
4.01085842256731,1.55895669042286,-13.7850125710761,-10.5474891048318,0.00227221947807354,-0.0461367790078551,-0.0645387567395086,-0.0763855279389921
3.84413658833967,1.55874160478362,-13.8225472334437,-10.660220317384,0.0387854242738417,-0.0481150816324321,-0.0763200866414554,-0.0646161309197691
3.78318091255936,1.55877973461453,-13.768837716066,-10.7137706109845,0.133824141937415,0.00629656873710105,-0.0801146245596988,-0.0598468623376239
3.83688219529226,1.55888067164833,-13.8158787227544,-10.7458594015447,0.0297458184425192,0.0319719890659447,-0.07678682513096,-0.0640607796261282
3.98271107276329,1.5587802215218,-13.7573399430789,-10.7472645965571,0.125201738217552,0.0731337207190139,-0.0666629585420429,-0.0745389157314612
3.89707544037216,1.55870957120817,-13.7862003064933,-10.7817789474624,0.0439336975866578,0.0340496679601601,-0.0727940610010322,-0.0685640188654224
3.9654204345198,1.55871627864589,-13.806833372607,-10.9011134163229,0.0473086889006424,-0.0459592828261757,-0.0679417550143138,-0.0733751860343466
3.8271615540971,1.55868391833502,-13.8619562745926,-10.9802061577404,0.0222829973938765,-0.0157813937674913,-0.0774058993794642,-0.0633113476499772
3.76019667160066,1.55876274664547,-13.8882697981621,-10.9792001422371,0.0551553542293739,0.058995859012194,-0.0814688777989164,-0.0579898435088873
3.9724545873167,1.55888857022239,-13.9467647034049,-11.0468949634247,0.00892904090921753,0.006156458322504,-0.0674239461520497,-0.0738512795101446
3.90296575461393,1.55865565051467,-14.0037021815058,-11.1085794846537,0.015451458798232,0.00730708561280857,-0.0723889368991198,-0.0689916068418126
3.90759153645199,1.55865523147972,-13.9899420691902,-11.1952511548346,0.0858291357483107,-0.0173459472386257,-0.0720690234326626,-0.0693257229422264
3.96002251981488,1.55864428995977,-14.0526724985009,-11.292802202935,0.00560640695238135,-0.024543673065107,-0.0683368362630913,-0.0730073750353446
3.98505751487304,1.55861646379543,-14.0168357477434,-11.3821689366017,0.102324624693264,-0.0146716025033644,-0.0664878739357906,-0.0746951311632721
3.68455090090249,1.55861763820615,-14.0654637942801,-11.4421244026006,0.0369903523800481,-0.00828836072943506,-0.0856183989167486,-0.0516671052695281
3.89585388856864,1.55902461147804,-14.1051505309637,-11.4721473563927,0.0331910244863458,0.0384520922237688,-0.0728777611698697,-0.068475046015811
3.91654450178131,1.558608968903,-14.0839515869109,-11.5199696775433,0.092644416635002,0.0221458462364186,-0.0714454725822144,-0.0699681673870629
4.06176250774669,1.55859478000567,-14.0733585170737,-11.6156881719967,0.0711615710033868,-0.0161480434902532,-0.0605685011662631,-0.0795704509631081
4.01469637227752,1.55865774820338,-14.1249251986452,-11.6569257020809,0.0126784367501251,0.0353951311760505,-0.0642451183216235,-0.0766326612603308
4.06059040790044,1.55859622296582,-14.140856617423,-11.7731779744799,0.0447303052754151,-0.0367528684081964,-0.0606617240532027,-0.0794994039908042
4.0084302477587,1.55863331433538,-14.106385500435,-11.8613542085326,0.0991951606986916,-0.0119476425286209,-0.0647240437107057,-0.0762285915240119
3.82207153409753,1.55857267352363,-14.1534620545096,-11.9492122887486,0.0306505972135618,-0.0249415485836546,-0.0777271512880807,-0.0629165316323129
4.06984828662681,1.55862893268945,-14.091811846386,-12.0395837427997,0.121573347260659,-0.0103138660538,-0.0599231391370705,-0.0800575879973865
4.25358322708176,1.55862717172973,-14.0792969039324,-12.1626877741756,0.0568027107435292,-0.0334458271784572,-0.0442877682899369,-0.0896582041973675
3.8923901612167,1.55910441316803,-14.1474974805196,-12.2988954218044,0.00491392582650718,-0.067985440564063,-0.0731145024137745,-0.068222207064754
3.88082623636162,1.55851320972742,-14.1771259871951,-12.3962732384639,0.0442700060910468,-0.0300056427974071,-0.0738985127664723,-0.0673721738620889
4.28456736924373,1.5585071133475,-14.1952156727091,-12.4921447340576,0.0233992878888625,-0.00488432569614128,-0.0414889734028526,-0.0909871698976146
4.32387221792411,1.55918821337234,-14.2052308686899,-12.6388517904098,0.0278664177773287,-0.0541598611538945,-0.0378816137582085,-0.092547195198309
4.26125993501284,1.55934951126144,-14.2367264037413,-12.7762868015276,0.0121026551780865,-0.0474394678463097,-0.043598190229404,-0.0899955432714348
4.15232732520627,1.55906927854404,-14.2756856279493,-12.9379381468539,0.0141646192496019,-0.076929109424003,-0.0531238434576272,-0.0847222359023268
4.2566521763573,1.5586955163468,-14.3934784466369,-13.0395088984361,-0.0737804150074339,-0.0117770529040637,-0.0440124036801497,-0.0897936986781118
4.14289097912506,1.5590114353306,-14.5072989900755,-13.1348315544956,-0.0598996086857913,-0.0111054796916012,-0.05392093475283,-0.0842171763678945
3.98102445026639,1.55862478761581,-14.5613082342004,-13.1518022029068,0.0127793385517752,0.0574557261077659,-0.0667885826767199,-0.0744263745189496
3.73734899238914,1.55837052961909,-14.6463406444027,-13.2116890584475,-0.00225997745317841,-0.00377336004459572,-0.0827724327491118,-0.0561134954961261
3.6622991162596,1.55859780494616,-14.6493718169985,-13.2994396967119,0.0837156209920202,-0.0380013286990495,-0.0867467935878383,-0.0497493095653496
3.79721853160097,1.55880752661354,-14.6881520394332,-13.319765051344,0.0404864289076627,0.040640192892484,-0.0792666513423181,-0.0609655475246092
3.85828577186215,1.55845259009031,-14.6820223481997,-13.3143441718029,0.0815279033955321,0.0711103733949467,-0.0753982121620447,-0.0656894938537913
3.84483154995518,1.55836927935966,-14.7461606494591,-13.331370352849,0.0121368612247039,0.0476429737961979,-0.0762751624841196,-0.0646691548423293
3.85283534732115,1.55837561193956,-14.8080741048809,-13.3174666494319,0.0138416706675706,0.0791812713190376,-0.075755126089347,-0.0652775679018998
3.70141949056877,1.55836214396255,-14.8822097179545,-13.3377394558515,0.0105990949381525,0.0328311412506501,-0.0847347080117057,-0.0531039476703096
3.78191668460198,1.55866000247892,-14.9785930637604,-13.376904455694,-0.0161931252123946,0.0205805315481635,-0.0801902205935878,-0.0597455313906549
3.82507988424653,1.55844762444285,-15.04834433451,-13.4643153025705,0.00778625414501022,-0.0242607698121693,-0.0775375248945397,-0.0631500770643127
3.97650614723919,1.55835603314638,-15.0489219043261,-13.5615318415293,0.0665466108843162,-0.0230926941765892,-0.0671241807004376,-0.0741238447821954
4.05333440769962,1.55826921802073,-15.0890603960403,-13.6343959026724,0.021098478069618,0.00619309243386379,-0.0612369697838498,-0.0790571535769652
3.88929371850467,1.55832898078001,-15.0919682727002,-13.656344808414,0.0704175210631277,0.0460465797612093,-0.0733253977229796,-0.0679954855028395
4.12214884361419,1.55826149694096,-15.092521035884,-13.7191165633394,0.0551032914442686,0.0203089503149716,-0.0556560546280554,-0.0830807052403801
3.9417356239577,1.55844800666885,-15.1792575312194,-13.8128352970275,-0.0170760811792103,-0.0219731644898749,-0.0696604141562754,-0.0717455691982173
3.67972181234434,1.55821826996017,-15.2387556242584,-13.8659330977985,0.026368811622218,-0.00184475516483951,-0.0858669046611786,-0.0512530456061693
3.51283835469337,1.55862717773115,-15.3487442385356,-13.9121401292857,-0.0168009985171178,-0.00992937625757184,-0.0931876157600582,-0.0362776552295729
3.36156655158543,1.55932008671732,-15.3616215891323,-13.9402874973592,0.0847129639262079,-0.00632695306088404,-0.0975903145228732,-0.0218204150127049
3.27886726035364,1.56023318451646,-15.4422612013259,-13.926954150121,0.0184196506121186,0.0270177344142775,-0.0990592628057418,-0.0136843871760109
3.27068071416548,1.56083930634024,-15.5772855367893,-13.9929419574958,-0.0358563654758726,-0.0531148229289373,-0.0991679699875773,-0.0128729844458453
3.17665234613509,1.56089046438991,-15.7392943650021,-14.002464355749,-0.0620702810196843,-0.00601714720027502,-0.0999385471930423,-0.00350525105292977
3.09673919725289,1.56167014404991,-15.7778002519392,-13.9578175449773,0.061393538298903,0.0401629689473957,-0.0998994252360599,0.00448384182424883
3.22647050586848,1.56240753697153,-15.8106727267058,-13.9408955968818,0.0667675289461762,0.0253995456395968,-0.0996400037127664,-0.0084775975441099
3.34604002227545,1.56125364385189,-15.8623059819819,-14.0168285634184,0.0462840779836835,-0.0556303596276713,-0.0979173332597636,-0.0203026069088773
3.15713472263269,1.56031545830712,-15.9261308133789,-13.9962973991705,0.0361630910506161,0.0220853085816217,-0.0999879224476132,-0.00155414433373491
3.20036844991732,1.56184468920658,-16.0183670348614,-14.0226248067226,0.00759109852601014,-0.020453211443642,-0.0998273200084997,-0.00587419610845633
3.1776961583551,1.56146019603636,-16.1402349634147,-14.0476396535963,-0.0219330946272098,-0.0214052806725127,-0.0999348339261086,-0.00360956620123508
3.05253673040517,1.56165360365928,-16.2386328375069,-13.9874119198109,0.00120584004947943,0.0513339084454341,-0.099603714141703,0.00889382533997103
3.09594413463251,1.56283934075155,-16.3768045237721,-13.9490295700049,-0.0382758575381885,0.0338190831084755,-0.0998958287269664,0.00456326669750984
3.03367496522437,1.56242456863892,-16.4896742388423,-13.9519909012628,-0.0134514615184891,-0.0137321650564042,-0.0994182535517709,0.0107708337985407
3.25570855178437,1.56303962217792,-16.6289754586792,-13.9934127874201,-0.0399516354550187,-0.0300350480031695,-0.0993495843818837,-0.0113868381540697
3.05877555285807,1.56099620276794,-16.7304640520867,-14.0292736770195,-0.00183133105516653,-0.0441331359962092,-0.0996572623522804,0.00827224639676348
2.99613257692161,1.56278102593089,-16.8096819948238,-14.0291899660545,0.0197259896182924,-0.0144110553332111,-0.0989439323554477,0.0144947662982396
2.91139115266954,1.56342209913462,-16.9144651701946,-13.9255351145795,-0.00742113161493663,0.0808374801169225,-0.0973620437558192,0.0228173713580235
2.96107732864491,1.56435358093249,-17.0327729670873,-13.893671108202,-0.0199326665174517,0.0139103514946888,-0.0983751303752483,0.0179536548828618
3.12520825910686,1.56382269615911,-17.1236043375056,-13.8574774722204,0.00915520746283249,0.0345552698384088,-0.0999865778811376,0.00163836614320736
3.26637487708627,1.56217079102735,-17.1496214181858,-13.8445726501969,0.0732053988126324,0.0253506873326266,-0.0992224794928345,-0.0124458653091717
3.26975055917879,1.56092780360206,-17.1860738684516,-13.8702383270544,0.0627274506912698,-0.012884939548909,-0.0991799009570459,-0.0127807373085659
3.17100856785633,1.56089572866083,-17.2232841656138,-13.8625644620453,0.062746441156774,0.0106150322294893,-0.0999567383190415,-0.00294116722045184
3.12748104930453,1.56174650888591,-17.2888901908866,-13.8232409504569,0.0343840180237258,0.0379123979951941,-0.0999900432964558,0.00141111359319568
3.05061795793693,1.56215695238907,-17.3411918897746,-13.7390708567951,0.0472847666820737,0.0750851679468127,-0.0995864655701422,0.00908492571498976
2.8932141300326,1.56292416860387,-17.4521608872043,-13.6474010207118,-0.0140377666794809,0.0670865794792976,-0.0969312307501508,0.0245832566040592
2.87739149836251,1.56462559105111,-17.5026819103147,-13.5736878024895,0.0460091186665679,0.0475993956660026,-0.0965301417770558,0.0261138225562919
2.94087083856048,1.56481815194825,-17.609296900858,-13.5329360823123,-0.00862269854033038,0.0208140496007498,-0.0979922920029231,0.0199376705764203
3.20366136148269,1.56412276581238,-17.6845625318242,-13.5427560067306,0.02454180464232,-0.0036170382150531,-0.0998074356085219,-0.00620288620327272
3.23208797738683,1.56150826196015,-17.7139127929576,-13.4866821274684,0.070240548051931,0.0651110649863673,-0.0995908091853214,-0.00903718572415631
3.11950983002395,1.5612697923124,-17.8016934958063,-13.4416109192748,0.0121949155872674,0.0428631053112416,-0.0999756184360002,0.00220810288240864
3.11359321024445,1.56230294974523,-17.8456079662487,-13.4927324355534,0.0560463336769956,-0.0539210947826674,-0.0999608041194137,0.00279957850402813
3.45048432953355,1.56235236586839,-17.8700104220295,-13.560895202039,0.0708646530919168,-0.0377624709765398,-0.095267108872708,-0.0304002955090178
3.82705446037743,1.55961899509259,-17.9927529289963,-13.6869661022885,-0.0453298277834637,-0.0627678426483014,-0.0774126791832818,-0.063303057601243
3.80949672154095,1.55804360194114,-18.0782591473353,-13.8127642894716,-0.00699406956667303,-0.063864008451568,-0.0785121487723351,-0.061934178731543
3.93739420122045,1.55805165612765,-18.216313212688,-13.8755437368481,-0.068082830806496,0.00866302133847752,-0.0699712345462183,-0.0714424687148905
4.0745875106703,1.55787635684355,-18.2792320644305,-14.0618873766012,-0.00337579497393747,-0.10600296269189,-0.0595430567685247,-0.0803406770612511
3.99888118292907,1.55791757557723,-18.3022065299716,-14.1571289594504,0.0424745279727112,-0.0196345114336864,-0.0654489935138342,-0.075607071415484
4.01649192064825,1.55783382349972,-18.2577930564145,-14.3473908095492,0.108520890739696,-0.113513957214594,-0.0641074171825802,-0.0767478928842911
3.93290049142288,1.55782663119131,-18.3064305166,-14.4181976740278,0.0216541085234763,0.000320453539369936,-0.0702915687090118,-0.0711273180179477
3.93016548179002,1.55779943195254,-18.320088986148,-14.4946099584028,0.0568273699183486,-0.00547748026073203,-0.0704858394663597,-0.0709348041142186
3.94554295855918,1.55778928055899,-18.3528480960192,-14.5877433155418,0.0366276406658965,-0.0211230880803415,-0.0693867505371139,-0.0720102690586581
3.7925749681842,1.55776896297034,-18.3848472968131,-14.6832745881853,0.0475496923179808,-0.034934460807633,-0.0795488931118671,-0.0605968118359104
3.76874283909734,1.55793658226064,-18.4430265065445,-14.7303808341743,0.0227911080822558,0.0115777180315095,-0.0809703178136594,-0.0586839640204629
3.75331925734009,1.55798033124908,-18.4457057684844,-14.8213408855687,0.0791865062082042,-0.0335318701109732,-0.0818657681481049,-0.0574281812834147
3.71310410073158,1.55800687255579,-18.5087405912096,-14.8823852065448,0.0210736161254204,-0.00695392890766788,-0.0841084388505526,-0.054090392068489
3.87892697248305,1.55811094727875,-18.5691296419426,-14.905517226809,0.0136372862093044,0.0440996793937518,-0.0740263369423419,-0.0672316996579654
3.89418272178678,1.55774644553506,-18.6159880011542,-14.9778859474616,0.0261337333608544,-0.00401556109210088,-0.0729920925724682,-0.0683531595604199
4.03543323036164,1.55771689588412,-18.6442430122237,-15.0902765020091,0.0343872877594578,-0.0344422229590888,-0.0626422988289346,-0.0779483315884725
4.2474422580767,1.55770779261083,-18.6385280460936,-15.2061521848767,0.0505524841360252,-0.0264911373405365,-0.0448375180059143,-0.0893845455270055
4.16432003095056,1.55819982005272,-18.6634580930676,-15.2738057342966,0.0271739517714042,0.0176996773189335,-0.0521039987454446,-0.0853532267388568
4.25539260610713,1.55792260845433,-18.6664366897256,-15.3180700827664,0.0411468735505736,0.0454738422790786,-0.0441254702085375,-0.0897381907488415
4.26483584397937,1.55821614490562,-18.6419993959153,-15.3695862098762,0.067713390107965,0.0386347435972221,-0.0432760962976661,-0.0901508707070272
4.29378764245696,1.55825244393811,-18.5686439160624,-15.4336980876754,0.114003775029319,0.0272539588096683,-0.0406482951764765,-0.09136583660891
4.17757616380843,1.55837914798202,-18.5462750535034,-15.5475546728743,0.0733368628061015,-0.0278201803994567,-0.0509680002470462,-0.0860364047994632
4.15798784281636,1.55794963423692,-18.5792822694223,-15.6488564355178,0.0196362073109757,-0.0162801772039984,-0.0526434232298913,-0.085021585439455
4.30688486423101,1.55788034760192,-18.5744278832745,-15.7320431195688,0.0443025906127481,0.00870368086546591,-0.0394482044649855,-0.0918903649165064
4.07506044721469,1.5584133456704,-18.5644133310114,-15.7543669547846,0.0695196063319834,0.0580449929470712,-0.0595050540687911,-0.0803688281628534
4.00264284686343,1.55769405529553,-18.5599873469063,-15.7944209372298,0.0695901068409928,0.0357987505842881,-0.0651641227359783,-0.075852733029538
3.74679529744846,1.55760805225153,-18.6680715434947,-15.8175259272653,-0.0258455141279637,0.0337878839223964,-0.0822386824603542,-0.0568928739578607
3.48744904657255,1.55785758006426,-18.8301411613695,-15.7841042281677,-0.0679910700464621,0.0673219474520739,-0.0940785478284174,-0.033900248354491
3.46148957057825,1.55898410840356,-18.850020302549,-15.8028293018345,0.0750476427712332,0.0127217972231732,-0.0949267839507444,-0.0314468708899421
3.52617259580356,1.55913901583834,-18.9161745116167,-15.8227973143592,0.0265414016765586,0.0175489669480635,-0.0926956107442011,-0.0375169794727608
3.73245059631462,1.55875050612101,-18.9547908099127,-15.837894938871,0.044430006449355,0.0406097472458469,-0.0830463047453282,-0.0557073717576595
3.7530475898185,1.55786916707372,-18.9649158241434,-15.8806378500957,0.0717563522678457,0.0146630276694615,-0.0818813664986123,-0.0574059388941592
3.92541270637682,1.55780398514609,-18.9948444109941,-15.9267814504946,0.0408935924429592,0.0244554004445678,-0.0708221792936576,-0.0705990008434752
4.15955209383155,1.55752853432666,-19.0310338692062,-16.0044062523742,0.0163209055645765,0.00747902703563463,-0.0525103637767024,-0.0851038289152632
4.1323887651292,1.55778395341892,-19.0652899291569,-16.0315168468281,0.0205463517338398,0.0565356587410974,-0.0548024116845042,-0.0836462531950005
4.0384113357489,1.55770787735093,-19.0657474516503,-16.0789809454153,0.0619523605418859,0.0306704424271707,-0.0624098830352791,-0.0781345410143477
4.06753729982053,1.55754042960121,-19.0636060778314,-16.1115125884382,0.0622493648064246,0.0473872497337462,-0.0601079909875083,-0.0799188927566293
4.2083362412318,1.55757487187145,-19.0844624907265,-16.2408049046718,0.0274414075921445,-0.0417290788780895,-0.048297820487298,-0.0875632373555063
4.34667245877856,1.55790056564937,-19.0610135328242,-16.3097631825495,0.0592108101671354,0.0244284980737048,-0.0357618522647864,-0.0933867759513712
4.22756851306599,1.55848531336254,-19.0284074512951,-16.3760202275694,0.0792110339161436,0.0222188184287875,-0.0466049523870419,-0.0884758634487483
4.19949622649413,1.55796375873629,-18.9572862007371,-16.4783449898812,0.120191234147363,-0.0151918941704388,-0.0490699835893534,-0.0871328681413655
4.12731195695944,1.55786798398321,-18.9281116255186,-16.4967296622558,0.0844009348237407,0.0649822827380975,-0.0552263596052701,-0.0833669551126187
3.93986905751671,1.55766668880906,-18.8981568712374,-16.6063227772838,0.0997489648806216,-0.0379776965289351,-0.0697942105994134,-0.0716154184991244
3.72211121070574,1.55744745890372,-18.9785166620694,-16.5753626782582,0.00325804474330837,0.0858058607005594,-0.0836178355752767,-0.0548457616749552
3.50034391855243,1.55778540047744,-18.9970780623679,-16.5637385550943,0.0750721988065841,0.0467346503405235,-0.0936335991051256,-0.0351105271766264
3.38169159480921,1.55876779455861,-19.0438886080062,-16.5394025501668,0.0503208995126663,0.0481158779902677,-0.0971314451509959,-0.0237798730627198
3.48223392094925,1.55954221034136,-19.0802688460986,-16.5972288415128,0.0578738236391185,-0.0244171332134981,-0.0942540617314429,-0.0334091581325443
3.31416468501945,1.5588648623346,-19.1323605988084,-16.6528564882835,0.0464228837981864,-0.0384559726037703,-0.0985146365080022,-0.0171716741669591
3.42147456208436,1.56003139669636,-19.1620925097051,-16.6824846841746,0.0663768957896558,-0.00200398047568262,-0.0961088066864021,-0.0276242154153886
3.4622534680627,1.55923507580897,-19.1823131254263,-16.7002531173066,0.0746821183496369,0.0137509429071772,-0.0949027340707576,-0.0315193760391139
3.60956202968165,1.55896510215851,-19.1895015198784,-16.7548396216488,0.0820602146599523,-0.0094790130404081,-0.0892486091121452,-0.0451074913018615
3.85262369042431,1.55816136933668,-19.2379522504665,-16.8547912494262,0.0273182102517548,-0.0346900954324267,-0.0757689408398361,-0.0652615323449382
3.77543738641232,1.55743577107931,-19.2507229940071,-16.9339756663366,0.0678049002187038,-0.0199597123287214,-0.080575643759249,-0.0592247045816405
3.70037496781936,1.5575626409048,-19.2873902564092,-16.9688494661504,0.0481228676570105,0.0181416115733901,-0.0847901300590893,-0.0530154113872818
3.72325497653789,1.55776517260505,-19.2979929633674,-17.0399184037226,0.0729523432280317,-0.0161275725693923,-0.0835550501862805,-0.0549413650027749
3.71434485426289,1.55768085776617,-19.3220805814056,-17.1248773624402,0.0599536432434267,-0.030764250468609,-0.0840412612816309,-0.0541947082489855
3.76627948825712,1.55769266214815,-19.3160171560733,-17.2493228238033,0.0871780565241185,-0.0659611334912906,-0.0811146311917751,-0.0584843278718522
3.73423842986089,1.55753023412115,-19.3376856970025,-17.3406385143996,0.0612780356387077,-0.0354599349781943,-0.0829465765679399,-0.0558557556180103
3.80113921918095,1.55759835326997,-19.3786299179258,-17.383308553915,0.0380827949319649,0.0186058184141076,-0.0790270158552872,-0.0612758579295972
3.9671369105485,1.55742746175991,-19.3804502195308,-17.4950198723339,0.0659954066352597,-0.0382196201402305,-0.0678157082401994,-0.0734916982786501
3.82820381161663,1.55727421647159,-19.4403352108465,-17.5270125764089,0.0174548793045179,0.0313992860535444,-0.0773398706202124,-0.063391990128476
3.77089805325946,1.55735179868786,-19.4766326238595,-17.5339713509151,0.0445462403367802,0.0518995614628244,-0.0808436533498371,-0.0588583359690994
3.52047550594398,1.55745968736397,-19.5414658492675,-17.5519175050458,0.028074617484446,0.0190421241353107,-0.0929078428924078,-0.0369882782659543
3.37594100491246,1.55845197078375,-19.608104640996,-17.535124540968,0.0306277949372689,0.040013883921302,-0.0972665866658285,-0.0232209198435135
3.49452023406301,1.55938730966989,-19.6403132739538,-17.5506058446181,0.0616278498227132,0.0190833386796552,-0.0938364827805069,-0.0345646423297512
3.40961841624359,1.55859597214864,-19.6450917501414,-17.5760033056593,0.0916510847109571,0.00108535952080446,-0.0964295608985108,-0.0264828205620246
3.16693797040903,1.55913816844716,-19.6451992209299,-17.5254936227372,0.0998604116766231,0.0530439432552283,-0.0999678824651406,-0.00253426033308111
3.08958483781678,1.5611579169615,-19.723234459742,-17.5202459338362,0.0218295510234743,4.92515301306895e-05,-0.0998647898355645,0.00519843737083796
3.00146510825147,1.56192644604919,-19.8014910332414,-17.4230953231757,0.0207632455090945,0.083183669566179,-0.0990198190084593,0.0139669410943113
2.97859284143653,1.56288516475592,-19.8245119019969,-17.3655750576962,0.0756536229881011,0.0412923673061338,-0.0986744917436867,0.0162278981733649
3.11811677702922,1.5631506041836,-19.9037242685346,-17.3342806015449,0.0207600788888413,0.0289470841218149,-0.0999724454265029,0.00234737202950702
3.0661136393778,1.56167345866386,-20.0291159451609,-17.2665028410244,-0.0256763954949371,0.0602370238931331,-0.099715281131411,0.00754073662739121
3.16796291484694,1.56222331307711,-20.0908566314904,-17.2093240517123,0.0382245461514792,0.0598155098211435,-0.0999652324808823,-0.00263672050910992
3.11876354623376,1.56120812589261,-20.1485496402989,-17.1908964242891,0.0422809339160057,0.0161449149791748,-0.099973942724581,0.00228271244404559
3.15891256309151,1.56169673650848,-20.1978818009009,-17.1237723321729,0.0506528408097022,0.0688559964740922,-0.099985001411687,-0.00173190435790843
3.14140757755903,1.56131206981318,-20.209642998412,-17.1175760404103,0.0882388007762387,0.00617778415967152,-0.0999999982873432,1.85076029704006e-05
2.71678516932948,1.56148491223799,-20.2940745957634,-17.0299157817348,0.00668021207971847,0.0464457201946775,-0.091111809431123,0.0412145384808167
2.93237205950853,1.56640590336285,-20.3372346180862,-16.9665574337728,0.0546592869295441,0.0425885926097243,-0.09781930925235,0.0207697553522691
2.95445210449568,1.56377211976353,-20.334369660844,-16.9144035749565,0.101118982488629,0.0335488454357167,-0.0982540252463485,0.0186050133805356
3.0464960375868,1.56352650644295,-20.3745950269771,-16.9449397784384,0.0593228062056763,-0.040031538336164,-0.099548172338849,0.00949533485427532
3.01076412016513,1.56249986993474,-20.3497068978829,-16.835179491316,0.124033543811201,0.0967147231022194,-0.0991454147169384,0.0130455640202446
2.89411136602763,1.56290806072823,-20.4010454341804,-16.6883037540252,0.0456147124160129,0.122379460759432,-0.0969532487135022,0.0244962765312974
2.95104587092228,1.56427393737101,-20.4730122213494,-16.5796810731797,0.026223295186556,0.0896830998842115,-0.0981900823556507,0.0189395809613235
2.85335586282436,1.56363155920938,-20.5646024090208,-16.5091951190579,0.00428447025968026,0.0420597344187512,-0.0958746579310331,0.0284262197030733
2.8635020537897,1.56480447666794,-20.6667440699143,-16.391327941677,-0.00598352493258503,0.0904151667344859,-0.0961581359608941,0.02745201064633
2.81725362983758,1.56470836276342,-20.7774333669772,-16.2770482550785,-0.0159031395716358,0.0824114524455588,-0.0947861574913244,0.0318682341529907
2.81741012389192,1.56530127537386,-20.8149826813323,-16.1542372511511,0.0572418291647097,0.0909576036346791,-0.0947911435197962,0.031853400292738
2.83863678853061,1.56532269952668,-20.8405506033615,-16.0568949677888,0.0698779578802231,0.0675080076325414,-0.095445879909401,0.0298342757297743
2.82944012079841,1.56507962659165,-20.8582518449822,-15.998307865336,0.0774662299198479,0.0278763167158549,-0.095167471540546,0.0307107857369257
2.95101328699279,1.56520361127162,-20.9820254528432,-15.9183448216769,-0.0255841426833907,0.0610202632890648,-0.0981894651775553,0.0189427803699894
2.84697990329061,1.56377377905976,-20.9658573631269,-15.8771358253283,0.111859555665898,0.0121720656497017,-0.0956914659496038,0.0290369306989532
2.7326760007378,1.56501668477813,-20.9732458468969,-15.805075016954,0.0843667279125473,0.0322992549703534,-0.091755211682551,0.0397615534038884
2.60755257460118,1.56645894652016,-21.1047736947786,-15.7686295421174,-0.0454520838838146,-0.0144560266360791,-0.0860757639979285,0.0509015014726767
2.72898149729968,1.56810763460467,-21.1890315542357,-15.7762710440572,0.00734982716486599,-0.0477417731580747,-0.0916076866219286,0.0401002712182664
2.6902406409943,1.56653013291496,-21.2961895386082,-15.8362199398274,-0.0171721643054425,-0.103567150972129,-0.0899858200670475,0.0436182552019329
2.61948423973078,1.56703127852745,-21.4019104708884,-15.7379038412156,-0.01904397002229,0.0484452232061856,-0.0866769622580061,0.0498708754056331
2.51776477459268,1.56798632397489,-21.4334327692854,-15.6212140335813,0.0496425383103531,0.0582751752012918,-0.0811648367072595,0.058414632433012
2.61081652991377,1.56936572947669,-21.5096693246563,-15.4801424319557,0.010004890058628,0.090451318238185,-0.0862414454295371,0.0506202833874345
2.23843337117441,1.56815084626332,-21.5503985348448,-15.3984651924154,0.0211840017408829,0.00314855568161843,-0.0619132119294071,0.0785286838587298
2.2750407999919,1.57317011129809,-21.6085947386774,-15.2652977861431,0.00654961883679128,0.0569573121451028,-0.0647458226693957,0.0762100941271113
2.62487654706933,1.57270390097855,-21.6319976403168,-15.2100217120235,0.0635417182537346,0.00587331031409777,-0.0869446198931842,0.0494027638055778
2.68459381677944,1.56801761970799,-21.7044910512247,-15.1559677278871,0.0172446711802952,0.00992829294468667,-0.0897380820881519,0.0441256911916415
2.64589709061059,1.56724975361208,-21.7505356785506,-15.1080169245799,0.0419191809305524,0.00038644231054441,-0.0879638082564391,0.0475643609967002
2.62882237887935,1.56776828284278,-21.841128518981,-14.9802178547911,-0.00345396289127464,0.0787397585296752,-0.0871388775391621,0.049059311259076
2.53427545043156,1.56802182884563,-21.8361740773815,-14.8237626242108,0.0870726369344705,0.0993885853755412,-0.0821181953349491,0.0570666452048054
2.54429079828957,1.56930104747904,-21.889655856675,-14.7089058715126,0.0292038303009932,0.0586153981093185,-0.0826856095944494,0.0562413545888992
2.5722634654764,1.56918902507297,-21.9849923662519,-14.6512234550339,-0.0111102318464127,0.0037756994606033,-0.0842262777304894,0.0539067170180717
2.55974459412428,1.56883505956289,-22.0318262852513,-14.5359942821765,0.0367109251278936,0.0602722895783794,-0.0835448441272982,0.0549568832790347
2.45005554946563,1.56902321903627,-22.0938839849189,-14.3891220601244,0.0149689683671035,0.0831000305305203,-0.0770266680347323,0.0637721915215962
2.44587363181126,1.57051986615082,-22.1204393828398,-14.3353340483418,0.0502039073006166,-0.0103057403459887,-0.0767593052215143,0.0640937521285063
2.58124783610662,1.57058610540397,-22.1583311319856,-14.2685389157642,0.0468154406902297,0.0136473011065368,-0.0847071898360249,0.0531478314711301
2.7287684040564,1.56878848413216,-22.2176554736259,-14.2337673065913,0.0322747978049787,-0.00534818211386145,-0.0915991394452486,0.040119791286719
2.68536622913105,1.56686924044271,-22.2805119893746,-14.2070966787395,0.0269156227950642,-0.0173857353805111,-0.0897721385438588,0.0440563632323665
2.61440472110116,1.56744079189769,-22.3981621835839,-14.1277234804343,-0.0312276690984241,0.0290626909188409,-0.0864225251108174,0.0503105073863317
2.79007567977092,1.5683963294118,-22.4526946585066,-14.1376763302879,0.0393526715976673,-0.0443850914716402,-0.0938851465203891,0.0344322416180687
2.9224187157664,1.56612527538245,-22.5574939738071,-14.098355858766,-0.00719157654236469,0.0175781318474755,-0.097607738758174,0.0217423396743788
3.0801180778012,1.56451562395794,-22.6319259512038,-14.1103140610091,0.0253791259298453,-0.0181017885532855,-0.0998111033264774,0.00614358631023097
3.04616156055241,1.56272565205733,-22.7168958525145,-14.0846065416366,0.0145750894882344,0.016178888472453,-0.0995449907989955,0.00952863089997207
3.05396816191434,1.56310471381186,-22.8400701402998,-14.0465729208486,-0.0235579447898555,0.0292823804059381,-0.0996163429953873,0.00875124038210303
3.26292052504013,1.56303090757021,-22.9818395124757,-14.1514518070888,-0.0425044923562137,-0.092775843879819,-0.099264879819716,-0.0121030423603878
3.47607208045449,1.5608959497862,-23.0733570885916,-14.1751072336314,0.00294055688973494,0.00917232252870281,-0.0944581330056575,-0.0328277490712586
3.5838231493346,1.55916754225299,-23.1508841971805,-14.1902792012719,0.012852827133548,0.0276236772174991,-0.0903799357224195,-0.0427956448579913
3.772022780811,1.55848539368011,-23.1660875422471,-14.2521117723896,0.0655740575710109,-0.0028833453118029,-0.080777402637599,-0.0589492258059698
3.74618595014834,1.55763764814486,-23.1539022471297,-14.3081494066688,0.0944586298269847,0.000805117200401995,-0.0822733347095699,-0.0568427514795605
3.66608696115607,1.55771700756556,-23.1972932617347,-14.4078237523144,0.0431667144543617,-0.0495968103620106,-0.0865577290593876,-0.0500775352836144
3.5888903630439,1.55802377034227,-23.2151093665228,-14.4788445545953,0.072345816859265,-0.0277677343567895,-0.0901619216473917,-0.0432530679241324
3.64915604841056,1.55840272925234,-23.3198278832965,-14.4581265289273,-0.0173253756820575,0.069322952271575,-0.0873931410916535,-0.048604926603528
3.59262918968724,1.55808715187729,-23.4142773106962,-14.4750948310818,-0.00444985127634112,0.0266215624659578,-0.0899995761232833,-0.0435898646204521
3.39649140066893,1.55837246111444,-23.5270606621029,-14.4768031258628,-0.0160144682755039,0.023506448079659,-0.0967688831312614,-0.0252147428606414
3.50866661993302,1.55969137271322,-23.6310060809301,-14.4739244211839,-0.0106072736388967,0.0387672913438228,-0.0933381451882858,-0.0358885866649899
3.69119366155413,1.55887467272467,-23.745629879261,-14.5463910416551,-0.029350498107199,-0.0202319167871146,-0.085273300223679,-0.0522347036840672
3.95385571451746,1.5578511805977,-23.8962987976083,-14.636600547299,-0.0818831620740088,-0.0176249361134486,-0.0687857562732801,-0.0725845695303961
3.92420212449648,1.55713318073883,-24.004354233751,-14.7033798492314,-0.0371478428940311,0.00373391115332744,-0.070907593248728,-0.0705132130857256
3.90385288089292,1.5571428741843,-24.038411883497,-14.7280371453298,0.0382700544088959,0.0443985017152384,-0.0723277041548957,-0.0690557978136657
3.92059349391094,1.55716424457338,-24.0451365379754,-14.7775492774383,0.0644369326690626,0.0207447431042063,-0.0711615871474395,-0.0702568752127319
3.86275716478331,1.55713170174514,-24.1155961808483,-14.8658060282676,0.00464409299974555,-0.0222307797423733,-0.0751037358726427,-0.0660259710869316
4.15924615230393,1.55720987026991,-24.1674983179659,-14.9904857583925,0.000634260996591252,-0.0395919702931051,-0.0525363981142302,-0.0850877598317356
4.18594612378732,1.55716223478988,-24.204684925167,-15.1291005839517,0.0130594948866989,-0.0521548392939906,-0.0502461020877284,-0.0864599862652637
3.92032717755792,1.55719696385783,-24.2672586591806,-15.2109971981015,0.00860656116483938,-0.0116586929226976,-0.0711802951784537,-0.0702379212271278
3.9697334784177,1.55704039279052,-24.3483595124359,-15.3033604862743,-0.013476199595269,-0.0186957497493392,-0.0676246536600177,-0.0736675384233969
3.98161289835957,1.55696880365224,-24.3677895653035,-15.4008581590032,0.0473147221899932,-0.023032009483976,-0.0667447750575996,-0.0744656632449509
3.83194472879493,1.55694520136211,-24.4547569164498,-15.4079614729292,-0.00986516532212534,0.0565775540103788,-0.0771021858242076,-0.0636808679363697
3.84065136775232,1.55715958892686,-24.5877146239618,-15.4723878870594,-0.0564128833772255,-7.6667447177492e-05,-0.0765448241347851,-0.0643497466830664
3.85101406525002,1.55711450160514,-24.6983121661926,-15.6478237875128,-0.0347236529854698,-0.110296412193155,-0.0758738892452546,-0.0651394882601854
3.91855645589766,1.55704987195739,-24.7315106399075,-15.7702084189787,0.0381060816157355,-0.0522728607773302,-0.071304555330664,-0.0701117706886388
3.99387554798665,1.55690315028925,-24.7562213688921,-15.9026398660227,0.0411159043915497,-0.0571529352470161,-0.0658266333761763,-0.0752785117969163
3.92939738737573,1.55681763125199,-24.8584919491207,-16.020471126781,-0.0317302769329491,-0.0469506173430512,-0.0705403032955911,-0.0708806434152938
4.0770689900091,1.55683497102,-24.9520493999461,-16.1034482760342,-0.0342139409077387,-0.00248896483677008,-0.0593435099177083,-0.0804881844163904
4.13814661197638,1.55678682147312,-25.0518058055049,-16.0766899763121,-0.0454365219524941,0.110718708516952,-0.0543198836062544,-0.0839604087948777
4.27165442709163,1.55685538831573,-25.0867880041285,-16.1558660173487,0.00767819521718316,0.0112678133557154,-0.042660393840809,-0.0904438543923636
4.10659148673622,1.55719211565885,-25.1412375119617,-16.2737113768544,0.00249227571908506,-0.0356405343073858,-0.0569417835522856,-0.0822048251983098
4.11184729953554,1.55676839349893,-25.2558006415023,-16.3675244994963,-0.0580541836374309,-0.0113101588592923,-0.056508945903172,-0.0825029637825962
3.95064303003659,1.55674600815866,-25.3601632979308,-16.4700598744778,-0.0353440642165843,-0.0301721665874011,-0.0690185922118824,-0.0723632083941134
4.0607804907613,1.55668212003859,-25.4334653507962,-16.5819517644057,-0.0126554413821651,-0.0323809566192685,-0.0606466114832473,-0.0795109333085712
3.76971648207066,1.55663960308274,-25.5780047559442,-16.6720630784523,-0.0636262629337292,-0.0313485416732733,-0.0809131422143278,-0.0587627723733654
3.85704201911544,1.55702323440848,-25.712676176187,-16.7991771817668,-0.059191564930952,-0.0615184369782447,-0.0754798553118639,-0.0655956663362763
3.82432191432515,1.5567370038503,-25.8563841546653,-16.8862376494417,-0.0661226100027204,-0.0239691798569557,-0.0775853684755377,-0.0630912878178521
3.80918866981009,1.55678910384717,-25.9600488443088,-17.0027665184247,-0.0251334656657107,-0.054618878993101,-0.0785312239777521,-0.0619099899899534
3.68467423743365,1.55680128017931,-26.0520694214407,-17.0875524550823,-0.00640855130792062,-0.0331082719047031,-0.0856120258240164,-0.05167766475285
3.76476368200295,1.5572545149524,-26.112176472584,-17.2556388929079,0.0210961377372154,-0.109725131160795,-0.0812031888805327,-0.0583613066648831
3.81446830574595,1.55688627004876,-26.2038497405793,-17.391333471027,-0.0134699992158662,-0.0733708366378676,-0.0782032687793903,-0.062323741481224
3.84606561176741,1.55669157203346,-26.2671700977724,-17.4264704898537,0.0128749414968308,0.0296262150143667,-0.0761952986899146,-0.0647632338410823
3.90957736131252,1.55659429102267,-26.3141699507991,-17.4355301051108,0.0249313596502709,0.0604090873565437,-0.0719312126769885,-0.0694687026136076
3.82057243239192,1.55646014755815,-26.3126595804255,-17.4415963951492,0.0793317525679207,0.0567336500361235,-0.0778213821943072,-0.062799940074554
3.87265806189706,1.5566541987657,-26.3314875176866,-17.5000013911387,0.0556184118496912,0.00836132114772603,-0.0744463491108506,-0.0667663171372015
3.9417644946765,1.55651400698417,-26.342496314499,-17.5507886165108,0.0586495459686915,0.0209603549424187,-0.0696583427810902,-0.0717475803145454
4.15264950980632,1.55639454850776,-26.3483433789846,-17.6227346057793,0.0472494800156493,0.0127933579206343,-0.0530965445012051,-0.0847393471890806
3.93190605472382,1.55647567814855,-26.3898371731533,-17.7411253649569,0.0288684713881633,-0.0473333768327571,-0.0703622655568806,-0.0710573823448557
4.09196866616647,1.55636766438072,-26.4701263209232,-17.7396744907921,-0.0221514283808304,0.0828142909087077,-0.0581377193890465,-0.0813634167438935
3.8821965557773,1.556347525438,-26.4821205287338,-17.7615944390557,0.0618119142044335,0.0455534268787017,-0.0738061220150556,-0.0674733751423384
3.78510127141532,1.55643171310099,-26.5924812817647,-17.7993783494725,-0.0303612035750902,0.0222166903041363,-0.0799995494558098,-0.0600006007208881
3.71612726474156,1.55667003298285,-26.6761628139633,-17.870225927949,0.000262998419371385,-0.0165031603700698,-0.0839445306179407,-0.0543444181064957
3.59900558899537,1.5569133413463,-26.7548058950535,-17.9408200931334,0.0110767209176235,-0.0264313173633379,-0.0897198020079008,-0.0441628478210257
3.56563964569134,1.5574940975217,-26.7615301776496,-18.0355229683116,0.0844188438181828,-0.0535576384254832,-0.0911431264142639,-0.041145236752673
3.63099430012908,1.55767922157888,-26.8441245870459,-18.1052111952808,0.00566702073102299,-0.0226784412657581,-0.088261430127278,-0.0470097857034854
3.69017175391776,1.55727241851707,-26.8924822267075,-18.1712436539906,0.03696899507006,-0.0138849237214371,-0.085326634731721,-0.0521475349883335
3.82877688101902,1.55695385293939,-26.9140924065283,-18.2063776321899,0.0556933500920209,0.0283023226309522,-0.0773035299127647,-0.0634363008302525
3.54884707566463,1.55642891150536,-26.9463015108421,-18.2119651954556,0.0596120734557815,0.0340214169408251,-0.0918211777696228,-0.0396089802065052
3.59961239573157,1.55774233032497,-27.0848024184597,-18.1555454499011,-0.048807920439673,0.100637027821708,-0.0896929871779366,-0.0442172822672143
3.68438393772043,1.55742736693385,-27.1675298733612,-18.2092329077779,0.00289956932619795,-0.00203464844773826,-0.085627024227633,-0.0516528094291138
3.43843621146215,1.55695290690732,-27.2334805303122,-18.2451230172737,0.0296757951431115,-0.00663978197814563,-0.0956264520941173,-0.029250327517679
3.41009083696954,1.55853600247171,-27.3023727148139,-18.3020529262558,0.0275248546032767,-0.030401536053787,-0.0964170391050218,-0.0265283729282572
3.67976650952441,1.5587561264006,-27.3262573272252,-18.3578875066962,0.0619800012974974,-0.0045776968769764,-0.085864613708797,-0.0512568835634695
3.8358422451185,1.55693346438055,-27.320211726647,-18.4942812694548,0.0828990041937274,-0.0724128722309789,-0.0768534036155229,-0.0639808905276374
3.80832843988669,1.55631297316957,-27.4259903910428,-18.5606513311077,-0.0271942126549991,-0.00452764946991291,-0.0785844517407552,-0.0618424121829422
3.80432776500936,1.5563688427514,-27.5464156715851,-18.6519319345678,-0.0415940469637093,-0.029753076185894,-0.0788312335786108,-0.0615275272741762
3.88214098576975,1.55635158025003,-27.5411892892761,-18.671042617363,0.0790362537060449,0.0483585908361688,-0.0738098713970616,-0.0674692736314037
4.08469316026117,1.55614617749073,-27.5514799956225,-18.7018676868617,0.0484374291445135,0.0501132162612108,-0.0587281354909258,-0.0809382857599509
3.95255006763917,1.55603067324121,-27.5722992333513,-18.781617024308,0.0480612297042402,-0.00725463966619699,-0.068880467432969,-0.0724946977800149
3.93819816442675,1.55601596714522,-27.5612483539553,-18.8484280557538,0.0809646542189295,0.00468766847240953,-0.0699137748230006,-0.0714986999182416
4.04247624731255,1.5560210444886,-27.5801533584832,-18.9061047736605,0.043186753768488,0.0207108675368808,-0.0620917582963311,-0.0783875854435509
4.22829646404637,1.55596534557252,-27.5076142193872,-18.9683404215698,0.119079673048883,0.0262741182149004,-0.0465405339529169,-0.088509766124295
4.17076882978356,1.55629158554523,-27.4756877346346,-19.1246014144778,0.0834789781032015,-0.070573535078148,-0.0515524933506345,-0.0856874578297944
3.9438254739363,1.55611901770235,-27.5217098630275,-19.2957334020638,0.0234881962763147,-0.0992409953521318,-0.0695103246692315,-0.0718909922339234
3.99353152925586,1.55593955447741,-27.6071135573837,-19.3957218174177,-0.0195511676576103,-0.024732553605963,-0.0658525266984957,-0.0752558617479324
3.97079796918244,1.55587700686343,-27.6515880293971,-19.5003121774634,0.0230717249329011,-0.0308508775543967,-0.0675461969463986,-0.0737394824912566
4.00374398602374,1.55586318155372,-27.7501571265341,-19.5324134738023,-0.0334885383048302,0.0438231454575062,-0.0650805588321137,-0.075924441796432
3.90708658968382,1.55583083299386,-27.7759184071698,-19.6502133128659,0.046342739407411,-0.0485105159783097,-0.0721040200431615,-0.0692893230852731
4.00137757621916,1.55589044408884,-27.8295127540242,-19.7247380894356,0.011665697931484,0.00124544551355843,-0.0652600447858263,-0.0757702220832956
4.11290892766235,1.55578652073983,-27.8380441407145,-19.8228207916809,0.0478899399180577,-0.0155197934801672,-0.0564213266084062,-0.0825629087650596
4.07589509660527,1.555843367757,-27.8416663255204,-19.8943145081655,0.0558157687505201,0.00892474953556688,-0.0594379535563436,-0.0804184660201495
4.16750100247758,1.5557854965396,-27.7875462380448,-20.0141420809265,0.105952316885862,-0.0343090367916075,-0.0518322294103118,-0.0855185359694424
4.19073982790534,1.5559283692002,-27.8044141182217,-20.1729535748474,0.0329631825894552,-0.0721116370376018,-0.0498310627663529,-0.0866998568832486
3.97702452451971,1.55596150570238,-27.7894464145047,-20.2951020890191,0.0820534512834925,-0.0479898836999921,-0.0670857475664414,-0.0741586304717913
3.77025654979659,1.55569947209913,-27.8084570799515,-20.3601207569173,0.0618707290920391,-0.00621220551999402,-0.0808813945389303,-0.0588064623781936
3.74831246895264,1.55609914747791,-27.921325030796,-20.4770192624361,-0.0307156792470025,-0.0598809269014748,-0.0821522715974411,-0.0570175786173026
3.67257283113181,1.55614506189182,-27.9319743534043,-20.5515468031986,0.075581791761298,-0.0238896605286976,-0.086231114369626,-0.050637880233798
3.4965248658816,1.55646341425699,-27.9945161447904,-20.6362711208852,0.0312252135157998,-0.0499716373335279,-0.0937670049019256,-0.0347526803530643
3.47981936287406,1.55753316875138,-28.1064574110063,-20.7009716834644,-0.0176068109650025,-0.0315190835206125,-0.0943344552508823,-0.0331814790586447
3.71995127066529,1.55763949889375,-28.1840486513789,-20.8283952530005,0.0061448636145407,-0.0727585451688446,-0.0837361039870741,-0.054665024367194
3.70557532589815,1.55616190399318,-28.2207627913128,-20.9129041505526,0.0477991457270441,-0.0310532659798777,-0.0845132856609744,-0.0534556315722352
3.87392490136908,1.55620391712457,-28.265233384379,-21.0378477157884,0.0298911141225453,-0.0580829901262421,-0.0743617071887197,-0.0668605751095451
3.60055490269808,1.55562249351998,-28.3075578283821,-21.1709975376216,0.0473268282463941,-0.0888480229527473,-0.0896512722495231,-0.0443017988804279
3.37506053708897,1.55669449020826,-28.4100394899459,-21.205866162723,-0.00519466732952267,-0.0117333543474207,-0.0972869942342672,-0.0231352707540169
3.37119848366314,1.55838911737202,-28.5118275453704,-21.2930553849295,-0.00441243729975582,-0.0644298506241388,-0.0973756181247539,-0.0227593715823197
3.2857694620615,1.55840186780574,-28.6610884781517,-21.3603928905122,-0.0502984812276921,-0.0529697227860768,-0.0989624515536506,-0.0143677827966379
3.42458799995611,1.55920989604205,-28.7589043988141,-21.4288624522824,-0.00179358593021917,-0.040546251927176,-0.09602233473214,-0.0279233098430121
3.36991063736612,1.55789343364236,-28.8192423433304,-21.5565678732617,0.0370669034216533,-0.105071473065377,-0.0974048479380052,-0.0226339479140094
3.27633308615605,1.55834585668811,-29.0336389597691,-21.6354826122753,-0.115302993130143,-0.0654814289374612,-0.0990936233084677,-0.0134333100760573
3.25561590845087,1.55924295443281,-29.1420073552885,-21.6910008403802,-0.00901775664926774,-0.0441405940763722,-0.0993506388701786,-0.0113776340285382
3.16146852711548,1.55944838402881,-29.1611664631162,-21.7088001438765,0.0808211403051828,-0.0158118470073729,-0.0999802481328409,-0.00198745648897382
3.32879828120917,1.56049578791432,-29.2389814232519,-21.7660235049669,0.0204378541157233,-0.0386119535221634,-0.0982528142514526,-0.0186114075681973
3.35297118209794,1.55868167489011,-29.2679233992525,-21.7669473593023,0.0688322857598536,0.0200569401490296,-0.0977742617604519,-0.0209807944844477
3.5852993258312,1.55844754567549,-29.3533448539971,-21.8075010862145,0.00489520860233483,0.00237528800628128,-0.0903166633469593,-0.0429290149184909
3.73673088700418,1.5565718269897,-29.4251793820591,-21.8368352001142,0.0109725729268497,0.0267282087941263,-0.0828071009888582,-0.0560623226937757
3.86521226824078,1.55574934914807,-29.4928213858713,-21.9551518104726,0.007299405288407,-0.0521064510019036,-0.0749414091005795,-0.0662101593565487
3.94618981253819,1.55529763175305,-29.5708021686351,-22.0467755011129,-0.00864062686895295,-0.0195685535543246,-0.0693401558948881,-0.0720551370859332
4.10464199412672,1.55513537018995,-29.639187264603,-22.0754168337638,-0.0112831630220818,0.053452328820955,-0.0571019329457646,-0.0820936614718664
4.27506527577318,1.55515524533564,-29.7171716859809,-22.1375705830208,-0.0356327653933306,0.0284350868949517,-0.0423516559845599,-0.0905888361519536
4.45300852834135,1.55560612341253,-29.7485982935489,-22.2288383794082,-0.00577842980248278,0.00538711025110672,-0.0256481777655313,-0.0966549066385546
4.66018837067181,1.55655535843594,-29.7018234368477,-22.2814964198513,0.0519925473016087,0.0472057453093289,-0.00521769060039368,-0.0998637857523866
4.6028623221583,1.55825526616692,-29.6393722016758,-22.4193903489374,0.0733820159332836,-0.0384931341600021,-0.0109307807614395,-0.0994007949261239
4.3712240634271,1.55773483671793,-29.5855168593569,-22.5412285682746,0.0873138519702721,-0.0276016652198643,-0.0334585096512926,-0.0942365541173613
4.34044641561452,1.55605018772233,-29.6028640322536,-22.6639512917764,0.0189954125826262,-0.0295604109462944,-0.0363425854793586,-0.0931623125554294
4.27366113747927,1.55586430554324,-29.6624609744702,-22.7813070929614,-0.0171181287703455,-0.0268265218982306,-0.0424788134462564,-0.0905292792868592
4.10674481428405,1.55552095901558,-29.6911043080672,-22.9032471676517,0.0282858450217418,-0.0397265197142542,-0.0569291786187364,-0.0822135549760258
4.14418625908232,1.55500589402182,-29.7251640952723,-22.9689640537115,0.0197520175247305,0.0185700623469307,-0.0538118047298037,-0.0842869484067461
4.303894915321,1.55506095582667,-29.8187231122716,-23.0550453027636,-0.0538362417766258,0.00569075718401457,-0.0397227752227542,-0.0917720062361205
4.3699903872937,1.55558530772033,-29.9151231157856,-23.1405303714086,-0.0628252619656919,0.00871013680609378,-0.0335747415483116,-0.0941952054510424
4.36191487284917,1.55589817530283,-29.9937198975598,-23.2865604815879,-0.0442624685159458,-0.052109106494957,-0.0343343132582657,-0.0939210036843904
4.4276201851574,1.55581692627542,-30.1080072655879,-23.4247286830257,-0.0861938114852308,-0.0421955382426011,-0.0280935565428263,-0.0959726631951777
4.4621067127443,1.55617673913864,-30.1691550260889,-23.5352800521984,-0.0363800162992334,-0.0136671142746474,-0.024767744201795,-0.0968842548980713
4.54438772513582,1.55638775552095,-30.2090920279558,-23.6118007240747,-0.0232157938610023,0.0220714231559063,-0.0167212080058998,-0.0985920950321243
4.39477026539355,1.55700669585159,-30.2617512591459,-23.6973562826331,-0.0214287041096277,0.00944262130982176,-0.0312305270804131,-0.0949981798682458
4.13117760099699,1.55590011032371,-30.3317872612804,-23.7682827573616,-0.0151323213284833,0.0126533424162263,-0.0549036808060659,-0.0835798171447248
3.9678250938356,1.5547802085973,-30.3687539689111,-23.8600534187527,0.0307984087963682,-0.018232310881845,-0.067765116427064,-0.073538350509285
4.19954508860704,1.55463036266844,-30.4176138096913,-23.8850767146373,0.000205885254590754,0.0621119698158137,-0.0490657260347365,-0.087135265700428
4.18106760975608,1.55492327280218,-30.4548672453049,-23.9347654328504,0.0134138631322216,0.0365251138429872,-0.0506672987458528,-0.0862138320561063
4.46660236146983,1.55485142677073,-30.4730457787258,-24.0824938545887,0.00615340438272582,-0.0507337991928845,-0.0243319378036509,-0.0969946225453724
4.53325378669209,1.55629180189297,-30.5069055599113,-24.1774897477348,-0.0160419139501471,0.00340392193092054,-0.0178178672353652,-0.0983998150769751
4.40391789037957,1.55679362341307,-30.4554152216878,-24.2222876121305,0.0818505630385928,0.0504820219873454,-0.0303602248150006,-0.0952798863831324
4.23091520833311,1.5558510836759,-30.3849316813366,-24.3472127167487,0.116792130541338,-0.0362937643676928,-0.0463085901902316,-0.0886313402504621
4.05321744871233,1.55496647806118,-30.4027410070277,-24.520433195766,0.0434368901185529,-0.0941704881949796,-0.0612462158096069,-0.0790499908222832
4.1203220501885,1.55451138724586,-30.4840950708308,-24.6205652526718,-0.0255463308402994,-0.0171531623509225,-0.0558077329628265,-0.0829788945548797
3.77899392490688,1.55457784918373,-30.5662739455102,-24.7036294419443,-0.00181437501646897,-0.02355328948151,-0.0803644996628727,-0.0595108997910143
3.96003929358163,1.55479845787933,-30.626838026612,-24.7836547644866,0.00777153054300328,-0.0070168012510905,-0.0683356116447982,-0.0730085212912254
3.94275470805766,1.55440105937267,-30.6940233555842,-24.8537739005288,0.00240193425563362,0.00169738570913092,-0.0695872632278226,-0.0718165217513473
4.11776695460431,1.55438731872267,-30.7275680427344,-25.0648527374436,0.022474882418269,-0.128242807161091,-0.0560195695685215,-0.0828360297537103
3.97140621332325,1.55444403877244,-30.8373484770459,-25.2477818490178,-0.0422791014652262,-0.109148558147338,-0.067501332846266,-0.0737805534268862
4.15257413193268,1.55426239953864,-30.8790120488573,-25.3308345469674,0.011439360010737,0.0016826466941966,-0.053102931822161,-0.0847353446437254
4.11955386289204,1.55444718436121,-30.9353888611725,-25.3639519528496,-0.000505352492389477,0.0498185934019095,-0.0558714598228309,-0.0829359992841817
4.11969888125391,1.55435104721564,-30.9947054067537,-25.4665132253895,-0.00345711358848888,-0.019617171740248,-0.0558594319926192,-0.0829441007996467
4.03813371598854,1.5543204134385,-31.0667479264923,-25.5762241560199,-0.00961094741612811,-0.0315937188435824,-0.0624315723225019,-0.0781172117867773
4.10943427533716,1.55416710527326,-31.0795139560565,-25.6858678099548,0.0439418332770103,-0.0272772876681704,-0.0567078628411807,-0.0823663662667344
3.88186433795121,1.55424149642365,-31.1608722730648,-25.743683185936,-0.0075297832086072,0.00963347572871021,-0.0738285337997096,-0.0674488517099078
3.96326635694368,1.55419624802058,-31.3045920953858,-25.8737389285009,-0.075620169212538,-0.0568270784605409,-0.0680996531084471,-0.07322866410436
4.35897030180617,1.55404962612433,-31.3598903950119,-26.0012245889268,-0.0206875785474381,-0.033666163590734,-0.0346107210786958,-0.093819496835214
3.94318430454022,1.5551319700494,-31.432446604605,-26.0831980312516,-0.00299980491072205,-0.0101270327577674,-0.0695564046823635,-0.0718464095669595
3.92825836725921,1.55399384100313,-31.463972692663,-26.1278047961873,0.039094903940466,0.0261934856933248,-0.0706209919985365,-0.0708002506290948
3.92153156810976,1.55399217254345,-31.5660806850884,-26.1759384784096,-0.0310123427406843,0.0221899169171129,-0.0710956496846806,-0.0703235991393584
4.02838907296833,1.55397114399924,-31.576574148137,-26.3143432722943,0.0526963574018531,-0.0608996547554705,-0.0631898204504809,-0.0775051391291957
3.91641218382186,1.55391101403217,-31.6378558778896,-26.3747709194986,0.0101730002492921,0.00953106605111742,-0.0714547300018876,-0.0699587132554434
3.88016120323651,1.5539197620699,-31.707351043916,-26.4003983698327,0.00444813512262598,0.0416955636744134,-0.0739433011489866,-0.0673230140085118
3.76922801606755,1.5539584921422,-31.7860058202631,-26.5469192207539,0.00228705982975086,-0.0877976088758201,-0.0809418361768407,-0.0587232420453902
3.86506053638511,1.55422087058769,-31.8263343899417,-26.6200335012175,0.0346228847496093,-0.00691549286821047,-0.0749514544282128,-0.0661987875953596
4.13116553014382,1.55391698380252,-31.8713626941939,-26.7048147778086,0.00987638542955338,-0.00120212218677018,-0.0549046896817675,-0.0835791544043658
4.20408967729146,1.55392928846492,-31.9332387152555,-26.7626111760959,-0.0132067942896335,0.0295609503756613,-0.0486692267719434,-0.0873573486629554
3.99609054044329,1.55412524727105,-32.0126244053157,-26.7746155981322,-0.0137259593625032,0.0634197104724095,-0.0656597306977718,-0.0754241325087408
4.06646659259137,1.55371590169066,-32.0853905005292,-26.8418418125202,-0.0125725689604224,0.0126282745104165,-0.060193526253063,-0.0798544888983821
3.7991384577653,1.55373620629444,-32.1678482309115,-26.8850713208554,-0.00330827441089099,0.0178881128507555,-0.0791494559714024,-0.0611176211859643
4.1417813304328,1.55397589761049,-32.2088287524671,-26.8519484139925,0.013033831460735,0.117280198099164,-0.0540143530163086,-0.0841572912362892
4.1211007418531,1.55385271726234,-32.2122215299017,-26.9000233760577,0.0523503236413774,0.0349473643442555,-0.0557431010760212,-0.0830223264093972
4.23453103660071,1.55379336741522,-32.2450374091124,-26.9544869610454,0.0131719332485645,0.0343346194153908,-0.0459878124592063,-0.0887982044031121
4.11842922365551,1.55413653315924,-32.2681278847165,-27.0379135427084,0.0328742219444429,-0.000553470050774774,-0.0559646975486021,-0.0828731116122322
4.22788664586139,1.55374827835052,-32.30611594221,-27.1037159223582,0.00858874546185362,0.0226883058851768,-0.0465768029553443,-0.088490685535027
4.29094850650806,1.55406932360748,-32.3874023768046,-27.1612282181003,-0.0403789035619759,0.033737766750094,-0.0409075310326008,-0.0912500624921255
4.30444543908575,1.55432834597165,-32.4532381803831,-27.305362675916,-0.0261635570430627,-0.0523405971559385,-0.0396722465354164,-0.0917938606598129
4.32389177327677,1.55435989322109,-32.4836674659325,-27.3128858410022,0.00745051840850763,0.0850247708827525,-0.0378798039579252,-0.0925479359689299
4.18029520670812,1.55445795424752,-32.4919329516828,-27.3661190465341,0.0424683897013836,0.0329414652342752,-0.0507338754516693,-0.0861746707661509
4.0590291786787,1.55380398783983,-32.543676965085,-27.4298115464043,0.00904175346361313,0.0157121004154961,-0.0607857668658623,-0.0794046002856826
4.07953295864903,1.55350780513604,-32.549192718997,-27.4518047790083,0.053629255702841,0.0586409278843272,-0.0591450096147627,-0.0806341604884036
4.14373442196365,1.55353031046466,-32.6244247231521,-27.517662676269,-0.0213821209477096,0.0184047283722157,-0.0538498832073952,-0.0842626256328979
4.13326848145369,1.55363578845363,-32.7147142025004,-27.6474228397051,-0.0355606738345529,-0.0460657320381057,-0.0547288055137629,-0.0836944313980131
4.3023711066334,1.55356262989585,-32.787772886343,-27.7826340366028,-0.0331961118115451,-0.0434998270950504,-0.0398625720310237,-0.091711369802612
4.2796309453743,1.5541885699552,-32.8532994368623,-27.9079820999221,-0.0235889332098154,-0.0345668083467259,-0.0419376173095287,-0.0907812549725962
4.23413755701964,1.55403318808073,-32.9591319003466,-28.0088596191061,-0.0598097143057679,-0.0120974169196826,-0.046022749178514,-0.0887801022642551
4.34059474423541,1.55377752832472,-32.9692381983149,-28.0849520884022,0.0262224684739643,0.0170752328800261,-0.0363287664422754,-0.0931677021761437
4.3584563423358,1.55431352851439,-33.0203398731108,-28.203393696902,-0.0164427388717598,-0.0246399125631118,-0.0346589359241912,-0.093801695936709
4.15400008430181,1.55439380712768,-33.0506225635447,-28.3399246379811,0.0226993588756343,-0.0517199603574778,-0.0529820493095118,-0.0848109807216287
4.14818206459857,1.55340411094769,-33.095720462473,-28.4389573117427,0.00837668285285176,-0.0145313773021645,-0.0534745817811584,-0.0845012964594639
4.10244203352189,1.553356851225,-33.1970995361484,-28.5349435868565,-0.0440966762358066,-0.0140184342029661,-0.0572823974395551,-0.0819678409107917
3.92374452568582,1.55320027126428,-33.2642886940609,-28.561716752397,0.0037506946736201,0.0437075929334112,-0.0709398525861389,-0.0704807584739047
4.00602459578868,1.5530931544522,-33.3440440691832,-28.6876399454322,-0.0148481394112814,-0.0498505254577659,-0.06490723571105,-0.0760726675774565
3.9907581772939,1.55301609827837,-33.4198854000224,-28.7588980309294,-0.00978034666790961,0.00381485483643385,-0.0660609841712037,-0.0750729403335981
3.84162351547708,1.55297976183769,-33.4823677534313,-28.8229120585665,0.0139998771057499,0.00041010150328713,-0.0764822305146599,-0.0644241291404272
3.90768365446208,1.55313634027384,-33.5310240716612,-28.8076476409561,0.0234063187493305,0.0845967791134976,-0.0720626369792473,-0.0693323615031049
3.82883053790031,1.5530001015232,-33.5298124016085,-28.8760359596484,0.078511796060134,-0.00494787008696829,-0.0773001260074222,-0.0634404486052602
4.06170762607395,1.55314816833913,-33.5212016009302,-28.956919410554,0.0691836687127818,-0.00131632416305383,-0.0605728680344938,-0.0795671267426178
4.00423140923582,1.55296388197187,-33.5866738535789,-29.1018866516614,-0.000428708881408113,-0.0690110865562579,-0.065043543767319,-0.0759561545510886
4.22186579734382,1.55286595399586,-33.6486348451318,-29.2182602670089,-0.0148522470200376,-0.028164963909366,-0.0471087445328155,-0.0882086514381777
4.10911452762898,1.55332997938956,-33.688820182286,-29.328634934271,0.0165488592444802,-0.0280264374146841,-0.0567341963987109,-0.0823482298473531
4.01573228483198,1.55292972605664,-33.7805653463421,-29.4257499102998,-0.0275794649273458,-0.0204158035736342,-0.0641656991287496,-0.0766991724552409
4.13087874831304,1.55275211496641,-33.8214756456033,-29.4709769458679,0.0140183571452894,0.0383363697321641,-0.054928656406568,-0.0835634053002222
4.12990765731915,1.55292061622995,-33.8799069864425,-29.5335312549865,-0.0034215626743439,0.0209557160655964,-0.0550097781647738,-0.08351002518418
4.18413217478478,1.5528902451316,-33.9249855009749,-29.6407010737959,0.00532433880997729,-0.0208011186053656,-0.0504028533424258,-0.0863687002040781
3.95704183388514,1.55302766670509,-33.9518734598903,-29.7319504246201,0.0416661855123195,-0.0184459904499148,-0.0685541444277009,-0.0728033603742706
3.8992872423377,1.55263522449447,-33.930774146184,-29.7307446771877,0.0937415467425531,0.069930604503857,-0.0726422330363138,-0.0687248570714984
4.0666515293075,1.55269539128381,-33.9368967365958,-29.7399940722259,0.0540561667851343,0.0706162244876611,-0.0601787571968443,-0.0798656195258214
4.3458345309669,1.55269795800911,-33.9273318569079,-29.7726837652702,0.0454049707657056,0.060667084275511,-0.0358400910778312,-0.0933567773197681
4.25313536043746,1.5538253246311,-33.969483212722,-29.8379710988949,0.00217656295176738,0.0243510265671176,-0.0443279187659221,-0.0896383601918387
4.29420934718846,1.55327371389979,-33.9671318758988,-29.9469401577479,0.0429610989809248,-0.0175860887902739,-0.0406097621576811,-0.0913829700627889
4.21133776714947,1.55347256640352,-33.9651178471067,-30.097245088125,0.0500488087864959,-0.0625971205144324,-0.0480347799943961,-0.087707809862577
4.06275661939143,1.55303627392042,-34.0552366889678,-30.1687757173052,-0.0296294725223305,0.00809999430720909,-0.060489369338763,-0.0796306234874418
4.23688646998508,1.55256580797806,-34.0722773424901,-30.2922617666143,0.02873787330347,-0.0345797701064723,-0.045778526825826,-0.0889062792026364
4.18206720616679,1.55308482889854,-34.0403886857148,-30.3970475876828,0.0824697511852364,-0.0185213852429427,-0.050581094409925,-0.0862644358255142
4.14633533051984,1.55284035374244,-34.0540474026944,-30.4301496502809,0.039971824951234,0.0513003364922806,-0.05363054193078,-0.0844023990903745
4.02790533689119,1.55270608532172,-34.1076253972497,-30.5031051277545,0.00964931053246332,0.00451908539277435,-0.0632273050877513,-0.0774745628664042
4.23668175694374,1.55243067174275,-34.1144283637355,-30.6341468287555,0.0389937596554262,-0.0421447951227183,-0.0457967261412789,-0.0888969058783302
4.14686216731789,1.55300954181486,-34.1579063417041,-30.7570395838141,0.0101080902318103,-0.0384621131397336,-0.0535860682003868,-0.084430641918817
4.14940796387173,1.55261215164397,-34.1977170245634,-30.8044079595043,0.0135602686882983,0.0371984117082835,-0.0533709515476218,-0.08456678739849
4.29820728213873,1.55259979914788,-34.2450569370047,-30.829715676361,-0.00709581702255946,0.0662368776528917,-0.0402440954187424,-0.0915445945096004
4.32996596291902,1.55326801614742,-34.260719495018,-30.9309075816556,0.0216543968870653,-0.00841558893664152,-0.0373169549003906,-0.0927763163580136
4.30433590191877,1.55344481843195,-34.284504278757,-30.9531074728335,0.015897517397903,0.0695896233457907,-0.0396823011368377,-0.091789514523639
4.28207067585354,1.55327264765917,-34.2867287745429,-31.0893704807283,0.03949151513633,-0.0453797067182959,-0.0417160109222894,-0.0908833011764616
4.18244221255835,1.55311791592247,-34.3591595903968,-31.2072484626325,-0.0218820747146253,-0.0315945839111196,-0.05054874113928,-0.0862833979930905
4.2175353738399,1.55259234553073,-34.3935833884288,-31.3298594246554,0.0130664844202144,-0.0346071378298429,-0.047490282452129,-0.0880038241931395
4.21804733093314,1.55270903684928,-34.4437903361072,-31.4332094434356,-0.00276172563001609,-0.0153218931339709,-0.0474452220484661,-0.0880281256461351
4.3505460833873,1.55267706957827,-34.4065624435169,-31.560978478668,0.0726277321439426,-0.0342444322683697,-0.0353998395536101,-0.0935246029640258
4.11236102613307,1.5534430821989,-34.4129678609635,-31.7051480928229,0.0500611370348381,-0.0616376311119669,-0.0564665544813864,-0.082531983042943
4.15517210292142,1.55223628403333,-34.4611728137745,-31.8579949381464,0.00467766008391379,-0.0679738269171768,-0.0528826128949159,-0.0848730184063609
4.09056122802326,1.55232739432817,-34.42715942192,-31.9047412251157,0.0922655675998882,0.0345352239721062,-0.058252175745452,-0.0812815109414249
3.70502009969308,1.55213095224911,-34.4376959711645,-31.9869262287046,0.074006403355753,-0.0287763042446834,-0.0845429526001924,-0.0534086993442231
3.78360620461118,1.5525560993648,-34.4485681635244,-31.9581590267548,0.0692169725603762,0.0886481309871345,-0.0800891649202882,-0.0598809290373061
3.7936723924183,1.55224610254939,-34.5070560813463,-32.0104759149683,0.0209944269915532,0.00836718599842312,-0.0794823448134472,-0.0606840742119075
3.79181258625026,1.55218672107873,-34.5165934535618,-32.0096799159728,0.0700576956885257,0.0613321465880468,-0.0795950679040402,-0.0605361475925849
3.70429135441776,1.55219094047244,-34.4908793289234,-31.9976542614335,0.11029597612335,0.0653727294298685,-0.0845818514849574,-0.0533470748905375
3.80808199036965,1.55254719873586,-34.5516257814054,-31.9822790504619,0.0178532379047276,0.077198254176436,-0.07859969038671,-0.0618230432048871
3.74253910081221,1.55214289307253,-34.6179622238685,-32.0314754657716,0.016143641640511,0.00734592038896187,-0.0824800841036603,-0.0565423356985996
3.57373895142362,1.55234448820037,-34.7629269156696,-32.0919583879733,-0.0541577990166111,-0.0186008470042984,-0.0908068927844128,-0.0418820751973939
3.89818416088918,1.55325822963382,-34.9130877912471,-32.1958352747291,-0.0774428776368694,-0.0352322017795239,-0.0727179979407091,-0.0686446849762967
3.93498043191115,1.55181785330986,-34.9722621488085,-32.2755802201904,0.0109691186197765,-0.00847157912274321,-0.0701434761811474,-0.0712733663385195
4.00620832384095,1.55174913247871,-35.1008849762761,-32.3111750408271,-0.0637295695350062,0.0404897709366958,-0.0648932579325793,-0.0760845915734305
4.24533385605684,1.55171660989536,-35.1916994905144,-32.3735467601026,-0.0457886374750487,0.0269180921348351,-0.0450258767632236,-0.08928981141039
4.10855938722736,1.55240724510553,-35.2732991436875,-32.4909387607978,-0.0248197506895522,-0.0350752789797992,-0.0567799024835565,-0.0823167217153223
3.82422547104257,1.55180697405576,-35.2739573589636,-32.6474312143063,0.0769332375694809,-0.093408648571744,-0.0775914528456045,-0.0630838049368325
3.93273567787786,1.55175053096397,-35.2715452817095,-32.6912812242761,0.0727153677538048,0.0272657220796244,-0.0703032904997063,-0.0711157320493427
4.04092180481517,1.55156343881931,-35.2838419515685,-32.748975168828,0.0499168623664374,0.020597028159048,-0.062213532225463,-0.0782909727109792
4.20742498133623,1.55159709019397,-35.2709784492413,-32.8456177889104,0.061241095616861,-0.00912343094364765,-0.0483775932896598,-0.087519189138727
3.83161645042968,1.55210043481371,-35.3526734616504,-32.9706244846011,-0.00457192568854126,-0.0613511421647908,-0.0771230867205325,-0.0636555535259668
3.95567201154283,1.55161667945592,-35.4615854574646,-33.1260936833994,-0.0402581880659696,-0.082759813697872,-0.0686538077482062,-0.0727093851003593
3.84681627225185,1.55138816557684,-35.5580906591288,-33.2602018855989,-0.0203585396379644,-0.0692877898107325,-0.0761466620263033,-0.0648204123887834
3.81060920299796,1.55144774204579,-35.6079857237224,-33.4321445772378,0.0285481349836409,-0.109921207941081,-0.0784431995772523,-0.0620214836978556
3.7812859154655,1.55147455361122,-35.7048806545223,-33.5494680534159,-0.0166670405241334,-0.0576285381857786,-0.0802278902757038,-0.0596949379923426
4.07094262599393,1.55150855988224,-35.7269157496718,-33.6530465947501,0.0378003979535464,-0.0234554250373442,-0.0598354931030426,-0.0801231162968325
4.04438334503762,1.55130265128128,-35.7722609109461,-33.7318047540974,0.0165969914122464,-0.000252301473203431,-0.061942152686573,-0.0785058578741312
3.87146755395062,1.55121638839819,-35.8549803971853,-33.7889982801868,-0.00819370407275599,0.00948411478433142,-0.0745257821664406,-0.0666776408736861
3.87754683677823,1.55117038375714,-35.8931590404553,-33.8767975583258,0.0359404120103513,-0.0206698088699018,-0.0741190552803484,-0.0671294692690822
3.92304374941536,1.5511247914431,-35.9628125489384,-33.9600552634049,0.00133571792321519,-0.012826676872514,-0.0709892264063259,-0.0704310282065469
3.96010160990249,1.55103325805501,-36.054325282797,-34.0532170205745,-0.02318167196891,-0.0201489775962518,-0.0683310618896781,-0.0730127795733664
3.74529988879305,1.55097223444029,-36.1163912254925,-34.2197068758012,0.0202577258763412,-0.109720025273802,-0.0823236685718045,-0.0567698299528869
3.70773996065189,1.55133773017085,-36.1785580959062,-34.3554753826359,0.0222305054202678,-0.0821300602470978,-0.0843973758339626,-0.0536384465876937
3.82971905573535,1.55144694237423,-36.2880870856124,-34.4220532436089,-0.032285262174252,-0.00306875487812919,-0.0772437275319611,-0.0635091060948598
3.81744240398079,1.55095479430425,-36.4078294127979,-34.5006102765144,-0.0417247609263143,-0.0160009831981285,-0.0780175662592379,-0.0625560497073259
3.63134164781949,1.55093299216778,-36.5112784199625,-34.5819411690498,-0.0152039111018283,-0.0342904522645113,-0.0882450960627262,-0.0470404402709012
3.6976962276262,1.55173391569246,-36.6393798849459,-34.6790953449827,-0.0431696247927178,-0.044366085213243,-0.0849318401906632,-0.0527880907196657
3.61494617733875,1.5512931535702,-36.7423645498861,-34.7135790968017,-0.0139802136611351,0.0111036110408747,-0.0890044512790468,-0.0455873628598517
3.99098212278121,1.55175422000358,-36.6846053615246,-34.774903167586,0.123803358630038,0.0137636617259353,-0.0660441702686059,-0.0750877325102536
3.99963798485482,1.55060202023506,-36.7266563059167,-34.8563497346463,0.0233408108070776,-0.00578998537714059,-0.0653917551991218,-0.0756565816831432
3.94787421540897,1.55057368751069,-36.8205504552026,-34.9400761871705,-0.0246754615797649,-0.0115546209536896,-0.0692186877061443,-0.0721718315704906
4.02261251281779,1.55050125840925,-36.8545464679535,-35.0627200429788,0.0296404640313703,-0.0455050275650448,-0.0636364767822304,-0.0771388282432696
3.95433601092618,1.55050408976307,-36.8584097478192,-35.1342923324708,0.0648876063669235,0.00104530921677526,-0.0687508862326379,-0.0726175987087626
3.86563050467473,1.55043195464334,-36.9500987659074,-35.1316911164447,-0.0167753070421917,0.0688427128185767,-0.0749137110460063,-0.0662414967925354
3.92166559707128,1.55048460302516,-36.9871911757146,-35.1749363222328,0.0339938138399241,0.0270879215957474,-0.0710862236471728,-0.0703331273837879
3.77220165365538,1.55039287931772,-37.0618290632992,-35.2473887296519,0.00612896934516982,-0.0134887336725102,-0.0807668569297048,-0.0589636737466095
3.77927668254769,1.55067371750497,-37.164531671784,-35.3529233134334,-0.0223549391960418,-0.0460009626935132,-0.0803476692888234,-0.0595336210880362
3.87957849726465,1.55058741593519,-37.170537186632,-35.4575696177278,0.0679770032674938,-0.0373663889162563,-0.0739825181154875,-0.067279915378154
4.13637408160321,1.55029751534637,-37.2556873219287,-35.5003858139431,-0.0306815147264103,0.0410477970903793,-0.0544686205702379,-0.0838639933056819
4.12964534176434,1.55055280470398,-37.2929635502906,-35.5691228893922,0.0177554538885722,0.0147585169416664,-0.0550316822505151,-0.0834955923907265
4.06170470691223,1.55049789785146,-37.3212277102612,-35.6333021500054,0.0323089403329249,0.0153876893070688,-0.0605731003035464,-0.079566949920281
3.9709367671624,1.55027065366887,-37.456504975687,-35.6690346569356,-0.0677413040211583,0.0380163501264281,-0.0675359614045836,-0.0737488570566256
4.09441323918057,1.55009803211131,-37.5226934631405,-35.7662426731998,-0.00824984039287813,-0.0157027208731031,-0.0579386470606462,-0.0815052953910473
4.15022417635584,1.55025275630883,-37.5894480084866,-35.8543171100666,-0.0134526360363552,-0.00346411560557702,-0.053301909309732,-0.0846103212612806
4.13425415602604,1.55040274259541,-37.6900339297338,-35.909404663736,-0.0459396377789467,0.0286607818550353,-0.0546462834682424,-0.0837483355244061
4.02209466337785,1.55029077735707,-37.76169674281,-36.0039381137262,-0.00798639852941818,-0.017427586202398,-0.0636764145468143,-0.0771058637877967
3.87940683170374,1.54994868799793,-37.8468498151998,-36.0516201675168,-0.0111590057200992,0.0195851603457566,-0.0739940666697448,-0.067267214136408
3.82024315031538,1.54991555122187,-37.9102128293414,-36.0831660470587,0.0144790427281336,0.0312284319422276,-0.0778420568696504,-0.0627743114840945
3.89049936951893,1.55001633140456,-37.9018184605616,-36.188167292094,0.0816377344038983,-0.0369174041326734,-0.0732433656240927,-0.0680838409026362
4.11134327861464,1.54983806915513,-37.8822667082949,-36.2290687145996,0.0761022742101716,0.041573049107843,-0.0565505219435099,-0.0824744716134429
4.19182284120126,1.55005832746476,-37.8412839790002,-36.3255772413163,0.090719865757773,-0.00975475298635398,-0.0497371364630824,-0.0867537737303267
4.18674567992551,1.55038654364506,-37.7933900028105,-36.4400186667183,0.0980709326111402,-0.0279412921981981,-0.0501769564214534,-0.0865001332038256
4.00209907983617,1.5503517986251,-37.8305352548681,-36.4794256689993,0.0280601072575664,0.0364102854348587,-0.0652053593151469,-0.0758172877158144
3.96509347206019,1.54975824782883,-37.9382257902421,-36.5392199788436,-0.0397247930604685,0.0135586578650024,-0.0679657423135483,-0.073352967709346
3.87232610159708,1.54967714495366,-38.0783366407447,-36.638631215292,-0.0656423417273615,-0.0326696362218482,-0.0744685087752032,-0.0667416002265265
3.79148303084044,1.54966006219102,-38.2062876103544,-36.7165833812283,-0.0483359560133998,-0.0174422526157847,-0.079615013596326,-0.0605099133205199
3.90113831937004,1.54979778495326,-38.3151634480207,-36.7993402123882,-0.0363609440155379,-0.0138976255384369,-0.0725148936507199,-0.0688592056215055
3.94329851106893,1.54949726069583,-38.4424544942128,-36.8577671224373,-0.0577428472924595,0.0134274428449075,-0.0695481988997277,-0.0718543528939194
3.8192654514708,1.54941324074493,-38.5825526988655,-36.9037420713747,-0.062194810625396,0.0167232264668913,-0.0779033940272653,-0.0626981754043342
3.64034974340647,1.54954297142705,-38.6848140682433,-36.9752327880219,-0.0144435927012694,-0.0236572754204407,-0.0878177766765055,-0.0478334412267758
3.62343762164702,1.55033897493949,-38.8436767829014,-36.9702554320065,-0.0702485700770836,0.0513188426140301,-0.0886141445810509,-0.0463414865986042
3.46555586531161,1.55042533804932,-38.9269269915236,-36.9646720635546,0.0115479186411314,0.0374159785769836,-0.0947981272632782,-0.0318326101250795
3.48082039552203,1.55177580351417,-39.0925176467743,-36.9819075788792,-0.0712894630028096,0.0160403789628158,-0.094301192247896,-0.033275894287387
3.61731352334108,1.55159376082544,-39.2976168268547,-36.9877068208103,-0.116202899166758,0.0399986973206605,-0.0888962809137154,-0.0457979392517807
3.69495269795388,1.55037632164092,-39.4279373147076,-37.0312469072227,-0.0452441417894924,0.00901479290918439,-0.0850763460633432,-0.0525548793216222
3.73539623991594,1.54982166926805,-39.5780807294083,-37.0567978601537,-0.0672615640697565,0.0304008016079647,-0.0828818506309643,-0.0559517545389466
3.73799187387066,1.54955924835915,-39.6622652475369,-37.0801058031193,-0.00144817680894604,0.0328587537953133,-0.0827363413196968,-0.0561666967608977
3.78585851740911,1.54951687316088,-39.7378098165441,-37.1789865259387,0.00440952230171021,-0.0388195599688217,-0.0799540913089022,-0.060061162850612
3.9183365704885,1.54924465028503,-39.7866640975214,-37.2135693279526,0.0224656891848589,0.0355132881485982,-0.0713199701621515,-0.0700960901625035
3.84861786178686,1.54888529916784,-39.8164996189539,-37.3518099675152,0.0461942373048636,-0.0732831474131446,-0.0760297587373375,-0.0649574921494223
3.69549256040491,1.54895033227535,-39.9005383173988,-37.4546637701969,0.00100926281600877,-0.0502530014962221,-0.0850479612609446,-0.0526008011855035
3.43751066077525,1.54953365649359,-39.9806306142499,-37.4960008384877,0.0155611869410421,-0.0121752604174572,-0.0956534837920641,-0.0291618078733354
3.46268713500503,1.55170877192982,-40.1320037022595,-37.5001423348964,-0.0564840317738842,0.0274190328437389,-0.0948890562357182,-0.0315605292524492
3.54570753422052,1.55141467518832,-40.2773972467941,-37.5610615759427,-0.0534484654618375,-0.0215987319664377,-0.0919450790727832,-0.0393205090798637
3.33553393391381,1.55054069570677,-40.4026527033251,-37.600187380012,-0.0271302301177307,-0.0198530268602297,-0.0981252264132455,-0.0192727772090405
3.59017885110195,1.5528681887481,-40.564623859326,-37.6510806092385,-0.0718650402431216,-0.00752402467955759,-0.0901061157578508,-0.0433692045469224
3.80291560941353,1.55006212615093,-40.6650682493472,-37.752784661284,-0.0215263486314043,-0.040287908050527,-0.0789180413897139,-0.0614161439949742
3.98383535461083,1.54869612316945,-40.7480843582728,-37.8076310069829,-0.0164369952471297,0.019767470862013,-0.0665791136784977,-0.0746138165609137
4.05257833491873,1.54832433950245,-40.7927553912535,-37.888239562206,0.0166256922565005,-0.00159772384416645,-0.0612967252371742,-0.0790108313789848
4.04710802326795,1.54834863433198,-40.8675777350307,-37.9475006194088,-0.0130943239530481,0.0194132814889905,-0.0617280198241875,-0.0786743386917533
4.12548389573995,1.54829088929153,-40.8866359793686,-38.0713350318634,0.0363204228021452,-0.0405685537502325,-0.055378667140102,-0.0832658587044282
4.21237131802638,1.54844252036597,-40.9466361507881,-38.1737114404692,-0.0120560675487411,-0.0146189992089241,-0.0479441038707077,-0.0877574093967842
4.11987878866085,1.54877215063966,-40.9563286638393,-38.2280783034289,0.0461519957794145,0.0285872860231113,-0.055844508830612,-0.0829541489828429
4.10630572144268,1.54834498539976,-41.0120324953534,-38.295076630012,0.00126144099888137,0.0151902232733951,-0.056965272512985,-0.0821885498565424
3.77698726779314,1.54825703197792,-41.0530100960644,-38.2968504891923,0.0395061550414297,0.0575756569086541,-0.0804837557524235,-0.0593495160888801
3.78713232310837,1.54846191020854,-41.1705375281012,-38.3665350470426,-0.037649911824726,-0.00952159777708239,-0.0798775202120639,-0.0601629600732156
3.70760479502076,1.54835544773929,-41.2633159594389,-38.4380022073668,-0.00837380620026096,-0.0178401218510411,-0.084404625137467,-0.0536270384731777
3.93355216243602,1.54870493078851,-41.3319589913671,-38.5601895569843,0.00160217024716403,-0.0510142397279738,-0.0702452021753584,-0.0711731098895013
4.01219636129084,1.54785014886923,-41.4011187134907,-38.6587552729128,-0.00472322227409805,-0.0220939074815851,-0.0644364998494911,-0.0764718084469469
3.94572054267735,1.54778894789639,-41.505842680618,-38.7667426247466,-0.0353500055643075,-0.0359647619258157,-0.0693739615629568,-0.0720225899080379
4.11369252947775,1.54769784594991,-41.5946615317029,-38.945029299354,-0.0324622382373825,-0.0956795793410106,-0.0563566128475906,-0.0826070952663679
4.08796307578157,1.54782494716391,-41.6118984637163,-39.0529998648575,0.0412262286218557,-0.0268406767537972,-0.0584631606352295,-0.0811298887497041
3.94865700534188,1.54770226962399,-41.686130932751,-39.1489331181059,-0.0050702979131394,-0.0237072601035471,-0.0691621711214981,-0.0722259931448548
4.03745866697856,1.54747726855365,-41.7362500542804,-39.1823812837397,0.0123651695107796,0.0446268839864747,-0.0624842910402185,-0.0780750496202293
4.15889606834904,1.54749505739195,-41.7754507993292,-39.224449817705,0.0133654377048771,0.0430008285026124,-0.0525661827536984,-0.0850693624679578
3.88087976772783,1.54782887488803,-41.8014319516752,-39.2968432022193,0.0479137537901195,-0.00501725486034688,-0.0738949061360803,-0.0673761296539055
4.01805177863639,1.54746023321984,-41.8797078164479,-39.4018085601867,-0.0142882413470211,-0.0281175600266674,-0.0639876234256517,-0.0768477979407152
4.15705928522035,1.54732791273488,-41.9219261682472,-39.4778591494439,0.0105039961631377,0.00892207708509707,-0.0527223479624476,-0.0849726663423397
4.07871917648632,1.54767288989241,-41.9578182195561,-39.5631727100348,0.0233185573559851,-0.00472755795066848,-0.0592106086648949,-0.0805860026402394
4.18175812594805,1.54735079723549,-41.9701190886204,-39.5938418293684,0.03830688555988,0.0555796787560379,-0.0506077546241746,-0.0862487980895927
4.11506263505404,1.54773048287416,-41.9734221202279,-39.7150512900546,0.0529403479375787,-0.0385252284690571,-0.0562433795451282,-0.0826842322171686
4.13303182716136,1.54740212724425,-41.9756767583792,-39.7593343029757,0.0524939724761815,0.0393984643266176,-0.0547486106274621,-0.0836814772477312
4.26844426571042,1.54745346424142,-41.9820898978836,-39.8242184956307,0.0365373733958769,0.0254222492060299,-0.0429505129002894,-0.0903064418610437
4.22105716345641,1.54818358546605,-41.9867303680299,-39.8801120126396,0.0425395874815138,0.0322770118669469,-0.047180057627819,-0.0881705288757852
4.28105386453935,1.547852378067,-41.9095894337421,-39.9873798066074,0.118949334797922,-0.0164269570782971,-0.0418084005100734,-0.090840836889525
4.36367313074545,1.54826704962459,-41.8800145038895,-40.0563532885721,0.0637440527778708,0.0250077450890152,-0.0341691229252465,-0.0939812270537015
4.24111967279906,1.54896354080897,-41.9076556206919,-40.1575626273874,0.0177606426610524,-0.0121100670022132,-0.0454017594634547,-0.0890992718130884
4.206363711926,1.54793713957666,-41.9228416802435,-40.210994662182,0.0332843879151419,0.0340357634077226,-0.0484704474668022,-0.0874677982023555
4.30695325503852,1.54769496414839,-41.9651048770628,-40.2566546572197,-0.00282127690276113,0.0462330675584945,-0.0394419199164757,-0.0918930625961629
4.37818596350197,1.54837231390857,-41.9710160277107,-40.2831238713397,0.0268904879987595,0.0679979891945937,-0.0328016386466888,-0.0944672033146534
4.01156938194211,1.54900498729316,-41.9900387864073,-40.334472403353,0.0454616747293386,0.0250828610509235,-0.0644844334259125,-0.0764313930642315
4.04527387629039,1.54691126711523,-42.0053400434886,-40.3660882645696,0.0465709591330459,0.0469451269437036,-0.0618722162143673,-0.0785609881602986
4.05155122015626,1.54695187148433,-42.0947919832252,-40.3986868940764,-0.028074093655384,0.0463492014350841,-0.061377846081271,-0.0789478309418556
4.23427425715164,1.54691489796261,-42.1009963408914,-40.4684096181909,0.039806254830669,0.0190636686361148,-0.0460106124968415,-0.0887863927506096
4.17641374749375,1.54770598909919,-42.1349471617572,-40.53427084886,0.0171171550450708,0.0201158699820043,-0.0510679759108439,-0.0859771006511005
4.11295614769401,1.5473237394394,-42.1791069804715,-40.5879080467734,0.0122576092080777,0.0289283749764273,-0.0564174279223396,-0.0825655728898408
3.89886547332095,1.54699539330464,-42.2720047082981,-40.6252471508882,-0.0202265152369527,0.0313551086017507,-0.072671212589717,-0.068694212716503
3.79322002592732,1.5466771270934,-42.3638050797841,-40.7232696708235,-0.0122905833641838,-0.0373744070806699,-0.0795097881217682,-0.0606481128546597
3.97941611242225,1.5468772160731,-42.4150126752473,-40.8083734658434,0.0157006035339258,-0.0107849353209737,-0.0669081989971685,-0.0743188596989708
3.75043313453049,1.54651062950394,-42.5053778204442,-40.8701326757601,-0.00833397345360254,-0.00456754214579069,-0.0820311717433132,-0.057191667770918
3.57020521137206,1.54694856661657,-42.5741279311933,-40.9146720209265,0.0222042151271289,-0.00297841875229476,-0.0909543258762418,-0.0415609264141022
3.4808257709769,1.54818312123018,-42.68390925101,-40.968347571431,-0.0154803064431981,-0.0203991493057702,-0.0943010133734656,-0.0332764011987094
3.57970150115981,1.54904347437128,-42.7773334956178,-41.0540903822841,-0.00286868847860688,-0.043320042742877,-0.0905555561291741,-0.0424227681102494
3.89561855414272,1.5479743163696,-42.8720450502755,-41.1328314247343,-0.0218176809703827,-0.0102831489764714,-0.0728938736872956,-0.0684578934737302
4.12413938284426,1.5462211276646,-42.96763448758,-41.255117747425,-0.0400988682317625,-0.0390949965564094,-0.055490569072757,-0.0831913261342887
4.07100911590217,1.54642508418707,-42.9536555189839,-41.3227233258124,0.073809134188199,0.0125215161888315,-0.059830165592132,-0.0801270945761673
4.16316413474487,1.54622088701402,-42.9632925905497,-41.4081114252586,0.0425655518206547,-9.51565284459388e-05,-0.0522026233864371,-0.0852929429177691
4.13346868700594,1.54655294310878,-43.0617320356242,-41.4825332626332,-0.0437273967472684,0.00928354935669273,-0.054712048327189,-0.0837053867313408
3.99720766362033,1.5463349722585,-43.1585805618095,-41.5741153783552,-0.0312730944870836,-0.016084680284854,-0.0655754316982711,-0.0754974354371417
3.66321396612596,1.54587873890493,-43.2707404181436,-41.6176564606655,-0.0254586121904516,0.00628756671763164,-0.0867012441436052,-0.0498286490279534
3.78291389101105,1.54685473360037,-43.3309814384549,-41.6459292800221,0.0198895817939793,0.0315526485166908,-0.0801306021052449,-0.0598254678732304
3.89286774631813,1.5461278346693,-43.3692865681688,-41.7253251395122,0.0347767824531502,-0.0111387418100006,-0.0730819121670796,-0.0682571176801604
3.87384500815952,1.54574733925452,-43.4281071287241,-41.723217843542,0.0155464881019824,0.0689619298709163,-0.0743670486573304,-0.0668546339007122
3.86117900526509,1.54576000278964,-43.4966825084119,-41.7363139241367,0.00663246213018809,0.0528112826441407,-0.0752078418179176,-0.0659073632387997
3.88274153293514,1.54575547550688,-43.5795407684592,-41.7549389385341,-0.0090889204389093,0.0488885733737572,-0.0737693396084477,-0.0675135877711555
3.93017837518023,1.54566654389927,-43.6513933978843,-41.7451270529725,-0.00136770455472401,0.080747598471377,-0.070484924870392,-0.0709357129097551
3.79990786981872,1.54557761891336,-43.6444572172229,-41.7095489815429,0.0860385885749793,0.0967565730643316,-0.0791024079135895,-0.0611785016347418
3.73423693489072,1.54591364411689,-43.7075286548992,-41.7643618111838,0.0198752223943153,0.00104280197434159,-0.0829466600705354,-0.0558556316152906
3.94682487978447,1.54618318521362,-43.7716719555226,-41.8435979231251,0.0051510814342457,-0.00713695372669099,-0.0692943820576716,-0.0720991582145412
4.14843069085016,1.54546990261152,-43.8998244857745,-42.0425826115937,-0.0746989593639036,-0.114470099436217,-0.0534535708880159,-0.084514589032426
3.95433087122889,1.54576577587911,-44.0183903910366,-42.18926705169,-0.0498146457978343,-0.0740671947472142,-0.0687512594642052,-0.0726172453490597
3.83271616225561,1.54519454603105,-44.0501496620929,-42.2737440431929,0.0452937662783199,-0.0207366633149464,-0.0770530373346252,-0.0637403281879601
3.79346291639965,1.54534442280883,-44.1865882610226,-42.3254951786923,-0.0569435440019959,0.00891628773605335,-0.0794950549277649,-0.06066742323547
4.00636559472819,1.54541278167582,-44.2015539219163,-42.4241574038245,0.0499156303451826,-0.0225674286794564,-0.0648812912388669,-0.0760947964526967
3.85028426225658,1.54502659772243,-44.2860287840935,-42.5818491842845,-0.008553454148295,-0.0926076825335216,-0.075921408028872,-0.0650840979265561
3.91905134407077,1.54503346495878,-44.3610863432795,-42.6946158674197,-0.00378771007179779,-0.0426196332525379,-0.0712698491142179,-0.0701470498826331
3.90863956067032,1.54481196931535,-44.4468689486505,-42.7435573149654,-0.0137862765403618,0.0204597673925746,-0.0719963288306918,-0.0694012149382336
4.04490054989571,1.5447608677141,-44.5143493452369,-42.8165028119379,-0.00557885579380724,0.00559238718221633,-0.0619015407925127,-0.0785378841548007
4.17704793237117,1.54475870886729,-44.5646021728661,-42.9238441581677,0.000760612638732283,-0.0213318763323787,-0.0510134402679351,-0.0860094698973887
4.25620263063956,1.5452136291181,-44.6265820277414,-42.9715420524632,-0.0179270892710761,0.0420760097224495,-0.0440527656042474,-0.0897739040179118
4.18715343126049,1.54569210799762,-44.684137393579,-42.9876343931062,-0.00741368413124022,0.0704282450904232,-0.050141681706401,-0.0865205857334194
4.07402453060849,1.54517968181639,-44.7490224755126,-42.9701281357712,-0.00529680440410374,0.0978134001123192,-0.0595882775294904,-0.080307142777392
4.07509802339579,1.54464401978722,-44.7670146569936,-43.0562262686782,0.041509852592192,-0.00572706882818075,-0.0595020340731399,-0.080371064078802
4.09842816330404,1.5445990929786,-44.7866490249553,-43.1855658317945,0.0379765754277201,-0.0476023059945434,-0.0576109433894107,-0.0817372571217197
4.21221419593839,1.54461043750273,-44.8979639230102,-43.2481959569835,-0.0633570061486566,0.0251197500467883,-0.0479578919062455,-0.0877498752358593
4.29155142423735,1.54511385931715,-44.9970441466979,-43.3163833045107,-0.0582277163674192,0.0230873622540613,-0.0408525073203152,-0.0912747097812072
4.52863865674232,1.54563940702954,-44.982915102329,-43.3856961409669,0.0324008481709868,0.0290036992121552,-0.0182718038020483,-0.098316535668317
4.46807385397978,1.54838459699343,-45.0537337015918,-43.4872651420194,-0.0466294146110968,-0.004538679266608,-0.0241891846517289,-0.0970303217859477
4.42185221752826,1.54748327196853,-45.1031340402951,-43.5554115021893,-0.0207536853426902,0.0276626647246538,-0.0286466533606444,-0.0958090248945008
4.41430829694454,1.54685348358076,-45.1777577088797,-43.5910308739985,-0.0452550615517033,0.05997082078895,-0.0293686070328321,-0.0955901925981483
4.14654489674791,1.54670414568251,-45.3386222911289,-43.7016791557917,-0.107251729388434,-0.0262346454059106,-0.0536128528608189,-0.0844136363872816
4.24857105184657,1.54428489110663,-45.3909819782609,-43.6986668716698,-0.00762309438813347,0.092447385003263,-0.0447365927437999,-0.0894351008814514
4.39117105537554,1.54490559381927,-45.3530503493987,-43.7379079644567,0.0695038713202685,0.0556440667807365,-0.0315722424580793,-0.0948851595675965
4.25923258900348,1.54627861585634,-45.4083740810017,-43.83186459982,-0.0115431789902409,-0.0040496655949962,-0.0437805526128072,-0.0899069697682956
4.01508024578362,1.54493007949714,-45.4884828152854,-43.8983501924282,-0.0158930379431972,0.0101717250040707,-0.0642156963404425,-0.0766573176122938
3.94943918427139,1.54367226982857,-45.5666574890224,-44.0002724660329,-0.00906901741665322,-0.0296422053664855,-0.0691056563204164,-0.072280068238239
3.89187355326453,1.54353343813526,-45.7294766246461,-44.0595840684812,-0.0896693988333155,0.00887282398108491,-0.0731497367903545,-0.0681844264293678
3.82631581444421,1.54347939263751,-45.8546838070686,-44.1783650939085,-0.0477477658154655,-0.0555351656504901,-0.0774594166069938,-0.0632458597767805
3.865392963369,1.5435313877919,-45.970249053096,-44.2485195127812,-0.0406358020034396,-0.0039307190496114,-0.0749294440239641,-0.0662236998230968
3.85305801191973,1.5433135304185,-46.1148401897512,-44.3269907556974,-0.0688505474472052,-0.0131768086479114,-0.0757405892080629,-0.0652944342682856
3.83275837313964,1.5432335609027,-46.2057815552492,-44.3580301816525,-0.013891018767616,0.0327041546529321,-0.0770503467303797,-0.0637435806079974
3.77960054823372,1.54324029018576,-46.3204721599905,-44.4144195163793,-0.0343622205629153,0.00317030509156435,-0.0803283841783318,-0.0595596398184067
3.81900289342793,1.54338704107436,-46.445722211205,-44.547675837713,-0.0473301979624416,-0.0705786022528816,-0.077919853252099,-0.0626777190807974
3.76083639092158,1.54306494177113,-46.476339875231,-44.5666693697247,0.0508140998819719,0.0390484168429466,-0.081431763907943,-0.0580419488546089
3.70498849331791,1.54332308633138,-46.4958992102598,-44.6466322073855,0.0649853055844858,-0.0265568104395442,-0.0845446406133535,-0.0534060272212688
3.57228023807964,1.54362039690241,-46.5671704820569,-44.6877530408769,0.0195966182962408,0.000628735967399763,-0.0908678900932484,-0.0417495694588738
3.64760646511622,1.54476123445978,-46.6002287242889,-44.7067820723479,0.0544101112872113,0.0294404138799722,-0.0874683535192484,-0.0484694453509817
3.78225278898259,1.54399986482728,-46.6435837241398,-44.7103139161666,0.0368151354788715,0.0562406364812715,-0.0801701353297536,-0.0597724802999591
4.02580588389684,1.54304064049678,-46.7131875351739,-44.7620584520377,-0.00621399120643673,0.0255971135954818,-0.0633898198277227,-0.077341649466564
3.89292600512427,1.54254988565661,-46.8114399112923,-44.7795809484974,-0.0251744406535259,0.0507388787696015,-0.0730779354648722,-0.0682613752292757
3.95596389000623,1.54251487603228,-46.8528864094801,-44.7846086812174,0.0271860843327225,0.0677016878508612,-0.0686325825204967,-0.07272942057082
