X,Y,Theta,FmPi_x,FmPi_y,Xi_x,Xi_y
0,0,3.56699071351241,0,0,0,0
-0.066285142886712,-0.057858097435333,3.30919724332545,-0.0985987200020917,-0.016682098607463,0.0323135771153797,-0.04117599882787
-0.203139574049359,-0.189706142927456,2.6635610319295,-0.0887902159982934,0.0460032340491015,-0.0480642151643535,-0.177851279541224
-0.290559402825289,0.0314879656701423,3.02924621963468,-0.0993695774423663,0.0112110248829256,0.011949748666436,0.209983083714673
-0.250829501647479,-0.150083498900588,3.69848605413253,-0.0848901202703893,-0.0528551556660165,0.1246200214482,-0.128716308904714
-0.439871740884022,0.125130495913687,3.57958462995903,-0.0905605135105684,-0.0424121844839684,-0.0984817257259743,0.317626179298244
-0.502922480390058,0.0728866407681408,3.62913798225385,-0.0883485431119761,-0.0468458635312799,0.0252978036059394,-0.00539799161426672
-0.623684654248283,0.0560355113469068,4.18536977575144,-0.0502959247829351,-0.0864310126646063,-0.0704662490752901,0.0695798832433723
-0.684249409168774,0.0236192011491202,3.40527552745412,-0.096543663119247,-0.026063789277796,0.0359789081987561,-0.00635252091999059
-0.861450283866803,-0.152543846093043,3.81238461152593,-0.078332962534616,-0.0621606546020105,-0.0988679121634127,-0.114002392640153
-1.04558449265008,-0.14047157178279,3.75000859587165,-0.082055444424151,-0.0571568372144144,-0.102078764359128,0.0692291115246673
-1.23485584153261,-0.250257011706179,3.93503040890587,-0.0701399140648968,-0.0712768718096472,-0.119131434817635,-0.0385085681137414
-1.33287470852237,-0.207566202780292,3.50650599462555,-0.0934154690513253,-0.0356868342939087,-0.00460339793843312,0.0783776432197952
-1.36256810989341,-0.25051944052117,3.7578358796375,-0.0816055526015314,-0.0577973510171417,0.0519121512304959,0.014844113276264
-1.25152690524392,-0.313756196304343,3.474785164631,-0.0945003013252078,-0.0327061622549166,0.205541505974698,-0.0305305935282565
-1.40728973339396,-0.311502999052614,3.77426646174966,-0.0806449361734371,-0.0591303159942704,-0.0751178919766083,0.061383513246
-1.3630068387075,-0.522804812280537,3.76355121112807,-0.0812738905599338,-0.0582628072894871,0.125556785246394,-0.153039005938436
-1.34437006957901,-0.633691099432467,4.19583723767499,-0.0493884725892717,-0.0869527387452446,0.0680252417177695,-0.0239335484066861
-1.36698832718287,-0.768619625623363,4.28290649720307,-0.0416400341563492,-0.090918136559534,0.0190217765524815,-0.0440103896313616
-1.48506466203822,-0.804162112636319,3.98535638554256,-0.0664655467827912,-0.0747149991023529,-0.0516107880725553,0.0391725120893962
-1.47327480084335,-0.872471398052061,5.23594688384142,0.0499964603269473,-0.0866045839131855,-0.0382065991320735,0.0182952984974435
-1.23856473322105,-0.94576469576081,5.69322831679581,0.0830964607205688,-0.0556325283958492,0.15161360690173,-0.0176607693128997
-1.01727176707116,-0.997586732182154,5.69034020605305,0.0829354414798489,-0.0558722878226993,0.138357524670041,0.0040502514013557
-0.973693148188173,-1.19487078767458,5.90050591162696,0.0927667460595294,-0.0373407394882157,-0.0491881271765448,-0.159943316004207
-0.73076911858972,-1.38331596608802,5.5480627885086,0.0741748588387696,-0.0670678038722651,0.168749170759683,-0.121377374541176
-0.726905216275407,-1.41738332421881,6.37013852849629,0.0996221949994617,0.00868436891715353,-0.0957582926851492,-0.0427517270479432
-0.787423832633805,-1.64162353608628,5.3946327966913,0.0630536170005235,-0.0776159866467682,-0.123572233358921,-0.146624225220706
-0.555191763879337,-1.72446150178843,5.63228181074667,0.0795536689940726,-0.0605905417501901,0.152678399760395,-0.0222474239519611
-0.299387071255944,-1.72681615987931,5.38509717932601,0.0623106452187206,-0.0782137039937806,0.193494047404672,0.0758590459028993
-0.245105261861068,-1.79266760872023,5.09139054044366,0.0369993068821043,-0.0929034514441949,0.017282502512772,0.0270520026032838
-0.0832075083890641,-1.89376870313901,5.36597095443887,0.0608034068720104,-0.0793910934095051,0.101094346599994,-0.0217100010092837
-0.0713761655886001,-2.09804276521072,5.20423642564728,0.047225514576802,-0.0881461897812734,-0.035394171776338,-0.116127872290433
0.0226727408867769,-2.13208816120562,5.75906663834719,0.0865765340140546,-0.0500450173155456,0.00747237246132237,0.0159996213206482
0.158914309553631,-2.2336485702992,5.49058781133937,0.0701997803641469,-0.0712179109271365,0.0660417883027073,-0.0303424981664485
0.237629321958819,-2.24416434606045,5.20259557412595,0.0470808162572777,-0.0882235611418427,0.0316341961479107,0.0777077853805993
0.320782227014091,-2.26377154976084,5.42597620221053,0.0654549983514253,-0.0756018729319248,0.0176979067038464,0.0559946692315277
0.261663786555744,-2.43586425434634,5.07453608541093,0.0354282888502923,-0.0935138297212784,-0.0945467293086397,-0.0785788748642187
0.322938308945545,-2.65832205192311,4.97129770557897,0.0256025801989714,-0.0966669948180621,0.0356719421908302,-0.125790802758708
0.418855829621709,-2.89313112642907,5.12064048193921,0.0397005135145113,-0.0917816388319805,0.0562170071616525,-0.143027435673979
0.602867997126787,-2.97020680044932,5.7517940213421,0.0862102894306214,-0.0506733262800902,0.0978018780744564,-0.0264023477401647
0.724273233415244,-3.00984465214733,5.50450250344509,0.0711839278049446,-0.0702342396716903,0.0502213084835128,0.0305963879736801
0.897866568448284,-2.97377669461347,6.05082405480726,0.0973125368693871,-0.0230275957938333,0.0762807981636524,0.0590955533276977
1.01208332992167,-3.11794584710385,5.7403541006118,0.0856249620533589,-0.0516562278274444,0.028591799420024,-0.0925129246629346
1.20472750867634,-3.03380868978101,5.45576033773325,0.0676773716322515,-0.0736191100798571,0.124966807122425,0.1577562674027
1.2540090846103,-3.12931939410374,5.07866997337865,0.0358145607276505,-0.0933665745322459,0.0134670152063077,-0.00214412979049188
1.32896181437054,-3.32600264698621,4.94622143924457,0.0231707376567307,-0.0972785532193143,0.0517819921035109,-0.0994046996631518
1.28194195334212,-3.35379152473523,4.41783877609525,-0.0290309455227993,-0.0956932819065804,-0.0179889155056218,0.0679044041575586
1.28398171968558,-3.45005725056034,3.85941852236816,-0.0753237539979436,-0.0657748590546364,0.077363520341398,-0.0304908667704716
1.12556669068354,-3.55272260097328,3.39428203248513,-0.0968243555573239,-0.0250008834025704,-0.0615906734447101,-0.0776644670103657
0.961615483993139,-3.42743857678905,3.20113771974307,-0.0998227716294208,-0.0059509885078458,-0.0641284350609821,0.131235012692067
1.09979405188526,-3.41201333548927,2.77332971865337,-0.0932954088223858,0.0359995373951374,0.231473976714507,-0.0205742960953554
1.11494663521952,-3.145894438613,2.07823468775765,-0.0485939991220299,0.0873992176700007,0.0637465824562894,0.178719679206276
1.0256781084683,-3.12051562488591,3.59910558594948,-0.0897153854090698,-0.0441718193071336,0.00044685865784988,0.0695506330342161
0.875543612372905,-3.28926351639538,3.79344170535203,-0.0794963417294853,-0.0606657370484271,-0.0706381543659096,-0.108082154461044
0.951051216612339,-3.48512354033951,4.40637342068401,-0.0301261708712996,-0.0953541495092545,0.105633775110734,-0.100505874434874
0.881509955321074,-3.70785365499675,4.64129947501256,-0.0071029642784422,-0.0997474205103028,-0.0624382970128226,-0.122982694146934
0.891006705626936,-3.90374485787594,4.80740408267168,0.00948722028128952,-0.0995489460081536,9.53002457162455e-06,-0.0963422568710348
0.905093605567779,-4.16143051670008,4.60919969373959,-0.010300625703349,-0.0994680708072671,0.0243875256441922,-0.158217588016878
1.05473406914321,-4.27371270451961,5.3689371495031,0.0610386285125961,-0.0792103896550275,0.0886018350628375,-0.0330717981645029
1.17553448902539,-4.34824376513196,5.39380645946774,0.0629894585013622,-0.0776680636922614,0.0578109613808169,0.00313700307991169
1.19083404718551,-4.40281515512815,5.89163083612011,0.0924316950741088,-0.0381625699570531,-0.0771321369139891,-0.0164088200391295
1.42957098990113,-4.50969400998365,5.47714389830798,0.0692360179880214,-0.0721552064175717,0.169500924727594,-0.0347236484379347
1.34772850756556,-4.6175098608035,4.53551676468555,-0.0175951451860953,-0.0984398845279708,-0.0642473371494705,-0.00937596629188011
1.44721855105692,-4.77847692454139,5.20445379416089,0.0472446736672234,-0.0881359223590334,0.0522453698241337,-0.0728311413788588
1.50582318184254,-4.99610910314883,5.02933765682126,0.0311668676315526,-0.0950190841991085,0.0274377631540701,-0.122613094408328
1.44312787152151,-4.85986672345722,5.0638085750673,0.0344230990003518,-0.0938884990571901,-0.0971184093213826,0.230130878748799
1.48791109918175,-5.15275610180938,5.24544738481349,0.0508169785720112,-0.0861256912239998,-0.00603375091177325,-0.206763687128156
1.62162806568695,-5.16454931071101,5.01420175401139,0.0297251528943491,-0.0954799208493994,0.103991813610858,0.0836867119477648
1.64208470977586,-5.31715499306343,5.19837101255029,0.0467076913762493,-0.0884216690992714,-0.0262510472873431,-0.0641840132531487
1.62337011597296,-5.19208921322649,4.97518809562632,0.0259784578158625,-0.0965666595130507,-0.0446930516187608,0.221632439349997
1.77493969326924,-5.41591438255365,5.47893766280082,0.0693653359792917,-0.0720308972905376,0.0822042413169843,-0.15179427203663
1.74786130459135,-5.4003371240318,5.91054768092343,0.0931370297221523,-0.0364073302308055,-0.120215418400042,0.0519845887526625
1.90648572687971,-5.53182136715038,5.51608461262103,0.0719925958102243,-0.0694050873387944,0.0866318264781362,-0.0620791557797849
1.91939588840014,-5.49954962724229,5.65268787358934,0.0807734347962886,-0.0589546625061133,-0.067863273275858,0.0912264024142016
1.94201934595722,-5.54594286138076,5.466457067422,0.0684609685490759,-0.072890985624578,-0.0458375109919931,0.0264977514861075
2.07768012057208,-5.62127985011574,4.77514285919548,0.00627126989418971,-0.0998031621438631,0.129389504720666,0.0244661734088806
2.08741349282505,-5.8302903145074,4.68750435110679,-0.00248820610779823,-0.0999690393590191,0.0122215783607745,-0.109041425032637
2.05231559809597,-5.93038487610347,4.98336642504485,0.0267673341837762,-0.0963509720796529,-0.0618652289128635,-0.00374358951641822
1.92774228112861,-6.08564373279797,4.53725858544799,-0.0174236539467777,-0.0984703827713843,-0.107149663020581,-0.0567884739231207
1.7335530550631,-6.24979719953804,3.82928763152136,-0.0772711197087239,-0.063475775371082,-0.116918106356784,-0.100677691368979
1.68159884568695,-6.32072893293032,4.33596377774198,-0.0367598318572116,-0.0929984664488051,-0.0151943775189427,0.0220667330565256
1.71987370107871,-6.42355164337485,4.82312910610651,0.0110513923176958,-0.0993874575982321,0.0272234630740678,-0.00343525284630242
1.76898370063527,-6.4304879742194,5.06243079353694,0.0342937085289955,-0.0939358374387981,0.0148162910275608,0.0869995065942488
1.76459088717408,-6.41538738609576,4.57512662840047,-0.0136831732255475,-0.0990594304974527,0.00929035976436188,0.114160018621089
1.87012093569557,-6.58073846641791,4.52854571162097,-0.0182809417654505,-0.0983148369686296,0.123810990286942,-0.0670362433535142
1.72339482197368,-6.69044042960093,4.82346366431242,0.0110846425880926,-0.0993837547021355,-0.157810756309988,-0.0103182084808871
1.74124933444867,-6.62542026274386,5.06231522224645,0.0342828520140378,-0.0939398001796022,-0.0164283395390473,0.158959967036675
1.68848156166652,-6.77850346949804,4.82040155711267,0.0107802673853247,-0.0994172310774189,-0.0635480401674724,-0.0536659756767656
1.88897505334983,-6.88447428057176,4.59354953583102,-0.011855991745855,-0.0992946899875427,0.212349483429165,-0.00667612108617406
1.927436691831,-6.88929755035177,4.99267303775239,0.0276628632289093,-0.0960976898680642,0.0107987752522596,0.0912744200880577
1.80498821943583,-6.94317476711292,4.18762487736263,-0.0501008863427327,-0.0865442152178444,-0.0723475860524371,0.032666998456691
1.63993614074536,-6.96855153134156,4.30013541997781,-0.0400675101234484,-0.0916220204563694,-0.124984568567016,0.0662452562277255
1.68183045171032,-7.03065960434662,4.44578407948233,-0.0263457808009454,-0.0964670919743543,0.0682400917659044,0.0343590189692965
1.56052935243088,-7.10109677436361,4.55477400451987,-0.0156963194820881,-0.0987604452942382,-0.105604779797357,0.0283232752772522
1.4477527835131,-7.23596277867037,4.75435164721888,0.00419503528169948,-0.0999119696482123,-0.11697160419948,-0.0349540346585523
1.36912875991053,-7.25860023619396,4.66965801096392,-0.00427179666071787,-0.0999087171036115,-0.0743522269418473,0.0772712595800196
1.31814089410629,-7.32929413051443,4.58320333114162,-0.0128826620545704,-0.0991667132579664,-0.0381052037496716,0.0284728189375042
1.20407763254802,-7.39504148046788,4.19335194748195,-0.0496044226276633,-0.0868297256460952,-0.0644588389306097,0.0210823756926394
1.25888732653681,-7.55060697590983,4.39907487371061,-0.0308213090431694,-0.0951317344994059,0.0856310030319601,-0.0604337609425464
1.33541964536672,-7.74764780344049,4.59955008863628,-0.0112599588443566,-0.0993640444367247,0.0877922776742652,-0.0976767830939336
1.35538005918054,-7.93634450826791,5.02494722881778,0.0307493941400749,-0.0951550038622159,-0.0107889803262462,-0.0935417009652005
1.19575242597853,-7.97498306201663,4.43474958323678,-0.0274086210474342,-0.0961705125923645,-0.132219012154582,0.0575319588436433
1.07167210965813,-7.96903503431161,4.24594613225981,-0.0449711983002467,-0.0893173629449498,-0.0791091180201545,0.0952653906499677
0.964972299622163,-8.08828906202161,4.13849446037053,-0.0542906748271591,-0.0839792987992379,-0.052409135208805,-0.0352747289107561
0.983701404557048,-8.14732703581241,3.92492592074868,-0.0708565374802516,-0.0705645172612248,0.089585642415137,0.0115265434704184
0.867056349092802,-8.16041225880055,3.62657688239811,-0.0884682301659907,-0.0466194407012492,-0.028176825298255,0.0335342177131095
0.85646991956911,-8.23261190982966,3.35925379037377,-0.0976405188887838,-0.0215946537626573,0.0870540893650913,-0.05060499726645
0.833852687702487,-8.13909269001919,3.02382588438826,-0.099307350489386,0.0117494739787895,0.0766901186227631,0.0817697458316847
0.775698220359936,-8.25954309147314,3.27247825851091,-0.0991446700256121,-0.0130512223761799,0.0409902026830615,-0.107399179077772
0.703829580940052,-8.4218241870239,3.27927872306059,-0.0990536238054667,-0.0137251452088887,0.0271849843855822,-0.148555950341868
0.547888833090073,-8.30546164167338,2.9778222463121,-0.0986619573084259,0.0163039314298837,-0.0572787905415528,0.100058613920633
0.56938880450913,-8.44659279485946,3.47137758382753,-0.0946112013505335,-0.0323839555800216,0.11611117276959,-0.108747197606052
0.369390915190955,-8.55874787297803,3.77629516313285,-0.0805248125496,-0.0592937986964217,-0.119473076768575,-0.0528612794221496
0.228526028155131,-8.43797064138669,2.90161495872444,-0.0971343276599488,0.0237680960543688,-0.043730559375875,0.0970091355369668
0.160704493818842,-8.28750888610826,3.18029187801117,-0.0999251278463907,-0.00386895656249424,0.0321035935101016,0.154330711840927
0.0409822707227615,-8.26328894915702,4.28818647709412,-0.0411594100310539,-0.0911367267675089,-0.0785628130650263,0.115356663718748
-0.104183492884723,-8.36667769869135,3.6465968247676,-0.087517245637173,-0.0483811090828095,-0.0576485179703117,-0.055007640451525
-0.164576071160299,-8.40325069819131,3.48455733074149,-0.0941761842335437,-0.0336280585703314,0.0337836059579684,-0.00294494092962938
-0.286938795097238,-8.46602573261927,3.58304996245265,-0.0904129977349587,-0.0427257514922599,-0.0319497262019804,-0.0200492829356962
-0.36067052074596,-8.58881971275028,3.51962301530291,-0.092939341289705,-0.0369090617685648,0.0192076156409832,-0.0858849183624453
-0.512560765330771,-8.64379321141452,3.21556282017844,-0.0997265454426948,-0.00739027293583443,-0.0521636991421169,-0.0475832257284086
-0.498488636831419,-8.54323572187,2.66494883929143,-0.0888539740993097,0.0458799660719054,0.102926102598663,0.0546775234726173
-0.594406996265883,-8.26740728994952,2.39909673746218,-0.0736783294223985,0.0676128965029936,-0.0222400300120664,0.208215535417486
-0.706656407478872,-8.18019077366671,2.34879855047057,-0.070185777047787,0.0712317113384084,-0.0420636341652019,0.0159848049444021
-0.606417081750083,-8.32708984307525,2.38487561914811,-0.0727093805966814,0.0686538125179289,0.172948706325471,-0.215552881926474
-0.662716086716771,-8.1260044596133,1.52569041034809,0.00450906230096356,0.099898290061272,-0.0608080672676517,0.101187093400678
-0.672283553185586,-7.8464091879884,1.07798165176453,0.0473107500916587,0.0881004706330484,-0.0568782165604733,0.191494800991859
-0.683027473987478,-7.8896296484374,1.17426925643489,0.0386217220280802,0.0922407859224199,-0.049365642829973,-0.135461246371425
-0.731786803751625,-7.80684088712941,1.37459299893262,0.0194946916385762,0.0980813794658131,-0.068254021402723,-0.0152926181578255
-0.593986963942452,-7.74234597388779,1.75575860454488,-0.0183909454830176,0.0982943188808014,0.156190785292191,-0.0337994056391797
-0.625567570507903,-7.73439518794876,1.40672677577304,0.0163334448072639,0.0986570756749259,-0.047914051372715,-0.0907062897358968
-0.596292544018819,-7.62935453685617,1.13077117127644,0.0425962224428396,0.0904740948205625,-0.0133211959537554,0.0145665562720281
-0.733521745896117,-7.5320717769884,1.41119766056863,0.0158921986143116,0.0987291143645241,-0.15312140049161,-0.0014463544967465
-0.660581356670702,-7.33329225082032,0.877081177335804,0.0639398077001302,0.0768875867176904,0.00900058152528467,0.121891939450386
-0.605160821333334,-7.29960661844646,0.085923201101633,0.0996310872267569,0.00858175145377484,-0.0442105518893885,0.0251038809200883
-0.32320012609223,-7.28575914369157,0.37899334179292,0.0929037555112051,0.0369985433755739,0.189056939729898,-0.0231510686206872
-0.0617469180924552,-7.38071577130605,0.539586972228047,0.0857920960641807,0.0513781690303809,0.175661111935595,-0.146334796644858
-0.0718074683737013,-7.45616024089873,1.09139524601227,0.0461247854447205,0.0887271332100756,-0.0561853357259666,-0.164171602802754
-0.0760716592460839,-7.49714459433559,0.515652498960318,0.0869971158578268,0.0493102609242728,-0.0912613067302093,-0.0902946143611345
-0.117834573662932,-7.47984986849822,0.434920215004062,0.0906903661640056,0.0421338045402809,-0.132453280580854,-0.024839078702915
-0.13796473710482,-7.54748952985097,0.707622085119557,0.0759909735683742,0.0650028609841956,-0.0961211370102615,-0.132642522336941
-0.0888091790915137,-7.61329092250185,1.02777338419967,0.0516726442679061,0.085615056119601,-0.00251708625460023,-0.15141644877048
-0.1135636246204,-7.4557313499954,1.24294560315405,0.0322008975076513,0.0946736615944569,-0.0569553430365375,0.0628859109119858
0.0667859588482975,-7.22622658736883,1.26035414246766,0.0305479713585032,0.0952198584638733,0.149801612110194,0.134284904162701
0.125234737887014,-7.06377226873322,1.32871369664788,0.0239725047214785,0.0970840822039262,0.0344762743172375,0.0653702364316812
0.0833999696681726,-6.70290798401194,1.14377473530585,0.0414161686095041,0.0910203327708107,-0.083250936828345,0.269843951950467
0.0569444740322134,-6.71647266639068,0.673276768322625,0.0781782634285727,0.0623551050619971,-0.104633759064532,-0.0759197874407344
0.11365379065834,-6.61032486714254,0.395277510888063,0.0922889740361237,0.0385064315583733,-0.0355796574099966,0.0676413676897729
0.0840900363200531,-6.52476759821217,1.10026610555265,0.045335895014124,0.0891328032952421,-0.0748996493524113,-0.00357553436487992
0.261606374149941,-6.34502137782519,0.437675974886044,0.0905739113020002,0.0423835651102808,0.0869424265278877,0.137362655276708
0.471685100820282,-6.32854848762534,0.208194070303684,0.0978405783577329,0.0206693305799758,0.112238148312608,-0.00419644038013467
0.49473892426089,-6.20192188935241,0.146538926299953,0.0989282371039643,0.0146015034671713,-0.0758744136633569,0.112025094805764
0.633389593129245,-6.10222411728618,0.364348982965711,0.0934355943267696,0.0356341088397526,0.0452150745415862,0.0640636632264755
0.686669357405696,-5.97314840193355,0.29341888368786,0.0957260639680737,0.0289226671864865,-0.0424462996916232,0.100153048166144
0.809370775025905,-5.95469947363729,1.21737361240944,0.0346110997157903,0.0938193571522616,0.0880903179044194,-0.0753704288559966
0.677665379458212,-6.01346481352144,1.20264227960141,0.0359893784552496,0.0932993281776713,-0.167694774022943,-0.152064668061825
0.736542948008645,-5.87380531617114,1.19017503859038,0.0371497366172434,0.0928434007847055,0.0217278319331899,0.0468160965655907
0.661091006239186,-5.72896198370636,0.951820182835797,0.0580201561764392,0.0814472926330987,-0.133472097945898,0.0633960398316808
0.753188069936351,-5.54317357266572,0.959547558132792,0.057389056392176,0.0818932000010724,0.0347080073049885,0.103895211039571
0.963733031945324,-5.49258014758139,0.949158063249613,0.0582367727624595,0.0812925476179315,0.152308189246513,-0.0306991225336016
1.16790603099344,-5.40572310887783,0.860436168790922,0.0652106858839266,0.0758127063660694,0.138962313164189,0.0110443323374891
1.20423811778809,-5.39972661247685,0.953620471618871,0.0578734335855154,0.0815516136261137,-0.0215413467908699,-0.0755551172251284
1.33251850277039,-5.27426904272852,0.913852161422169,0.0610699907435562,0.0791862123767892,0.0672103942387503,0.0462713573715379
1.44394886667432,-5.37700210026883,0.424238644799924,0.0911352391447849,0.0411627038230346,0.0202951247591393,-0.143895761363347
1.56443144303726,-5.39814305252092,0.12049561658455,0.0992749182566321,0.0120204244991187,0.0212076581063148,-0.033161376751211
1.70226643770038,-5.26633984531331,0.803412371410441,0.0694254772362523,0.0719729331799019,0.068409517426861,0.0598302740277145
1.6857655544606,-5.26326133055397,0.523138856399503,0.0866255271782429,0.049960164542278,-0.103126410418016,-0.0468816497829451
1.68794214294068,-5.41727093426015,0.169877792839843,0.0985605434844285,0.0169061902288503,-0.0963839550043503,-0.170915793935029
1.79260432406035,-5.38223696063259,0.127331599684612,0.0991904278954484,0.0126987800169096,0.00547175322422433,0.0223351936106543
2.04947544097101,-5.26957876507041,0.359952509546735,0.0935913552285556,0.0352229786713491,0.163279761682105,0.0774352168908295
2.21985267333041,-5.31665850255716,-0.156848550211478,0.0987724463486242,-0.015620622340616,0.0716047860107751,-0.0314591151461328
2.61314538735309,-5.37661127407709,0.138581324765885,0.0990412966033362,0.0138138179780246,0.294251417419338,-0.0737665894979544
2.61101019433144,-5.42372338967566,-0.246250172269881,0.0969833329731883,-0.024376897370496,-0.099118525994833,-0.0227352182280793
2.66643804526361,-5.56602750570337,-0.740887225540055,0.073787002270171,-0.0674942834318714,-0.0183591513380026,-0.0748098325958336
2.85514197822645,-5.53616906480364,-0.63530626743369,0.0804889987763501,-0.0593424053774425,0.108214934186487,0.0892008462771709
2.86271547562724,-5.5814511797508,-0.474905252265931,0.0889336049413027,-0.0457254186655989,-0.0813601075405166,0.000443303718434773
2.86557446999128,-5.67634646969702,-0.464977604757734,0.0893831607919849,-0.044840278398268,-0.0865241664279411,-0.0500550115479516
3.1131456459,-5.77967617296955,-0.492793738961103,0.0881014611148808,-0.0473089056037353,0.159469714793845,-0.0560207976687924
3.00956809041211,-5.86331717808193,-1.30066644082515,0.0266856614756043,-0.0963736243565087,-0.130263216963497,0.0127326192441268
2.93815218423627,-6.05012594439222,-1.25436815180455,0.0311174058411499,-0.0950352937266844,-0.102533312016992,-0.0917734725835976
2.94792286729422,-6.27527729607068,-0.838925855402355,0.0668262295017187,-0.074392573894063,-0.0570555464437661,-0.150758777784401
2.87994062315033,-6.32120033067084,-1.15869972721843,0.0400531285615269,-0.0916283083573728,-0.108035372705419,0.0457052737572074
2.88350728305877,-6.27327447914243,-0.239487612204264,0.0971459643263354,-0.0237204893521692,-0.0935793044178957,0.0716463408805861
3.01731458220832,-6.11051039110999,0.543637620759615,0.085583277901538,0.0517252602084138,0.0482240212480098,0.111038827824018
2.99965412865636,-6.04464467248924,0.51150166297237,0.087201044621005,0.0489487264084113,-0.10486149817296,0.0169169922123455
2.95274684078632,-6.21831809913064,0.603676218200072,0.0823254293622005,0.0567672764920895,-0.129232717232247,-0.230440703133489
3.20256132094129,-6.11896224710362,0.423684862095442,0.0911580203626044,0.0411122283946151,0.158656459792373,0.0582436236324043
3.40743108830582,-6.14091539402066,0.495852599706858,0.0879563378202489,0.0475781739587623,0.116913429544279,-0.0695313208758086
3.23780310308864,-6.04269574887209,0.380263819183639,0.092856674732442,0.0371165456048037,-0.262484659949621,0.06110309954377
3.21286006008789,-5.94820668599328,0.397283911811099,0.092211528986893,0.0386915226102488,-0.117154571987648,0.0557975402685677
3.41229130663791,-5.88461623526035,0.367978173280393,0.0933056563275071,0.0359729689807936,0.106125590222514,0.0276174817521271
3.37333213580536,-5.92389554531308,0.152349527262482,0.0988417240148242,0.0151760862470309,-0.137800894847377,-0.0544553962997604
3.4787177887567,-5.83073002886218,-0.00556584863979895,0.0999984510704446,-0.000556581990274441,0.00538720188090145,0.0937220984411776
3.47870997082953,-5.74117925833083,0.804531127026035,0.0693449136829337,0.0720505582650577,-0.0693527316101031,0.0175002122662921
3.4573253710523,-5.64694144305603,1.63455377223733,-0.0063714258425957,0.0997968182495429,-0.0150131739346376,-0.00555900297474317
3.35482222213831,-5.44063805902411,1.98406199377103,-0.0401602208346397,0.0915814209461339,-0.0623429280793529,0.114721963085785
3.27756322006541,-5.55650427330034,3.11849789004835,-0.0999733327801669,0.00230927105944933,0.022714330707266,-0.118175485335673
3.30852108184738,-5.50345468274065,2.89814417394838,-0.0970512488233132,0.0241050845639535,0.128009110605287,0.0289445059957346
3.23156294728811,-5.36968791843793,3.00778402894227,-0.0991060975515513,0.0133409680346815,0.0221479629922829,0.120425796268037
2.97698008693575,-5.28322093769354,2.43017714513344,-0.0757438440332475,0.0652906585283612,-0.178839016319111,0.0211763222160311
2.80438756842032,-5.35708775864817,3.38101747582092,-0.0971474535437206,-0.0237143895129232,-0.0754450649717123,-0.0501524314417077
2.52832876688339,-5.36980175947467,3.59593857934229,-0.0898548276996356,-0.0438874690437806,-0.186203973837296,0.0311734682172761
2.51069534319522,-5.28270120323032,2.94895589654508,-0.0981502846988299,0.0191447542041842,0.0805168610106582,0.067955802040171
2.49508613765696,-5.33646584872634,3.51258531650382,-0.0931967924088371,-0.0362540740428456,0.0775875868705811,-0.0175105714531802
2.44039490185025,-5.38714013399295,4.105656286902,-0.0570186365793735,-0.0821515373114182,0.00232740077266478,0.0314772520448133
2.41700308266282,-5.50236191025677,5.02264332706157,0.0305300849452153,-0.0952255948431825,-0.0539219041326442,-0.0199961814206429
2.46794513758284,-5.5771806307889,4.61894014628901,-0.00933128836042621,-0.0995636834269131,0.0602733432804411,0.0247449628947827
2.67029713721011,-5.77279031004873,4.90916610703973,0.0195509674033519,-0.0980701772894955,0.182801032223924,-0.0975395019703279
2.61287093262353,-5.86147357875232,4.64632620586171,-0.00660147321547239,-0.0997818648421916,-0.0508247313711106,0.011098596138603
2.66304882647394,-6.01587716321932,4.71915929012869,0.000677025802222802,-0.0999977081540528,0.0495008680481877,-0.0544058763129557
2.62184696767289,-6.00581720012418,3.59398966016889,-0.08994019012827,-0.0437122660095614,0.0487383313272174,0.0537722291047092
2.58665821775371,-6.02033649361653,3.24506080028972,-0.0994651945067917,-0.0103283629741644,0.0642764445876172,-0.00419093051818704
2.43832868113277,-6.06981457813803,3.11384285085265,-0.0999614998930865,0.00277462414111554,-0.0483680367278609,-0.05225270866262
2.24280116305656,-6.04009761369723,3.42628750564273,-0.0959747402595558,-0.0280864599426628,-0.0995527778166473,0.0578034243834704
2.01870977004002,-6.0191330139778,3.50375301000738,-0.0935133602389474,-0.0354295280355364,-0.130578032777594,0.0563941277549604
2.01722351141456,-5.99003316597757,2.8898155052284,-0.0968471218364811,0.0249125468788277,0.095360863211018,0.0041873011214022
1.92970435297601,-5.95165196687603,3.08137950429103,-0.0998187735973934,0.0060176770860787,0.012299615158845,0.0323635220154606
1.69696042812159,-5.80608069107768,2.82568918942204,-0.0950516082829241,0.0310675355126465,-0.137692316571493,0.114503740285703
1.57178919286173,-5.71268801314547,3.20231368860644,-0.0998157044312566,-0.00606837283726234,-0.0253555308286109,0.0994610507694704
1.45806380727056,-5.76732209746592,3.38724246330196,-0.0969979504706606,-0.0243186678190082,-0.0167274351205045,-0.03031541650144
1.60459102839595,-5.94188094534364,4.07965204548556,-0.0591354067283094,-0.0806412033087145,0.205662627853697,-0.0939176445690059
1.4800331112436,-6.05325026240953,3.56659493898696,-0.0911037790634908,-0.0412322863827687,-0.0334541380888562,-0.0701370306831208
1.42443719766383,-5.94328449289453,3.74654597671469,-0.0822528644772762,-0.0568723683811641,0.0266569508975042,0.166838137896167
1.34113714881908,-6.00403159177433,3.54282413853413,-0.0920580732878682,-0.0390552319481717,0.00875802444312202,-0.0216918669316254
1.30287160993557,-6.09532065996544,2.80323744725857,-0.0943301907500203,0.0331936004835991,0.0560646518665051,-0.124482668674714
1.15327143331104,-6.06737153752407,2.67645919804607,-0.089376171313846,0.0448542082895022,-0.0602240053106796,-0.0169050858481252
1.05048094309626,-6.1919595224195,3.28055813171168,-0.099035982670981,-0.0138518640042834,-0.00375450754379927,-0.110736120891156
0.918452368807882,-6.23616622992452,3.21384187205927,-0.0997391160345811,-0.00721863786599475,-0.0322894582537993,-0.0369880696390229
0.842119244471774,-6.24608121409405,3.54367556108294,-0.0920247874193723,-0.039133598102134,0.015691663083265,0.0292186139326063
0.82580389081978,-6.4377167310098,4.10199916652969,-0.0573186926720976,-0.0819424643903369,0.041003339020103,-0.10969305252541
0.673031364042696,-6.723882259223,4.41113854024709,-0.0296714566403198,-0.0954966212011798,-0.123101070136764,-0.190668907012027
0.52568037287071,-6.99296766722923,3.95820182002007,-0.0684696474359086,-0.072882833232541,-0.0788813437360778,-0.196202574773688
0.483769723058954,-6.95822636056936,4.15774660268285,-0.0526639323164754,-0.0850088832591377,0.0107532825047195,0.119750189919011
0.380637353547072,-7.0788399912923,4.35328453921598,-0.0351435941455033,-0.093621193062982,-0.0679887753663788,-0.0269924376599587
0.412972565559207,-7.17186470150269,4.17458112921872,-0.0512254532729228,-0.0858833682209984,0.0835606652850577,-0.00714134198938883
0.375114807548745,-7.42749239356228,4.39854568870237,-0.030871647012975,-0.0951154110052954,-0.00698611099748701,-0.1605122810543
0.536590199313566,-7.51341247572658,4.17483477837796,-0.0512036673811453,-0.085896358751236,0.212679059145967,-2.37234130620045e-05
0.482603038491858,-7.41014862647225,3.64638665751999,-0.0875274118288003,-0.0483627147558075,0.0335402510070924,0.151626564010135
0.46668296959705,-7.30228096533101,4.03735973755415,-0.062492014654158,-0.0780688677032305,0.0465719457593497,0.185936528844477
0.394776292898274,-7.41261802996229,4.30323681440555,-0.0397831618578081,-0.091745844770188,-0.0321235148409675,-0.0185912198610926
0.283982173578509,-7.51532839904823,4.46481640796375,-0.0245051267928393,-0.0969510121704094,-0.0862889925269261,-0.00575935691553182
0.206344041381537,-7.55412408030329,4.43066717859012,-0.0278009985082792,-0.0960578184321436,-0.0498371336886925,0.0572621371770798
0.176829738721159,-7.53540680715434,4.00905900072671,-0.0646761019670083,-0.0762692718881801,0.0351617993066308,0.0949865450371323
0.0915708080935067,-7.56964726435016,4.02053176985045,-0.0637968449840516,-0.0770062502014018,-0.0214620856436012,0.0427657930055845
-0.0461674673181273,-7.649818840706,4.10566515788289,-0.0570179078124118,-0.0821520431194216,-0.0807203675992222,0.00198046676358037
-0.372253807075168,-7.65315948323879,4.10352024914095,-0.0571939851535567,-0.0820295560286336,-0.268892354603484,0.0786889134958438
-0.364132615925213,-7.53999051263376,4.07912566046631,-0.0591778468550505,-0.0806100641458633,0.0672990380050056,0.193779034750886
-0.47105163175826,-7.72755684041327,4.52087051971614,-0.0190349811482763,-0.0981716328308986,-0.0878840346847707,-0.089394694948607
-0.468782371797091,-7.74196880665171,4.62712483934195,-0.00851608672452765,-0.0996367214780792,0.0107853466856966,0.0852247552396378
-0.307148587653426,-7.9483419476956,4.68590317513293,-0.00264827087376623,-0.099964927156374,0.164282055017431,-0.106408213887516
-0.410206140137814,-8.19387392144,4.64553767173453,-0.00668015256066815,-0.0997766283343259,-0.09637739992372,-0.145755345410077
-0.394284384459474,-8.43900385712166,4.68270400187549,-0.00296806189775842,-0.099955943337908,0.018889817576098,-0.145173992343747
-0.141078518503874,-8.47367582009059,5.1009910960528,0.0378895128201696,-0.0925439615439614,0.21531635313543,0.0578719985750316
-0.15011377548188,-8.44687078856709,5.11885237541687,0.0395363347872354,-0.0918524808134851,-0.0485715917652411,0.118657512336987
-0.0939688578736787,-8.61627634959173,4.53164719897063,-0.017975932106996,-0.0983710621315266,0.0741208497151975,-0.0710344988931158
-0.0398555566776553,-8.96642302654381,4.83335286882263,0.0120669108294768,-0.0992692785459502,0.0420463903665466,-0.250877398406124
0.0240464603090803,-9.15220047846797,4.84281298500833,0.0130054557781851,-0.0991506839109124,0.0508965612085505,-0.0866267680132555
0.0195114298663418,-9.29766354272953,4.33511359660549,-0.0368388841044352,-0.0929671803269304,0.0323038536616966,-0.0524958839346285
0.241862228561282,-9.387178969679,4.50759192262506,-0.020336846288447,-0.0979102276733135,0.242687644983387,0.00839480072384493
0.254324549035534,-9.3291061911438,4.54270679681053,-0.0168869105499964,-0.0985638486062533,0.029349231024248,0.156636627141455
0.0665179189473409,-9.14250715315372,4.74815207601787,0.00357554726267116,-0.0999360568652396,-0.191382177350864,0.286535094855316
0.169873948706187,-9.26721319293413,4.39667937360834,-0.0310491084721617,-0.0950576291682258,0.134405138231007,-0.029648410612176
0.181425175283752,-9.31113439856898,4.76854347373004,0.00561249857502659,-0.0998423750706348,0.00593872800253865,0.0559211694357755
0.371634526484657,-9.42744759044762,4.77060637576183,0.00581845152516379,-0.0998305846013601,0.184390899675741,-0.0164826072772764
0.392747648797689,-9.6190941317788,4.28639900608334,-0.0413222484481974,-0.0910630099611552,0.0624353707612295,-0.100583531370023
0.615230756495986,-9.62862237072105,3.46987985598302,-0.0946595975690188,-0.0322422174806792,0.317142705267316,0.0227139785384315
0.407987740175448,-9.56938351764705,3.34909536499026,-0.0978548448995359,-0.0206016826906876,-0.109388171421003,0.0798405357646817
0.315718779236189,-9.7139531575438,3.42364117862105,-0.0960487300730958,-0.0278323813452171,0.003779769133837,-0.116737258551532
0.0739013138815395,-9.89045879417869,3.17433973917159,-0.0999463862107106,-0.00327412330547766,-0.141871079143939,-0.173231513329412
0.0582158765861619,-9.81831589612725,3.29851202273868,-0.0987713398650615,-0.0156276172611348,0.0830859025696839,0.0877705153125753
-0.225427969608899,-9.79532146563128,3.35711624129927,-0.097686455420451,-0.0213858931865901,-0.18595739077461,0.0443803236825616
-0.191150103953473,-9.71981722078793,3.43425355212754,-0.0957479594189073,-0.0288500999498319,0.130025825074334,0.104354344793176
-0.16547479709598,-9.77070161348855,3.66725367784066,-0.0864992438643166,-0.0501784895239133,0.112174550721809,-0.000705903176697387
-0.139269470991304,-9.77305754851724,3.14778182544665,-0.0999980847137002,-0.000618913234335706,0.126203410818377,-0.00173702179435677
-0.22962469937875,-9.87869439812575,3.62256320776864,-0.0886546323377451,-0.0462639834542946,-0.00170059604970181,-0.0593728661542187
-0.187475242135231,-10.0212302416386,4.18923555120845,-0.0499614269114402,-0.0866247991107213,0.0921108841549598,-0.0559110444021356
-0.258995295263139,-9.9631926798253,4.03377890685045,-0.062771164808448,-0.0778445943440561,-0.00874888831945988,0.135882156157364
-0.436551117411023,-9.95583478449221,3.63773252078844,-0.0879426665285464,-0.04760343899183,-0.0896131556193374,0.0549613343249152
-0.361904694554533,-9.99347062991111,4.23086070059463,-0.0463134212153511,-0.0886288159422739,0.120959844071841,0.0509929705233773
-0.431783878357101,-10.0054483361782,3.5548502613246,-0.0915817446040714,-0.0401594827565626,0.021702560801503,0.0281817764894534
-0.612945225918556,-10.0328288080377,3.0373288627644,-0.0994569453231348,0.01040749859433,-0.0817044022383207,-0.0377879704538521
-0.866726425154256,-9.97847311443592,3.05168855207044,-0.0995961347648643,0.0089783038430983,-0.154185064470835,0.0453773897587173
-0.91193019862325,-9.83896951171138,2.74240787963004,-0.0921378151875363,0.0388667340082415,0.046934041718543,0.100636868716304
-0.948309748302543,-9.99670170892663,2.4264118422646,-0.0754974685815237,0.0655753935389018,0.0391179189022301,-0.223307590754152
-1.12975686517044,-9.88478032013414,2.47576936390989,-0.078640850008155,0.0617706783999891,-0.102806266859742,0.0501507103924974
-1.20467648490296,-9.6503300806613,2.18182042623741,-0.0573706560626047,0.0819060914886452,-0.0175489636699139,0.152544147984192
-1.23264947578998,-9.95519860051547,2.90675647752281,-0.0972552473535829,0.0232683661264261,0.0692822564665625,-0.328136885980595
-1.3084738325667,-10.0690694486633,3.11516900398922,-0.0999650915682761,0.00264205748351181,0.0241407347915507,-0.116512905631342
-1.40995234438872,-10.0578155505363,3.10999663308462,-0.0999500887268565,0.0031590763671542,-0.00152842309515693,0.00809482175982006
-1.64912443391458,-10.0645913853803,2.01290114842637,-0.0427842861017791,0.090385313313398,-0.196387803424079,-0.0971611481574029
-1.81336246945686,-10.1338699344996,2.06603370622359,-0.0475240524354823,0.0879855922302597,-0.116713983106804,-0.15726414134949
-1.79374972501048,-10.0673040487277,1.75465512282201,-0.0182824683236153,0.0983145531037801,0.037895212769994,-0.0317486673318862
-1.83004684997383,-9.98589169695704,1.42536020114631,0.0144923964860192,0.0989442794914998,-0.0507895214493676,-0.0175319277208733
-1.95161950580801,-9.96977499627952,2.03657649477415,-0.0449119995870577,0.0893471448513724,-0.0766606562471185,-0.073230444173849
-1.97614746764168,-9.97681742773929,2.13197317596636,-0.0532182921326651,0.0846629398407728,0.0286903302989943,-0.0917053713005456
-2.1632955935758,-9.86534615508721,2.14266441214194,-0.0541203849106315,0.0840891428017023,-0.13302774102349,0.027382129850378
-2.20394310741332,-9.69821722190231,1.42838822368552,0.0141927249956715,0.0989877091218765,-0.0548402388331935,0.0681412240630257
-2.24143466533857,-9.61210989262482,1.74958993911871,-0.0177842546530215,0.0984058955877974,-0.0197073032722269,-0.0122985663103139
-2.4222875021545,-9.58324195212157,1.77754449477648,-0.0205278411038315,0.0978703619060226,-0.1603249957121,-0.0690024214027672
-2.44776024610836,-9.39883485266109,1.64164133745542,-0.00707857634957425,0.0997491541661545,-0.0183941676042827,0.0846579452943281
-2.38786160138562,-9.27656594160554,1.99011711497113,-0.0407140178247048,0.0913365685394936,0.100612662547443,0.0309323425160503
-2.26497504204817,-9.1424543115887,2.14652766277714,-0.0544448376720072,0.0838794352083321,0.177331397009459,0.0502321948085123
-2.45905341641192,-9.11185802940457,1.63127467395226,-0.00604414859916317,0.0998171742122128,-0.188034225764585,-0.0692208920280826
-2.55153644791659,-9.06897196243655,2.55685223614354,-0.083385539912222,0.0551982946615856,-0.00909749159244786,-0.0123122276935669
-2.54492518756863,-9.10833245788223,2.01849615325244,-0.0432893200679435,0.0901445215642922,0.0499005804158992,-0.129505017009969
-2.64046495708652,-9.04885203860552,1.66641184997371,-0.00954698983454488,0.0995432317392755,-0.0859927796833438,-0.0400628124625642
-2.70526570279822,-9.17397400634848,1.55532744399304,0.00154682658938587,0.099988035921816,-0.0663475723010892,-0.225110003664786
-2.62975966111324,-9.04297457138616,1.41740322593745,0.0152792265778453,0.0988258328332368,0.0602268151071425,0.0321736021290913
-2.42022253447429,-8.88580593106061,1.01247176665782,0.0529765928052069,0.084814389196358,0.156560533833735,0.0723542511291873
-2.45505474877722,-8.79582603882434,0.875585153533456,0.0640547617656389,0.076791845238588,-0.0988869760685667,0.013188046997676
-2.4893969085689,-8.66633706188093,0.952536197054333,0.057961823889055,0.081488815008283,-0.0923039836807363,0.0480001619351283
-2.46942989163304,-8.77901400205478,1.76119872989594,-0.0189254041224486,0.0981928158207208,0.0388924210583093,-0.210869755994572
-2.68810735860419,-8.72875560225792,2.47487953950881,-0.078585853825079,0.0618406304833911,-0.140091613146065,-0.0115822306865285
-2.68647189548325,-8.66358642638645,2.85295331513405,-0.0958632072542694,0.0284648115209815,0.0974986703752047,0.0367043643504883
-2.85664193448482,-8.48927159125368,2.92477156627904,-0.0976586250125371,0.0215126232863557,-0.0725114139890335,0.15280221184642
-3.08857498545109,-8.51592319504567,3.45206028718647,-0.0952190810094844,-0.0305503946244438,-0.136713969956779,0.00389879083245068
-3.19702318349277,-8.53731977332077,3.8550445876652,-0.0756107274995171,-0.0654447697451352,-0.0328374705421641,0.0440481914700337
-3.33112492752435,-8.64163003415381,3.96403954671394,-0.0680430131043638,-0.0732812961653885,-0.0660587309272159,-0.0310289646676559
-3.44934483707537,-8.71424645289528,3.65208194353382,-0.0872505542967933,-0.0488604213541218,-0.0309693552542318,-0.0237559973873411
-3.40769333499922,-8.69312326829247,3.9518432800068,-0.0689316885799312,-0.0724459958142573,0.110583190656083,0.0935691804170635
-3.29929682902645,-8.6238370810666,3.03654539643127,-0.0994487608749038,0.0104854165604523,0.207845266847675,0.0588007706654234
-3.42799540246157,-8.65054149528494,2.75794096885459,-0.0927303962198312,0.0374309179277387,-0.0359681772152879,-0.0641353321460801
-3.45702002868306,-8.67688752801163,1.64648750878258,-0.00756189282690866,0.0997136789857558,-0.0214627333945783,-0.126059711712451
-3.58217483913563,-8.60217883166785,2.45340337021986,-0.0772397338489008,0.0635139631494601,-0.0479150766036767,0.0111947331943189
-3.5632963614519,-8.63370563794516,1.96618649552896,-0.0385168283910178,0.0922846353988403,0.0573953060747528,-0.123811441676143
-3.73015122141222,-8.61456983992391,2.26909702616994,-0.0642917060927791,0.0765935801988634,-0.102563153867546,-0.0574577821776209
-3.67803935328986,-8.43895584004204,2.79367280122433,-0.094008395805726,0.0340943033076488,0.146120263928088,0.141519696574223
-3.8110391148456,-8.30498755721394,2.88274240233214,-0.0966684917364513,0.0255969276554754,-0.036331269819285,0.108371355172629
-3.66043067643657,-8.2983257363342,2.63404387855855,-0.0873938516761109,0.0486036489290046,0.238002290085139,-0.0419418280492648
-3.72465162123958,-8.21836396071395,2.34649482806936,-0.0700214928611678,0.0713932107240837,0.00580054805815116,0.00856856489615749
-3.69492588577685,-8.20531929741436,2.63454355975832,-0.087418127094405,0.0485599737984532,0.117143862557139,-0.0355153104988585
-3.59735097885263,-8.13884390135818,2.45691957971337,-0.0774625843038177,0.0632419799893546,0.175037491228044,0.00323341606682179
-3.66372084938588,-8.15409460842038,2.99522618604989,-0.0989307537899717,0.0145844422090119,0.0325608832567143,-0.0298351492712117
-3.84546799412712,-8.16728329421402,3.33112254897957,-0.0982092910040557,-0.0188397229406565,-0.0835378537371841,0.00565103714702424
-3.93617424130859,-8.2475549866454,3.11875518975697,-0.0999739236456568,0.00228354787389796,0.00926767646418609,-0.082555240305283
-4.13013510288637,-8.30485776797082,3.2567058810629,-0.099338178546878,-0.01148591672391,-0.0946226830308994,-0.0458168646015087
-4.2439353068584,-8.46427340112141,4.35808510411063,-0.0346937563101992,-0.0937888227513733,-0.0791064476618277,-0.0656268103992122
-4.32611002642853,-8.53276398590842,4.46111781755523,-0.0248635404493887,-0.0968597148267618,-0.0573111791207405,0.028369130039748
-4.16605816112998,-8.58027809786573,4.37384149648611,-0.0332117374494982,-0.094323806621582,0.193263602748045,0.0468096946642691
-4.12017400716487,-8.79740199294043,5.12768373444894,0.0403459647121886,-0.0914997438873073,0.00553818925292258,-0.125624151187388
-4.10289126484409,-8.83778591727418,5.37926352824609,0.0618533160889958,-0.0785758696343526,-0.0445705737682128,0.0381919453005979
-4.18789093284573,-8.97429807183299,5.4251554039364,0.0653929224227337,-0.075655572808712,-0.150392590424375,-0.060856581750097
-4.20399370641807,-9.01841045896766,5.32505450542951,0.0575050214715562,-0.0818118115283842,-0.0736077950439021,0.0376994243937136
-4.07449359579743,-8.87934096596512,6.1019421681786,0.0983620373987134,-0.0180252489240539,0.0311380732219347,0.157094741926601
-3.97724761708492,-8.95714409250373,5.75910015121755,0.086578211117614,-0.0500421158592826,0.0106677675948888,-0.0277610106793286
-4.01458163105775,-8.98843908916846,5.76615659469223,0.0869291720464666,-0.0494299407982229,-0.124263186019295,0.0181349441334884
-3.8202119648641,-9.09369838629183,5.65825580251996,0.0811004364121516,-0.0585040102365518,0.113269229781501,-0.0467552868868095
-3.72680574900447,-9.07888601360528,5.66852325382682,0.0816968381454308,-0.0576682463496097,0.0117093777141998,0.0724806190361562
-3.74295850620622,-9.20580917076591,5.58741145243303,0.0767557906554606,-0.0640979609726792,-0.0929085478572133,-0.0628251961879539
-3.72988728771849,-9.46200943183617,5.36430485162641,0.0606710488171668,-0.0794922878990469,-0.0475998303294324,-0.176707973171212
-3.48628137847336,-9.54288104994534,6.27082129526944,0.0999923566578441,-0.00123636969006256,0.143613552587285,-0.0796352484191022
-3.49131643704628,-9.54673005286629,5.69344880719977,0.083108725139219,-0.0556142050714901,-0.0881437837121431,0.0517652021505425
-3.54344358096039,-9.56017198545972,5.71619509241471,0.084352133597635,-0.0537095667225751,-0.136479277511741,0.0402676341291357
-3.39207321188283,-9.74089455226881,5.96072291994963,0.0948457956411125,-0.0316902989762534,0.0565245734364419,-0.14903226783283
-3.28328777540805,-9.78325802180358,5.98892015142247,0.0957015532472145,-0.0290036671141871,0.0130838832275705,-0.0133598024205876
-3.15462760402834,-9.7579849754388,5.88617916395022,0.0922222727188075,-0.0386659076523221,0.0364378986609003,0.0639389540171035
-3.02490770570525,-9.75638921767279,6.13538096315834,0.0989096809016581,-0.0147266772875682,0.0308102174214285,0.0163224350535799
-3.09622932024691,-9.94901559815897,6.10526382141338,0.0984213682826288,-0.0176984255055401,-0.169742982824282,-0.174927954980637
-3.10969473306184,-10.0533783153965,6.64724767694062,0.0934458036950275,0.0356073275013781,-0.106911216509961,-0.139970044738897
-3.06535235972496,-10.1595302721601,6.25699693458063,0.099965710416836,-0.00261853792359247,-0.0556233370799532,-0.103533418839996
-3.03091659996161,-10.0007957579789,5.49855396251195,0.0707648795963937,-0.0706564350622638,-0.0363291198330473,0.229390949243436
-2.95409962301225,-10.0561560538597,5.3798996299466,0.0619032858162083,-0.0785365087405649,0.0149136911331515,0.0231762128597519
-2.70383976692431,-10.1784914111472,5.47551268771687,0.0691182255900669,-0.0722680488963181,0.181141630497874,-0.0500673083912079
-2.5251858244141,-10.044232850612,5.97284900335497,0.095223092364689,-0.0305378892608168,0.0834308501455231,0.164796449796072
-2.34172684673403,-10.0822001306938,6.9054039539618,0.081258734281663,0.0582839437833618,0.102200243398401,-0.0962512238651693
-2.16669969706675,-9.99530105070644,6.86682202683974,0.0834464113474747,0.0551062286246124,0.0915807383198089,0.0317928513627341
-2.07804456222813,-10.0079056723644,6.07783196026011,0.0978988993572281,-0.0203913095372349,-0.00924376451861169,0.00778668787928538
-2.07981101962219,-10.1172384927447,6.25967070922621,0.0999723544580418,-0.00235124310007556,-0.101738811852097,-0.106981577280254
-1.736726632442,-10.2363065819407,6.19054089891798,0.099571157541652,-0.00925119375083706,0.243513229638538,-0.109816895445169
-1.59972047196197,-10.2260667402017,5.50742007626146,0.0713885380558686,-0.0700262567487781,0.0656176224241576,0.0802660984877711
-1.55176428122542,-10.4020603778179,5.27751545178469,0.0535522628031624,-0.0844520878881099,-0.00559607206661323,-0.0915415497280874
-1.75171176955448,-10.5860802609654,4.12440096373328,-0.0554688059134975,-0.0832058385603483,-0.144478682415561,-0.100814044587115
-1.81124729711097,-10.5708799602207,3.83082860017562,-0.0771732138239043,-0.0635947723330302,0.0176376862674172,0.0787950730777137
-2.0159479085633,-10.5743736059917,3.9204223903545,-0.0711736073069158,-0.0702446981837131,-0.133527004145413,0.066751052412708
-2.19189936587767,-10.6247210483639,4.14093749584237,-0.0540853486106206,-0.0841116820998584,-0.121866108703756,0.0337642397276543
-2.12462512154871,-10.6649146563815,4.00704352959478,-0.064829689017557,-0.0761387642524283,0.132103933346517,0.0359451562348284
-2.15105779372201,-10.6892869564904,3.84976206027926,-0.0759553847202663,-0.0650444427449135,0.0495227125469695,0.040672142636003
-2.19138636934833,-10.7919358418095,3.52284186813652,-0.0928200551843297,-0.0372080281065525,0.0524914795580093,-0.0654408572125012
-2.17593469830113,-10.8430804336455,3.34517076217151,-0.097934944509924,-0.0202174836178518,0.113386615557131,-0.0309271082181797
-2.09909761856293,-10.9344851308062,3.17483703435344,-0.0999447456465379,-0.00332382575488556,0.176781825384729,-0.0880808714058088
-2.41968159767075,-10.8152009291863,2.46791016403524,-0.0781529582047728,0.0623868185103475,-0.242431020903047,0.0568973831095754
-2.46361197566397,-10.6929646353539,1.35252747176118,0.021653987696563,0.0976273773940338,-0.0655843656897766,0.0246089164383559
-2.54693519712544,-10.535886772281,1.07607721426206,0.0474784460352646,0.0880102105558013,-0.130801667496735,0.0690676525170646
-2.49793328203367,-10.3936740294846,1.22555931521616,0.0338419713525423,0.094099526964665,0.015159943739225,0.0481132158318032
-2.44308813369961,-10.1166157869563,1.80825044385015,-0.0235228945977997,0.0971939989389304,0.0783680429318644,0.179864243589332
-2.62256853646976,-10.1529165754226,2.17486756826692,-0.0567997925226362,0.0823029985443148,-0.122680610247514,-0.118603787010633
-2.74666012961619,-9.97726952600674,1.60682194247853,-0.00360178235785208,0.0999351147687672,-0.120489810788583,0.0757119346471107
-3.02574049869764,-9.78876545637921,1.71482074699146,-0.0143527019125747,0.0989646398862178,-0.264727667168879,0.0895394297413129
-3.10604053056234,-9.49402862478726,2.087137087192,-0.0493701260002734,0.0869631569040426,-0.0309299058644197,0.207773674687907
-3.17208632850071,-9.3768817844542,2.24058592194249,-0.0620821053410269,0.0783952306994861,-0.00396369259734426,0.0387516096335784
-3.14292485569045,-9.31797634596744,1.8288044879942,-0.0255155150136586,0.0966900123776379,0.0546769878239142,-0.037784573890886
-3.13228855411115,-9.24542378901152,0.854317947500462,0.0656733014043346,0.0754123165182944,-0.0550369998250351,-0.00285975956236682
-2.93180291674512,-9.37586604810125,0.593013883801654,0.0829260100243747,0.0558862850924742,0.117559627341654,-0.186328544182205
-2.8897010616245,-9.33440621045112,0.983692813220578,0.0553951884049657,0.0832548683356016,-0.0132933332843435,-0.0417950306854726
-2.72143179680533,-9.25661580205486,1.04401308402101,0.0502755289604809,0.0864428781782736,0.117993735858689,-0.00865246978201242
-2.66315122568707,-9.00158594939575,1.15935280885498,0.0399932792585626,0.0916544467778112,0.0182872918597002,0.163375405881295
-2.75646622849094,-8.8486245842294,1.16052471455378,0.0398858414520079,0.0917012521815558,-0.133200844255878,0.0612601129848002
-2.5081183950629,-8.83005286845082,1.50835170317777,0.00624040494855608,0.0998050967940918,0.242107428479483,-0.0812333810155108
-2.39077372649904,-8.6737994797335,2.09724880663656,-0.0502469341109711,0.0864595027307452,0.167591602674832,0.0697938859865736
-2.41821568044907,-8.43281309149202,2.52432345557377,-0.0815462112001953,0.0578810455926044,0.0541042572501627,0.183105342648875
-2.43618217882475,-8.31602892847961,2.09278693002358,-0.0498606635920109,0.0866828369757492,0.0318941652163344,0.030101326036653
-2.47597202345228,-8.32859840191168,2.26576948821949,-0.0640364825833322,0.0768070888548354,0.0242466379557988,-0.0893765622868977
-2.61875489750943,-8.35387428517186,2.44239975682021,-0.0765361888289437,0.0643600170877873,-0.0662466852281972,-0.0896359003479685
-2.75390525314114,-8.30816086105122,2.5525719379868,-0.0831485116246758,0.055554702902645,-0.0520018440070383,-0.0098412787820048
-2.96336750268137,-8.24107039847266,2.53374138739247,-0.0820877064394167,0.0571104933573169,-0.127374543100811,0.00997996922124109
-3.02989955355493,-8.17415223473043,2.79167123646649,-0.0939399655843036,0.0342823987786716,0.0274079147107396,0.0326357649635594
-3.25581705751352,-8.13480193723127,2.65341378231366,-0.0883188465327124,0.046901826692904,-0.137598657425881,-0.00755152919374673
-3.29850005152567,-8.06344923006775,2.15294606456538,-0.0549820844448103,0.0835282610264559,0.0122990904326628,-0.0121755538629389
-3.42689201023775,-8.0294693603341,2.00444220940604,-0.0420182006892082,0.0907439849843582,-0.086373758022871,-0.0567641152507086
-3.55262286643425,-7.93732241578159,2.16154814245826,-0.0556985579836732,0.0830522163373103,-0.0700322982128287,0.0090947282151979
-3.59782185246834,-7.81106045204611,1.96652139899644,-0.0385477326748007,0.092271730804359,-0.00665125335928496,0.0339902329311186
-3.55545155602544,-7.74924728961179,1.39146737779989,0.017836932386722,0.0983963609237227,0.0245333640561747,-0.0365831984894025
-3.36194319334158,-7.65044542025819,1.2991012532151,0.0268364715293697,0.0963317382582362,0.166671891154487,0.00247013109536596
-3.50347967669724,-7.48960961518613,1.40620883961216,0.016384540681211,0.0986486027608386,-0.157921024036867,0.0621872023112212
-3.49706928837229,-7.47232854800286,1.76413954716472,-0.0192140889974235,0.0981367351403087,0.0256244773223774,-0.0808556679570365
-3.47939804945949,-7.24037515085278,1.60681032011634,-0.00360062087550979,0.0999351566232367,0.0212718597883102,0.132018240526843
-3.40121946126937,-7.26173650019072,0.617037618279112,0.081559613090758,0.0578621595905809,-0.00338102490064118,-0.0792235089285216
-3.28959073118538,-7.3800680731856,-0.215891538901587,0.0976785798429455,-0.0214218355858062,0.0139501502410401,-0.0969097374090712
-3.27319560227813,-7.52769044851684,-0.695144873696711,0.0767960918726344,-0.064049670358948,-0.0604009629653838,-0.0835727049722949
-3.25803356988071,-7.7180562052973,-0.701147975545996,0.0764102137322914,-0.0645095282681988,-0.0612481813348654,-0.125856228512262
-3.18921826397711,-7.91746426773911,-2.22802611444202,-0.0610926055982814,-0.0791687661973637,0.129907911501877,-0.120239296244445
-3.29085801086789,-7.8401977582995,-2.56172439591631,-0.0836534840604558,-0.0547913734500886,-0.0179862628303184,0.1320578828897
-3.34194385947403,-8.04623343938237,-2.49187829178595,-0.0796256630424068,-0.0604958989110592,0.0285398144362629,-0.145539782171807
-3.37180299422004,-8.21111581119803,-1.73312722027887,-0.0161618893379736,-0.0986853248108709,-0.0136972454080338,-0.0661970470047892
-3.32558830360454,-8.31765825253243,-2.09796678616569,-0.0503089973076862,-0.0864234041790488,0.0965236879231803,-0.020119037155358
-3.5211981264128,-8.5491764597871,-1.94516916482021,-0.0365688878093309,-0.0930737151100598,-0.159040934998922,-0.138444492144609
-3.57284668307182,-8.67238496859425,-1.8383752563876,-0.0264397300038052,-0.0964413846713427,-0.0252088266552149,-0.0267671241358077
-3.41210247726985,-8.83421653305527,-1.25260976413441,0.0312844665373884,-0.094980430371056,0.129459739264574,-0.0668511340899629
-3.44433298673956,-8.84735544050249,-1.26801158888553,0.0298179419116227,-0.095450983966406,-0.0620484513813329,0.0823120765191845
-3.31006106071368,-8.83156329349191,-1.81567207770099,-0.0242435784233013,-0.0970167454887724,0.158515504449186,0.112808892499359
-3.31226043626032,-8.88847579436426,-1.79135727008396,-0.0218777011843403,-0.0975774881357822,0.0196783256376985,0.0406649872634254
-3.52295701080207,-9.02176796931189,-2.03116631584974,-0.0444279606188154,-0.0895888180257614,-0.166268613922934,-0.0437033569218662
-3.44479425868204,-9.25722911571559,-2.27674639276829,-0.0648757118181164,-0.0760995533238712,0.143038463938148,-0.159361593079831
-3.46256197779314,-9.18665319049941,-2.66283095584602,-0.0887566064772514,-0.0460680453963735,0.0709888873661524,0.11664397061256
-3.48623379807634,-9.13101545033634,-3.33856351728253,-0.0980663877025252,0.0195699668619549,0.0743945674193237,0.0360677733011123
-3.60065920089492,-9.02066827789591,-2.83206047269612,-0.095247617792784,-0.0304613083238349,-0.019177785025798,0.140808480764259
-3.76561698256002,-9.05629096079672,-3.07321682160464,-0.0997663283408402,-0.00683225653702072,-0.065191453324257,-0.0287904263637842
-3.79042990255708,-9.13216307666838,-2.79482919841545,-0.0940477594969503,-0.0339855694906498,0.0692348394998893,-0.0418865463810092
-3.91175609262453,-9.23840184875378,-3.65550852912721,-0.0870826179833265,0.0491591054146637,-0.0342435720841205,-0.155397877500067
-3.81922250854264,-9.1425407568617,-4.32882418390383,-0.0374228606042031,0.0927336481769071,0.12995644468609,0.00312744371517884
-3.75644413784562,-9.20626496932328,-3.48745270081567,-0.09407842394804,0.0339005921401508,0.156856794645057,-0.0976248046017394
-3.81493007792285,-9.23039078070479,-3.05056767893408,-0.0995860086632603,-0.00908993281169081,0.0411000685860293,-0.0150358785698188
-3.95215790840476,-9.13586538858108,-3.3950544092296,-0.0968050165772627,0.0250756608183294,-0.0404228139046476,0.0694497313053843
-4.02767125541058,-9.22420591864299,-2.81576117442679,-0.0947384900260659,-0.0320096627220751,0.01922514302025,-0.0563308673398341
-4.28252934904525,-9.36631714005384,-2.58122408776749,-0.0847059276394126,-0.0531498431112134,-0.170152165995254,-0.0889613782996342
-4.29635175179841,-9.39648979594895,-2.94648215442349,-0.0981026252519722,-0.0193874938728839,0.0842802224988042,-0.0107851620222265
-4.24692660489262,-9.36900991891198,-3.43498789490342,-0.0957267477418416,0.0289204039869749,0.145151894647639,-0.00144052695000401
-4.43255455908341,-9.34126479405672,-3.98467297310946,-0.066516592416691,0.0746695582769298,-0.119111361774102,-0.0469244334216734
-4.54458729691998,-9.26754133248623,-3.58181193098736,-0.0904658242571896,0.0426137846414431,-0.0215669135793782,0.0311096769290471
-4.64034168756932,-9.05155393782585,-4.0854212575508,-0.058669188982998,0.0809810240987187,-0.0370852016663433,0.135006370561665
-4.7453245167096,-8.84263453746523,-4.46938174786632,-0.0240622586343935,0.0970618756742912,-0.0809205705058898,0.111857524686326
-4.84396062905186,-8.82185594640562,-3.74602691631822,-0.0822823735895959,0.0568296665172529,-0.016353738752666,-0.0360510754576428
-4.78175623362707,-8.91203681085634,-3.3616449457351,-0.0975886036301171,0.0218280654553697,0.159792999054907,-0.112008929906088
-4.86047429082909,-9.07919572505321,-3.15501157641996,-0.0999909967606044,0.00134185201151693,0.0212729395585889,-0.168500766208388
-4.81422311284481,-9.00298587212705,-3.39219585092769,-0.096876301204214,0.0247988359603916,0.143127479188492,0.0514110169657727
-5.11211436335802,-8.94707579335445,-3.08243232846822,-0.0998250538306566,-0.00591258215219985,-0.198066196682552,0.0618226609247973
-5.0299427902387,-9.06830903805728,-2.36124064480083,-0.0710665933436022,-0.0703529623437071,0.153238166462927,-0.0508802823591273
-5.14590202582325,-9.24054558270539,-1.71998108768029,-0.0148631998045372,-0.0988892577157418,-0.101096035780015,-0.0733472869323629
-5.02408197394974,-9.33463903908505,-1.22037511335851,0.0343293453433579,-0.0939228196355735,0.0874907065301482,-0.000170636744092434
-4.83954147011158,-9.55206845847338,-0.124830679166099,0.0992218763036124,-0.0124506731862436,0.0853186275345481,-0.204978746202079
-4.89416192713239,-9.57421694568526,-0.10277497536133,0.0994723299355658,-0.0102594140763465,-0.154092786956378,-0.0118890731355405
-4.72579303341447,-9.55983022971861,-0.0280898804894387,0.0999605505247458,-0.00280861866221339,0.0684083431931732,0.0171953346288671
-4.62113974160938,-9.67279819849239,-0.738223612280239,0.0739665189727282,-0.0672975041963448,0.0306867728323693,-0.0456704645774432
-4.43661421849635,-9.76247568287882,0.017731948188075,0.0999842793125901,0.00177310189836208,0.0845412438004344,-0.0914505862847902
-4.44366162025538,-9.63174216176143,0.641679576894541,0.080109159134385,0.0598541779893583,-0.0871565608934093,0.07087934312803
-4.49692029909029,-9.71219334353886,0.377672051394556,0.0929525602210338,0.0368757582749844,-0.146211239055951,-0.117326940052405
-4.59042953237048,-9.76739820644405,0.147280657733373,0.0989173794974094,0.0146748776269342,-0.192426612777593,-0.0698797405321337
-4.55417267422055,-9.95899817747917,-0.604402222887953,0.0822841943608112,-0.0568270301739607,-0.0460273362108849,-0.13477294086115
-4.52976923056314,-10.104916426704,-0.983614826584674,0.0554016810036089,-0.0832505479980424,-0.0309982373461968,-0.0626677012267685
-4.24254827920697,-10.1013303894912,-0.293503525779823,0.0957236155501165,-0.0289307695371813,0.191497335806056,0.0325168067499659
-4.22801043531653,-10.2809929410158,-1.14331426912896,0.0414580760019573,-0.091001252377184,-0.0269202321115197,-0.0886612991474141
-4.25380206825589,-10.4902477579879,-1.45173116233693,0.0118784042315577,-0.0992920113247371,-0.03767003717092,-0.109962805647401
-4.18465452332172,-10.6560124586617,-1.51968589806775,0.00510881792096916,-0.0998694146345636,0.0640387270131984,-0.0658952860391981
-4.19254510417387,-10.6771242507733,-1.29424100414625,0.0273043489620282,-0.096200169063052,-0.0351949298141788,0.0750883769514557
-4.09626367206184,-10.7528676249508,-1.72643550294169,-0.0155011581115673,-0.0987912652879808,0.111782590223605,0.0230478911104409
-4.06374257649917,-10.7649803715101,-1.80526718035313,-0.0232328350435604,-0.0972637413214129,0.05575393060623,0.0851509947620974
-4.08047398604862,-10.8482086382516,-1.68437606436846,-0.0113335691850854,-0.0993556752758839,-0.00539784036437001,0.0161274085344751
-4.02389028410919,-10.7833323645142,-1.76681209666458,-0.0194762953491481,-0.0980850341258683,0.0760599972885773,0.162961307863202
-4.02057608451241,-10.8794473291876,-2.42831969236669,-0.07562243912561,-0.0654312364295022,0.0789366387223936,-0.0306837282438311
-4.20427925693308,-10.8922967134261,-2.13745707069918,-0.0536817722379134,-0.084369824756229,-0.130021400182755,0.0715204405176465
-4.15616925465596,-11.1324698922217,-1.94611200246465,-0.0366566249448191,-0.0930391952225237,0.0847666272219396,-0.147133983573089
-4.14749602777567,-11.233684461514,-1.42888096040959,0.0141439483952063,-0.0989946903818267,-0.00547072151491794,-0.00221987891039994
-4.15243489987403,-11.2535747028655,-2.24603735657854,-0.0625085472201581,-0.0780556309591132,0.0575696751217979,0.0581653896076349
-4.11128059499984,-11.2599607722969,-1.43475437248173,0.0135622711676254,-0.0990760556379583,0.0275920337065679,0.0926899862065104
-4.1236052169797,-11.3942102004655,-0.362265711690623,0.093509627032368,-0.0354393799644891,-0.105834249012231,-0.0988100482041245
-4.00289078657158,-11.2508282994486,0.159873619400393,0.0987247410222029,0.0159193438966237,0.0219896893859187,0.127462557120264
-3.92020764395038,-11.2584517581491,0.58233338060463,0.0835181625522153,0.0549974228841838,-0.000835019931017378,-0.0626208815846921
-3.7983934557576,-11.2946837792449,0.876967005043015,0.063948585715436,0.0768802860621338,0.0578656024773482,-0.113112307157854
-3.93552893449059,-11.326107646839,1.18608548892184,0.0375291126044056,0.0926906991403444,-0.174664591337395,-0.124114566734484
-3.90053342642649,-11.030012494004,0.90222507547447,0.0619865469431103,0.0784708098471628,-0.0269910388790151,0.217624342987863
-3.75867873915148,-10.8994848988897,0.964275105945663,0.057001262502609,0.082163593355626,0.0848534247723981,0.0483640017586895
-3.7798642641052,-10.8502085187291,0.660694446249371,0.078956626434423,0.0613665311232025,-0.100142151388135,-0.0120901509626718
-3.57051978169561,-10.7358743643796,1.70209896512976,-0.0130925678802639,0.0991392186084835,0.22243705028985,0.0151949357410549
-3.45563652476144,-10.696805961735,0.872888886474193,0.0642615800031959,0.0766188575710501,0.0506216769309784,-0.0375504549264416
-3.40780014961164,-10.4346049724635,0.926047948810743,0.0600997348389912,0.0799251016407421,-0.0122633596891924,0.182275887630745
-3.44808200260746,-10.4094425865573,0.76687154617404,0.0720084979835969,0.0693885885297166,-0.112290350979419,-0.0442262026234909
-3.30759092562595,-10.5083453148836,0.479982430074804,0.0887003036067947,0.0461763591035765,0.0517907733747184,-0.145079087429898
-3.15866387084906,-10.5059826436885,0.613473086459607,0.0817653460199271,0.0575710707755344,0.0671617087569564,-0.0552083995804427
-3.11213701651484,-10.3674426558603,0.206322748298479,0.0978790859970342,0.0204862032691564,-0.051352231662811,0.118053784559068
-2.9178378084319,-10.3175487476394,0.464717406401156,0.0893948251328387,0.0448170195290718,0.104904382950101,0.00507688869174654
-2.81722626962681,-10.201867331976,0.734084149824258,0.0742444599563862,0.0669907468668963,0.0263670788487016,0.0486906687965488
-2.8181656693973,-10.0115541583004,0.64687791479318,0.0797969359127401,0.0602698018823528,-0.0807363356832336,0.130043371793246
-2.67431489552336,-10.1775111551731,0.874331981060316,0.064150944869952,0.0767115132968473,0.0796998290039899,-0.24266851016957
-2.40099926167424,-10.1448629065925,1.22800039918722,0.0336121659034569,0.0941818576121669,0.239703467945663,-0.0615336090315552
-2.30571000887298,-10.0776602474486,1.59660334596349,-0.00258041546752324,0.099966701736203,0.0978696682687904,-0.0327640425922811
-2.23254613833451,-9.92721906567725,1.56301230367417,0.000778394451398783,0.0999969704644997,0.0723854760870709,0.0504442113068409
-2.29934843167006,-10.0162571545707,0.818235444771486,0.0683510291714239,0.072994087508559,-0.13515332250698,-0.162032176402011
-2.17032251493228,-9.78438328214608,0.485287067266148,0.0884541079499188,0.0466462301454696,0.0405718087878666,0.185227642279161
-1.94849918519827,-9.7119170986903,0.63302856996807,0.080623953921233,0.0591589220160991,0.141199375812773,0.0133072614396728
-1.84682178981503,-9.64350393569844,1.41742678182661,0.0152768986432417,0.0988261927215863,0.0864004967399975,-0.0304130297297244
-1.80959454758149,-9.61943993511518,0.748322774329679,0.0732831101212405,0.068041059449116,-0.0360558678877038,-0.0439770588658524
-1.76689178628964,-9.62088532150083,0.943064399913096,0.058731057871763,0.0809361652245992,-0.0160282965799097,-0.0823815516102583
-1.86748305006731,-9.58464776959336,1.26153262304951,0.0304357354175104,0.0952557925251546,-0.13102699919518,-0.0590182406176815
-1.77416107600514,-9.55964694597223,1.0457221694253,0.0501277173442932,0.0865286770605598,0.0431942567178768,-0.0615278534394301
-1.56340147121888,-9.38127251305408,1.14969612396901,0.0408764789103287,0.0912639768577583,0.169883125875931,0.0871104560603971
-1.72379274248118,-9.18220258355718,1.53268821888889,0.00380988849662142,0.0999273973925235,-0.164201159758918,0.0991425321043719
-1.60386287169319,-9.21780423852702,0.666684999528862,0.0785875924156497,0.0618384210528674,0.041342278372336,-0.0974400760227027
-1.52523024234794,-9.41770221665733,-0.406637861532978,0.0918455816496067,-0.0395523593663567,-0.0132129523043495,-0.160345618763958
-1.45239482179406,-9.74067464581399,-0.536496823020665,0.085950452404824,-0.0511128137692113,-0.0131150318509523,-0.271859615387445
-1.50648281811076,-10.003553525155,-0.343549314580075,0.0941565079182268,-0.0336831117423094,-0.148244504234927,-0.229195767598677
-1.39500362832509,-10.1526250192119,0.211754091375309,0.0977663752578994,0.0210175133860218,0.0137128145277733,-0.170089007442914
-1.3641408464255,-10.1880089196832,-0.582846768536668,0.0834899165339312,-0.0550402928513031,-0.0526271346343411,0.0196563923799902
-1.28151033110307,-10.172564612472,-0.340901860678621,0.0942453523277895,-0.0334337189766683,-0.0116148370053556,0.0488780261878702
-1.15614413930518,-10.3510252711545,-0.719320614887649,0.0752253531732611,-0.0658873754216856,0.0501408386246257,-0.112573283260852
-1.10478359285587,-10.4534113763853,0.13301404419662,0.0991166667371156,0.0132622160638246,-0.0477561202878094,-0.115648321294599
-1.17817189710094,-10.3483609344896,1.1854185974122,0.0375909188946739,0.0926656506838108,-0.110979223139744,0.0123847912118386
-1.24472265947408,-10.2938366543583,1.83126821350811,-0.0257536549842721,0.096626855764591,-0.0407971073888622,-0.0421025756332318
-1.32372378477458,-10.1840109014714,1.49358948014282,0.00771301658310145,0.0997021031633175,-0.086714141883599,0.0101236497235508
-1.40088633026364,-9.94570633149317,1.37643684896848,0.019313811247153,0.0981171580056687,-0.0964763567362207,0.140187411972577
-1.44457825475164,-9.83344979630768,2.07340269933662,-0.0481711214696385,0.0876330020959988,0.0044791969816453,0.0246235330894843
-1.39042212841911,-9.82741951197014,2.34676692331577,-0.0700409160221426,0.0713741555661373,0.124197042354675,-0.065343871228588
-1.54312616451538,-9.78193875075983,2.21717989644461,-0.0602303472919475,0.0798267202451122,-0.0924736888043227,-0.0343459590348028
-1.60577132337112,-9.80912044753977,2.25717208418463,-0.0633737825174418,0.0773547909921033,0.000728623661700789,-0.104536487772044
-1.65646255547741,-9.77591472281943,3.52835372008823,-0.092613561123594,-0.0377190707203441,0.0419223290173055,0.0709247954406855
-1.65535004992367,-9.69541270827928,3.96186845207341,-0.0682019532432517,-0.0731333957491741,0.0693144587969887,0.153635410289319
-1.58191120621618,-9.70617674365802,4.0333055648047,-0.0628080048945851,-0.0778148733929561,0.136246848602069,0.0670508380142179
-1.58449786087966,-9.67159012625687,4.17476490197536,-0.0512096693846806,-0.0858927806134585,0.0486230147212043,0.120479398014611
-1.42454535511051,-9.63714238501371,4.71878440256715,0.000639537858556456,-0.0999979549357259,0.159312967910595,0.134445696178886
-1.55931586864519,-9.85824675070158,4.80658105971548,0.00940528600954535,-0.0995567204917812,-0.144175799544224,-0.121547645196087
-1.52767504535746,-9.92032702649553,4.95846935233813,0.0243604292185281,-0.0969874707799367,0.00728039406919487,0.0349071949859852
-1.58380682923366,-9.85021951752166,4.43526475834884,-0.0273590727578269,-0.0961846200690731,-0.028772711118371,0.166292129042937
-1.81183990819355,-10.0092027886226,3.70754719447654,-0.0844077139440467,-0.0536221766318749,-0.143625365015839,-0.105361094469079
-1.89415029772616,-9.87936454021685,3.41235739249905,-0.0963566634658883,-0.0267468391725367,0.014046273933273,0.156585087578304
-2.02448463695703,-9.92907967241953,2.90880705518328,-0.0973027564392159,0.0230688879084065,-0.0330315827916476,-0.0727840201110881
-2.20614638531858,-9.89929591413357,3.35062090465904,-0.097823302360175,-0.0207509401076138,-0.0838384460013777,0.0505346983935738
-2.18218019862338,-9.96603854890673,2.62845942661329,-0.0871210656117688,0.0490909352800482,0.111087252306967,-0.115833570053209
-2.22735504492762,-9.88049094872542,2.62102811041949,-0.0867538531113389,0.0497369980028573,0.0415790068070978,0.0358106021784622
-2.47785377459283,-9.75938967101767,2.35452285050266,-0.0705923766014749,0.0708287820434288,-0.179906353063734,0.0502724956643208
-2.52734874523486,-9.7971385427012,1.84936839079821,-0.0274983041630593,0.0961449076558705,-0.0219966664789662,-0.1338937793394
-2.29078282480191,-9.63285834265805,1.53984948255981,0.00309419048025261,0.0999521184631517,0.233471729952696,0.0643280815799907
-2.30562324445565,-9.5406928314309,1.57466129894834,-0.000386496253095612,0.0999992531004424,-0.0144539234006428,-0.00783374187329162
-2.40646808034305,-9.42450699161135,1.50937172894202,0.00613859794965372,0.0998114102455852,-0.10698343383706,0.0163744295739694
-2.33377175356656,-9.25546597477806,1.47594538600433,0.00947087804958334,0.0995505021030528,0.0632254487269132,0.0694905147302322
-2.32247498064962,-9.17248842096002,1.08299149484654,0.0468687886907772,0.0883363834818886,-0.0355720157738355,-0.00535882966384342
-2.29040512602871,-9.08191638689449,0.975712218280803,0.0560578406855761,0.0828101352351907,-0.0239879860646732,0.00776189883033531
-2.16712858470701,-9.04446930939151,0.762203842191696,0.0723315977587736,0.0690517194982354,0.0509449435629343,-0.0316046419952498
-2.19297427132139,-9.00202059234347,0.733725045115231,0.0742685118613889,0.0669640810128441,-0.100114198475772,-0.0245153639648088
-2.07014994451766,-8.854239285871,0.767569034129746,0.0719600827670716,0.0694387967072889,0.0508642440366584,0.0783425097651797
-2.17701680373625,-8.90000858125516,0.450029317652653,0.0900434349797256,0.0434991932919674,-0.196910294198318,-0.0892684886761318
-2.10897527447588,-8.97088530585642,0.114250303843122,0.0993480530291522,0.0114001911965002,-0.0313065237687809,-0.0822769157977573
-1.9866985586448,-8.95938769929119,0.870673360824067,0.0644311731929056,0.0764762964648903,0.0578455426381757,-0.0649786898996549
-1.92786463153659,-8.81896147625965,1.01667722650886,0.0526194418795546,0.0850364294657542,0.00621448522865427,0.0553897935657801
-1.95597557380103,-8.59326132419865,1.34010005773636,0.0228655402003916,0.0973507425310371,-0.0509764824648304,0.128349409529965
-2.02219359337833,-8.43482516741257,1.02721061616311,0.0517208174998291,0.0855859628510971,-0.117938837077136,0.0728501939349844
-2.06251823590785,-8.4151384680045,1.54317038216566,0.00276224307762406,0.0999618427860357,-0.0430868856071425,-0.08027514337796
-2.15383629551411,-8.33269689246835,2.3487038381094,-0.070179030209428,0.0712383584795733,-0.0211390293968246,0.011203217056573
-2.20623717069458,-8.05396904285077,2.14892907021342,-0.0546461091928519,0.0837484492398689,0.00224523401238059,0.194979400377712
-2.20570034867692,-7.85523615762654,2.68971250912076,-0.0899627713277086,0.0436657734963943,0.0904995933453635,0.155067111727837
-2.23183441344305,-7.94542889700112,3.64386756756458,-0.0876489640127065,-0.048142072114724,0.0615148992465799,-0.0420506672598545
-2.2219037463606,-8.01628729487455,3.88837925947184,-0.0733875461415812,-0.0679284040097903,0.0833182132240292,-0.00292999386364379
-2.23708952015171,-7.97425279061369,3.84281695024708,-0.0764052900708684,-0.0645153597927381,0.0612195162797551,0.1065498640536
-2.37235986634308,-8.07936810296854,3.89001460013538,-0.0732763619782391,-0.068048326762927,-0.0619939842131217,-0.037066985591926
-2.42354432221374,-8.30786225729104,4.07848784016427,-0.0592292495498163,-0.0805723029195864,0.00804479367915088,-0.147921851402915
-2.40256633687721,-8.45082263406475,4.74254516179321,0.00301516109681852,-0.0999545336818707,0.01796282423971,-0.0430058430918411
-2.5339286685695,-8.61206108043353,4.61802278273904,-0.0094226205152923,-0.0995550813500988,-0.121939711177,-0.0616833650186719
-2.51458085392229,-8.72823809628047,4.90312945395437,0.0189585991315698,-0.0981864120892929,0.000389215515647079,-0.0179906037576544
-2.46575453543624,-8.84296255390461,4.67445603503333,-0.00379238490005717,-0.0999280632093398,0.0526187033861064,-0.0147963944148005
-2.61724774850413,-9.02325665343792,4.63396292174108,-0.00783456882013036,-0.0996926252608619,-0.143658644247757,-0.0806014742724454
-2.49346528208874,-9.14096130875328,4.40541520536452,-0.0302175268335827,-0.0953252383792546,0.153999993248972,-0.0223794169361053
-2.61087622935824,-9.21845701733407,3.31303770804257,-0.0985339260247607,-0.0170606395585569,-0.0188770212447481,-0.0604350690222315
-2.81802804315131,-9.24693441480196,2.87715545866319,-0.0965239751892128,0.0261366067742588,-0.110627838603853,-0.0546140042421511
-2.73775920902149,-9.34237635490741,3.07387783213323,-0.0997708227383208,0.00676630845576564,0.180039656868145,-0.102208248561218
-2.78645532543727,-9.37969969151096,3.22136051395183,-0.099682023081235,-0.00796832946307702,0.0509859066654514,-0.0293550071404704
-2.926316365361,-9.29521459013974,2.5517782283038,-0.0831043911329325,0.0556206811754815,-0.0567566487907965,0.0288644201957384
-3.00846897666356,-9.13422948273897,2.60410632044705,-0.0858998336881429,0.0511978375749346,0.00374722238558265,0.109787269825833
-3.09896315881021,-9.05180384096064,2.36830146946185,-0.0715615676336586,0.0698494240335116,-0.0189326145129901,0.0125762177448262
-3.09408770944569,-8.84507049793297,2.63841460004937,-0.0876054492625971,0.0482212117174438,0.0924808986271183,0.158512131310217
-2.99565079970466,-8.65679730307662,2.75918307818246,-0.0927768179663166,0.037315707792362,0.191213727707343,0.150957487063997
-3.2351389793829,-8.75530482716814,2.55808700568969,-0.083453633501033,0.0550952906832813,-0.156034546177209,-0.153602814774803
-3.31718170072498,-8.68305504917581,2.45555071293654,-0.0773759419110067,0.0633479566630567,-0.00466677943106921,0.00890182132927109
-3.33744367268962,-8.78335070436406,2.16574801263548,-0.056046874254598,0.0828175578382343,0.0357849022899592,-0.18311321302648
-3.41964386088361,-8.53372591182795,2.15712408525594,-0.0553305863533269,0.0832978163807254,-0.0268696018406672,0.16632697615538
-3.38833542979885,-8.5327637267639,1.92157026919187,-0.0343624725056277,0.0939107048386923,0.0656709035903891,-0.092948519774645
-3.55372105752062,-8.65911324191209,2.1235666331489,-0.0525046974304437,0.0851073248771078,-0.112880930291328,-0.211456840025294
-3.67054326598443,-8.55326722909762,1.77612895328408,-0.0203892810255377,0.0978993218529201,-0.0964329274382719,0.00794669096154568
-3.61909768276633,-8.44288839360155,1.50342850095011,0.00673168801143445,0.0997731646111153,0.0447138952066681,0.0106056708849581
-3.55033757917124,-8.35819241707323,1.19763491550551,0.0364561090165935,0.0931179473322423,0.0323039945784992,-0.00842197080392193
-3.72887377322973,-8.20216197176046,2.45018492421017,-0.0770349179010665,0.0637622256824206,-0.101501276157426,0.0922682196303535
-3.72030596578616,-8.15743431946803,3.1492794751371,-0.0999970456532721,-0.000768674584870743,0.108564853096839,0.0454963268772945
-3.80519052548993,-8.23574163932726,4.00833089231432,-0.0647316171168172,-0.0762221604616517,-0.0201529425869546,-0.00208515939757348
-3.63023915599393,-8.20345905484559,5.02269817932905,0.0305353082390825,-0.0952239200555418,0.144416061256925,0.127506504537208
-3.64106118560802,-8.40200465794053,5.09696357929248,0.0375164841712138,-0.0926958112075787,-0.0483385137853059,-0.105849791887358
-3.54824952034256,-8.55514538306642,5.18758543485434,0.045751314388248,-0.0889202858280814,0.0470603508772137,-0.0642204392978139
-3.6013986946318,-8.63789377063953,5.05827943047552,0.033903452378101,-0.0940773932294355,-0.0870526266673442,0.0113290056563301
-3.57735727447915,-8.71318687098339,5.41737348832602,0.0648022030526999,-0.0761621591048774,-0.0407607829000482,0.000869058761012553
-3.38158943698234,-8.89317000802242,5.10364716348739,0.038135181884299,-0.0924429981266912,0.157632655612505,-0.0875401389123319
-3.39049468097744,-8.9578231433394,5.22994996733711,0.0494762039724385,-0.0869028494381954,-0.0583814479675377,0.0222497141212084
-3.38370774697837,-9.10096941596486,4.52910490709968,-0.018225961697771,-0.0983250442165748,0.0250128956968436,-0.0448212284088797
-3.48145047702287,-9.09549650913125,4.7026512400868,-0.000973758640404032,-0.0999952588581591,-0.0967689714040983,0.105468165691764
-3.57482069203059,-9.23731226273607,4.55550715085361,-0.0156239094117757,-0.0987719264502451,-0.0777463055959468,-0.0430438271545709
-3.5703270690581,-9.37573421015519,4.32171948189432,-0.0380807555090618,-0.0924654317021181,0.0425743784815562,-0.0459565157169987
-3.55318450766265,-9.45347718557783,5.04194603543605,0.0323623951942653,-0.0946185783939402,-0.0152198337988195,0.0168756029712922
-3.64242247230263,-9.56123912197234,5.01267845276347,0.0295796737802069,-0.0955250904163746,-0.118817638420181,-0.012236845978131
-3.67609204762119,-9.51052851358646,4.54445797450135,-0.0167142819325237,-0.098593269443102,-0.01695529338604,0.14930387782898
-3.62004386410149,-9.62553119588131,4.65541186472822,-0.00569462923208168,-0.0998377243225682,0.0617428127517826,-0.0151649579722793
-3.62323541933846,-9.60299262267205,4.80084464155396,0.00883403541508749,-0.0996090348225751,-0.012025590652059,0.122147608031834
-3.48256266717231,-9.66439312026426,5.02835956814768,0.0310739156483345,-0.0950495227041156,0.109598836517821,0.033649025111904
-3.5430434232196,-9.95263813730615,4.94386509493967,0.0229414517778931,-0.097332881341932,-0.0834222078251843,-0.190912135699962
-3.53049561711031,-9.87595321684454,4.76536771960314,0.00529539597116578,-0.0998596954807522,0.00725241013812088,0.176544615942367
-3.47532059313678,-10.0264624200436,4.56912559372699,-0.0142773823533884,-0.098975534113917,0.069452406326918,-0.051533669085168
-3.64627635060492,-10.0806770072258,4.12654767695759,-0.055290059166157,-0.0833247223661913,-0.11566569830198,0.0291101351840162
-3.52625742157933,-10.0544652797558,4.79946239204958,0.0086963424807033,-0.0996211505025831,0.111322586544883,0.125832877972577
-3.36147523691853,-10.1329547374816,4.59523780493108,-0.0116883387723023,-0.099314564575111,0.176470523433104,0.0208251068493029
-3.3955776876947,-10.1992075665872,4.76790897989317,0.00554914807788977,-0.0998459160687589,-0.0396515988540555,0.033593086963136
-3.51760258852024,-10.2680997575303,4.42261745079947,-0.028573328726787,-0.0958309182126049,-0.0934515720987577,0.0269387272695889
-3.62025646714652,-10.3143544053421,4.56541327405857,-0.0146447119509746,-0.0989218500224949,-0.0880091666753089,0.0526672022106222
-3.76051739391506,-10.2530735867734,3.21515460975825,-0.0997295539200279,-0.00734956290620339,-0.0405313728485094,0.0686303814749691
-3.85791408864129,-10.1379157668111,3.17914577501908,-0.0999294964396905,-0.00375442955851926,0.00253280171346542,0.1189122495208
-3.85139569627048,-10.2215189525843,3.71266747337375,-0.0841320481774137,-0.0540536628682399,0.0906504405482228,-0.0295495229049346
-3.71631223482201,-10.3424573199777,4.02548257603794,-0.0634148216773754,-0.0773211509978135,0.19849828312584,-0.0436172163955892
-3.56765534254173,-10.3358512467532,4.67074884482721,-0.00416281032893159,-0.0999133174815317,0.152819702609211,0.106519390705974
-3.69472768566629,-10.4874059620579,4.77527037330816,0.00628399615483331,-0.0998023616570572,-0.133356339279393,-0.0517523536476441
-3.65948456758203,-10.7100603883677,5.00050667287086,0.0284148009947108,-0.0958780427649156,0.00682831708955645,-0.12677638354491
-3.68282823345715,-10.8567106143798,5.52476568350186,0.0725923860256302,-0.068777507159724,-0.0959360519007516,-0.0778727188523554
-3.67650929656499,-10.8834307993493,5.9521964150878,0.094572143742149,-0.0324978403592349,-0.0882532068499878,0.00577765538974688
-3.72921035268769,-10.8896946777272,5.85320298209747,0.0908973117690105,-0.0416854736469109,-0.143598367891715,0.0354215952689769
-3.58128303829249,-11.0609466276708,5.47568141205053,0.0691304179845785,-0.0722563859411572,0.0787968964106194,-0.0989955640024313
-3.24671481040923,-11.4023775103435,5.4397172532439,0.0664876354598583,-0.0746953434355649,0.268080592423406,-0.266735539237085
-3.12664187486484,-11.3915051927192,4.98294512808455,0.0267267394378352,-0.0963622405251251,0.0933461961065564,0.107234558149421
-3.04202163477245,-11.3316841880949,5.44237919764637,0.0666862345125608,-0.0745180926120344,0.0179340055798246,0.134339097236302
-2.91056799072966,-11.358438287013,5.52504583224645,0.0726116511090191,-0.0687571677952349,0.0588419929337769,0.042003068877103
-2.94417003703359,-11.4566501116702,5.15145199863178,0.0425091542417159,-0.0905150363511721,-0.0761112005456475,-0.00769678830602345
-2.9584977398511,-11.3733882199168,6.07054544661378,0.0977477202414017,-0.0211041035727335,-0.112075423058912,0.104365995326168
-2.77473198843539,-11.3079600966014,6.45214457114043,0.0985760307286732,0.0168156524042237,0.0851897206870298,0.0486124709111866
-2.69669205192174,-11.1712583388255,6.67388226697457,0.092464385920026,0.0380832947160892,-0.0144244494063678,0.0986184630597883
-2.73330476159156,-11.0430977950812,6.92806472509693,0.0799172254893112,0.0601102077029401,-0.116529935159132,0.0680503360413484
-2.66260443138881,-10.8993833447544,6.91771289078243,0.0805351833410405,0.0592797119107793,-0.00983485313828929,0.0844347384160454
-2.63591652836109,-10.8849351080814,7.05635004416796,0.0715703993214103,0.0698403747195981,-0.0448824962936967,-0.055392138046548
-2.52912621690944,-10.9582655320688,6.45005180640504,0.0986110060424603,0.0166093192905027,0.00817930540919702,-0.0899397432778928
-2.28920010623857,-11.1085483452194,6.16765276994138,0.0993333536571228,-0.0115275691812698,0.14059275701374,-0.138755243969343
-2.11252688925303,-11.1236639267487,6.19976381848503,0.0996522445047955,-0.00833247653200787,0.0770209724807457,-0.00678310499729094
-1.93757808387475,-11.2527402491551,6.0229750070468,0.0966335892690861,-0.0257283778146538,0.0783152161091994,-0.103347944591818
-1.78456451816481,-11.2962356685707,6.40466514982847,0.0992630393595961,0.0121181276233281,0.0537505263503389,-0.0556135470389229
-1.64397447405894,-11.0786337579248,6.94093470622642,0.0791370110968604,0.0611337343424675,0.0614530330090063,0.156468176303437
-1.75329786462348,-10.8301501452237,7.70072962822687,0.0152652825840651,0.098827987673678,-0.124588673148605,0.149655625027444
-1.82032714686523,-10.8551488263972,7.77769420268275,0.00762134569090884,0.0997091524879219,-0.0746506279326556,-0.124707833661443
-1.7014776985454,-10.6950546490069,7.37003264526981,0.0465278298763031,0.0885164450653199,0.0723216184435259,0.071577732325013
-1.67360570560155,-10.7173619986692,7.28076873905921,0.0542334198216732,0.0840162851740432,-0.0263614268778253,-0.106323634836309
-1.71969559264312,-10.5964738825889,7.99093773958005,-0.01365283599251,0.0990636162744003,-0.0324370510490554,0.0218244998058129
-1.81067791298042,-10.5787261087308,8.13012837369471,-0.0272650409372372,0.0962113171237707,-0.0637172794000658,-0.0784635432655943
-1.97102972004396,-10.4126887858461,8.65367598633413,-0.0717143110633231,0.0696925934996893,-0.0886374960002115,0.096344729384958
-2.13459096232027,-10.2465540278249,8.74440559209124,-0.0777338522020654,0.062908252414349,-0.085827390074252,0.103226505606849
-2.07731618453674,-10.1705727326871,8.66441738159738,-0.0724587552901413,0.068918276108761,0.129733533073674,0.0070630190290597
-2.18137399511146,-10.2746529761906,9.52932306673824,-0.0994540136007909,-0.0104354769269883,-0.00460379697392943,-0.0936447665765309
-2.20262890543165,-10.4123803655048,9.23651842543594,-0.0982331449833279,0.0187149466118524,0.0769782346631416,-0.156442335926077
-2.32639811645248,-10.3983584260757,9.43314731597118,-0.0999964977151188,-0.000836925749535491,-0.0237727133057117,0.0148588651786536
-2.43731138732225,-10.507181631638,9.47801541451993,-0.0998583221429116,-0.00532123094805021,-0.0110549487268629,-0.103501974614212
-2.45753925836958,-10.4101058322346,9.83820779282381,-0.0915748268062982,-0.0401752547645498,0.0713469557589686,0.137251054167932
-2.59160757232759,-10.4593455813964,9.50013213587082,-0.0997162217332405,-0.00752828820165783,-0.0343520922247629,-0.0417114609601306
-2.5492249226049,-10.4437493225096,9.45309943824662,-0.0999598973763294,-0.00283176914908354,0.142342547099019,0.0184280280358864
-2.50706182385631,-10.5623352549863,10.1087554874487,-0.0775065533445397,-0.0631880858125172,0.119669652093131,-0.0553978466641949
-2.54724064753593,-10.6454055332088,9.74866919956938,-0.0948004181037039,-0.0318257871444356,0.0546215944240842,-0.0512444910780912
-2.72702334881545,-10.7692446300561,10.4788346981897,-0.0494048054997844,-0.0869434597513147,-0.130377895779739,-0.0368956370959804
-2.57515573659191,-10.8497524181375,10.3122570237636,-0.0631368973428777,-0.0775482571945684,0.215004509566413,-0.00295953088685241
-2.60082499349198,-10.9423195984248,10.8621789141222,-0.0133000111824045,-0.0991116022600175,-0.0123692457176666,0.00654442197270875
-2.59040168522769,-10.9341610033399,11.3370658449854,0.0334892893375518,-0.0942256201872173,-0.0230659810732524,0.102384215272176
-2.55697277386318,-11.0323051780105,10.9626264013302,-0.00329419253888283,-0.0999457267496553,0.0367231039033855,0.00180155207904456
-2.56891282880204,-11.2041132062263,11.5094654566398,0.0491569538962732,-0.0870838325043155,-0.0610970088351296,-0.0847241957115294
-2.35112018228413,-11.2283485080394,11.3095410260623,0.0308833884723313,-0.0951115992740479,0.18690925804558,0.0708762974610277
-2.32538473407284,-11.4635714399295,11.9814141483032,0.0833736124513985,-0.0552163087031722,-0.0576381642401117,-0.180006623186957
-2.23553345161197,-11.4640853413161,12.0967823592488,0.0891754686228151,-0.0452519148313232,0.000675813838057504,0.0447380134447213
-2.16110915336313,-11.4207057289989,12.9731563411679,0.0918397322250398,0.039565939706179,-0.0174154339761989,0.00381367261104906
-1.98859664376838,-11.3928096116015,13.0932659475499,0.0864372422302411,0.0502852180628724,0.0860752673645092,-0.022389100665465
-1.70682274573162,-11.3149672723108,13.0744469176993,0.0873681997163253,0.0486497448947916,0.19440569832043,0.0291925943958871
-1.64084864760237,-11.234274935801,13.2628137123111,0.0767128763448616,0.0641493149059128,-0.0107387782156053,0.0165430216038601
-1.57466535046087,-11.1671397180088,13.3570471777371,0.0703364555591004,0.0710829305767756,-0.004153158417604,-0.00394771278456485
-1.39773173790348,-11.0791151558646,13.1728624381943,0.0821652689870416,0.0569988471136663,0.0947683435703471,0.0310257150305732
-1.37386417983353,-10.9255353927543,12.7691738693024,0.0979505806991197,0.0201415923080882,-0.0740830226291679,0.133438170802188
-1.24238871621758,-10.7718979349203,13.1008777578901,0.0860519803236232,0.050941698856465,0.0454234832923209,0.102695758977566
-1.31154904295312,-10.6000667852066,13.1554588927746,0.0831447580029292,0.0555603205231427,-0.152305084738463,0.116270829190504
-1.30319302428186,-10.6560341267298,12.7040155062877,0.0990541888892363,0.0137210664124731,-0.0906981702179821,-0.0696884079356686
-0.981475212064692,-10.5693269043771,12.843685658273,0.096179397608278,0.0273774263894319,0.225538414608894,0.0593297959632487
-0.847146866738025,-10.46600318227,12.9308984775491,0.0934292185945427,0.0356508220496129,0.0408991267321245,0.0676729000574765
-0.644496649888405,-10.3301160628155,13.1163667766944,0.0852526527951598,0.0522683957223477,0.11739756405446,0.0836187237322051
-0.621076771623716,-10.3490180751618,13.7087920740891,0.0415393062413125,0.0909642019532435,-0.0181194279766229,-0.109866214299606
-0.665937492874336,-10.3610428871185,13.8871130361005,0.024745618817105,0.0968899083979262,-0.0696063400677258,-0.10891472035458
-0.743261271921959,-10.2369001771037,13.3655356672112,0.0697305420849834,0.0716774127639548,-0.147054321132606,0.0524652972507942
-0.899246590593623,-10.241515949904,13.2317956980157,0.0786654412287465,0.061739358243236,-0.23465075990041,-0.0663551310435176
-0.622055479634976,-10.3599864402134,12.6134839933496,0.0998890370033907,0.00470959515619473,0.177302073955256,-0.123180085465608
-0.494270431834031,-10.3938543143133,12.8744584029353,0.0952915165011445,0.0303237016690263,0.0324935312998008,-0.0641915757688597
-0.373327368118176,-10.6159141153579,12.3913270960566,0.0984718961081864,-0.0174150991056197,0.0224711676076688,-0.204644701938977
-0.184818582017521,-10.6622219753983,12.5574696737329,0.099996038688952,-0.0008900823094607,0.0885127474117027,-0.0454177777309813
-0.0973391928485636,-10.7797622316267,12.1317150755776,0.090701514803511,-0.042109799481219,-0.00322212563455375,-0.0754304567472122
-0.188433023552033,-10.9116280043071,11.3355911027722,0.0333502944709369,-0.0942749057740277,-0.124444125174406,-0.0375908669063476
-0.124431511088646,-10.9428336800698,11.603549505866,0.0571206678625228,-0.0820806268429972,0.00688084460086396,0.0508749510802646
-0.0655007481078381,-11.0364000073615,11.4089746351843,0.0401725547151108,-0.0915760113111585,0.018758208265697,-0.00199031598050894
-0.0335307294966028,-11.1750835496789,11.6573188507451,0.0614494109623984,-0.0788921408783807,-0.0294793923511631,-0.059791401438963
-0.064948952698687,-11.2123840301184,11.7835001739704,0.0708891890376565,-0.0705317154022458,-0.102307412239741,0.0332312349627417
-0.0568182194119453,-11.2523810663121,11.5140428367855,0.0495550533328018,-0.0868579109188286,-0.0414243200460602,0.0468608747250572
-0.0118559949385967,-11.5097662001185,11.595583014959,0.0564649676403192,-0.0825330687020524,-0.0115027431669706,-0.174852065104266
0.0659395331432886,-11.6247964844713,11.0455284305032,0.00499333694664804,-0.0998752551242661,0.0728021911352372,-0.0151550292285684
0.112936351854386,-11.7175188085235,11.1727484939508,0.017624872311709,-0.0984345664692843,0.0293719463993884,0.00571224241706307
0.0818968337037538,-11.9139981259327,11.2568202857194,0.0258284472150242,-0.0966068906158392,-0.0568679653656564,-0.0998724267933893
0.0709176685309875,-11.9835425725696,10.723163494701,-0.0269054111326157,-0.0963125062065406,0.0159262459598494,0.0267680595696671
-0.0976600330185258,-12.1266682506594,10.806525480084,-0.0187924734597878,-0.0982183432015791,-0.149785228089726,-0.0449073348882381
-0.131654621240065,-12.3800287613941,10.1775370219655,-0.0729805403248143,-0.0683654937369588,0.0389859521032749,-0.184995016997756
-0.161586184327169,-12.548116738632,11.2153649232707,0.0218025300219446,-0.0975943117432681,-0.0517340931090485,-0.0704936654945708
-0.110247384694476,-12.6559216792638,11.6640857515026,0.0619818552680347,-0.0784745157202795,-0.0106430556353414,-0.0293304249115343
-0.113340032218382,-12.7599451204163,11.9528882745963,0.0817648132938482,-0.0575718273726147,-0.0848574608177543,-0.0464516137798583
-0.0674998691260517,-12.9204939256906,12.0186053748103,0.0853690473016168,-0.0520780737241146,-0.0395288842092866,-0.108470731550227
0.22712627612895,-12.8005031167349,11.7261949029906,0.0667331973276516,-0.0744760389281594,0.227892947927351,0.194466847883911
0.189690348693911,-12.6314422548678,12.2708077147048,0.095663833338425,-0.0291278387629094,-0.133099760773464,0.198188700630008
0.236602547319212,-12.4988169367878,12.6574766570347,0.0995852714331668,0.00909800602233809,-0.0526730728078658,0.123527312057658
0.328626566300158,-12.5838254118052,12.4997060858666,0.0997778743138218,-0.00666151614988475,-0.00775385533287683,-0.0783469588675947
0.401594917558123,-12.7402821304211,10.9489015767113,-0.00466557678446078,-0.0998911026732026,0.0776339280424267,-0.0565656159426338
0.402254890422057,-12.8005114001629,10.8792435679807,-0.0116068516299673,-0.0993241209135018,0.0122668244939013,0.039094851171699
0.361105653519361,-12.7589829181665,10.6757003234053,-0.0314446920433727,-0.0949275057204046,-0.00970454485932368,0.13645598771675
0.422914894849573,-12.8339531599789,11.6189317713885,0.0583764464242712,-0.0811923056876339,0.00343279490594117,0.00622206387527573
0.637658938953595,-13.0857434287828,11.6843645571957,0.0635603716954239,-0.0772015488830344,0.151183672408598,-0.174588719920829
0.710414665878714,-13.169667287995,11.6962600930055,0.064474206863315,-0.0764400199460104,0.00828152006180405,-0.00748383926618814
0.751935119799849,-13.2643881713204,11.4766783504919,0.0462758192109754,-0.0886484549011043,-0.00475536528984089,-0.00607242842436513
0.783594288008678,-13.4111329180545,10.8309702796494,-0.0163861704261153,-0.0986483320627688,0.048045338634944,-0.0480964146712985
0.821267338827393,-13.4396811958972,10.1422076791727,-0.0753498048218736,-0.0657450143608286,0.113022855640589,0.0371967365181272
0.674109589150861,-13.4453075250615,9.79031730403917,-0.0933931107110206,-0.035745305589952,-0.0537646389655117,0.0301189764256639
0.54145116519755,-13.3934799741897,9.66818010130401,-0.0970523657272007,-0.024100587269892,-0.0356060582261097,0.0759281381416535
0.372043096896752,-13.3505108880738,10.171514622696,-0.0733909386632303,-0.0679247386607411,-0.096017129637568,0.110893824776677
0.243893515543259,-13.5310583575178,10.3598834391409,-0.0593733555270435,-0.0804661708636573,-0.0687762258264493,-0.100081298580382
0.207863729602004,-13.6874386005224,9.89744802164358,-0.0890355877587484,-0.0455265209790317,0.0530058018174931,-0.110853722025559
0.173966147655644,-13.8429343837599,9.98867082532083,-0.0845180860505153,-0.05344804140806,0.0506205041041554,-0.102047741829449
-0.010119169680924,-13.7246366706405,9.1795662615098,-0.0970085954239537,0.0242761696705157,-0.0870767219126145,0.0940215434489216
-0.195761573012396,-13.8278536458187,9.32019775484531,-0.0994536472547542,0.010438967751982,-0.0861887560767181,-0.113655942930198
-0.295931525718144,-13.870951784507,9.71330034589657,-0.0958665356531033,-0.0284535998051613,-0.00430341705264423,-0.0146445388831024
-0.382681571747601,-13.8817955860279,9.76928375537332,-0.0941242476298886,-0.0337731551399541,0.00737420160043163,0.0229293536190067
-0.392655636630752,-14.0169551905996,9.94700293695951,-0.0866711486036965,-0.0498809783355935,0.0766970837205458,-0.085278626236072
-0.549741819578792,-13.9446965648875,9.52166561763191,-0.0995310061486096,-0.0096736143734095,-0.0575551767994305,0.0819322400855196
-0.432984966135299,-13.9705115136536,9.12565345980098,-0.0955594850615308,0.0294683697339211,0.212316338505024,-0.0552833185000324
-0.445027925568843,-13.8305610844303,8.95863300106541,-0.0893307553810997,0.0449445896971163,0.0772877959475553,0.0950058395261527
-0.444148262730747,-13.7900792442004,8.84346405600849,-0.0835741876850978,0.0549122495694362,0.0844538505231943,-0.0144304093395569
-0.431871387749157,-13.655534283467,8.83603527598933,-0.0831639543305058,0.0555315829066086,0.0954408293120957,0.0790133778267787
-0.380807545409727,-13.6476749632029,8.52595391384792,-0.0622530693947758,0.0782595384022244,0.113316911734206,-0.070400218138046
-0.421438361411964,-13.5626418022296,8.10211303309488,-0.0245593017778405,0.0969373029137131,-0.0160715142243971,-0.0119041419404052
-0.454037593616924,-13.4325226278577,7.67729884330454,0.0175764978925322,0.0984432157227394,-0.0501757300974924,0.0316759586490994
-0.292776454816456,-13.233427042208,7.81904538601906,0.00349291415328323,0.0999389791358597,0.157768224647185,0.0991566065138988
-0.472823798035873,-13.2932407042419,8.14159019293228,-0.0283659825878145,0.0958924972655724,-0.151681360631602,-0.155706159299498
-0.329051769900791,-13.2747250037675,8.47577361064642,-0.0582492678060767,0.0812835949011605,0.202021295941159,-0.0627678944268128
-0.470210829493167,-13.2460436059272,8.68829134450597,-0.0740833028264737,0.0671689231886368,-0.0670757567659024,-0.0384875253483498
-0.455320053059131,-13.2746752860606,8.46383756134067,-0.0572749365306674,0.0819730543862312,0.072165712964703,-0.110604734519594
-0.436460555181656,-13.1771983111179,8.7584637158474,-0.0786105138933273,0.0618092800914797,0.0974700117708018,0.0356676948512119
-0.383658363075859,-13.2517603903664,9.03998493440555,-0.0926876143661623,0.0375367305863149,0.14548980647196,-0.11209880983478
-0.568366235332167,-13.1112180227515,8.74935762843613,-0.0780444217625631,0.0625225417889193,-0.106663450493744,0.0780198258259489
-0.606234659289102,-13.0280132508475,8.56299486135996,-0.0651085123060025,0.0759004718384486,0.0272400883490667,0.00730430006552432
-0.696498893218234,-12.9298462222731,8.84968014010899,-0.0839139100127308,0.054391687842678,-0.0063503239164012,0.0437753407317228
-0.802566821439411,-12.9064091980282,9.21499398245238,-0.0978075923762116,0.0208248619099585,-0.00826033584496493,0.00261216233496793
-0.816370861607177,-12.8940643281019,8.47305378656197,-0.0580279755518737,0.0814417218221174,0.044223935384108,-0.069096851895768
-0.675945866684798,-12.7078382316566,8.51345690670014,-0.0612702237114673,0.0790313841859469,0.201695218633846,0.107194712259296
-0.734541161791665,-12.528560898368,8.29940195253931,-0.0430837226285217,0.090242965623192,-0.0155115724783455,0.0890343676653974
-0.769819283296397,-12.5849162854972,8.32036479586036,-0.0449658672026744,0.0893200469475439,0.00968774569794277,-0.145675434076714
-0.819012742277825,-12.4032126954066,8.55596374052869,-0.0645732419473834,0.0763563777585388,0.0153797829659549,0.105347212332075
-0.865314074643747,-12.4047499392946,7.99012571722777,-0.013572389629432,0.0990746700208832,-0.0327289427364901,-0.100611913908842
-0.796867045295492,-12.3216233901785,6.91044631983094,0.0809638135402878,0.0586929373691035,-0.0125167841920323,0.0244336117469143
-0.831522921653005,-12.3352829674023,6.46158626778353,0.0984128710199113,0.0177456140389196,-0.133068747377425,-0.031405191262663
-0.853871806398069,-12.1550163439205,6.14673912749346,0.0990705653295645,-0.0136023191140516,-0.121419450074628,0.193868942595874
-0.802372978341915,-12.1733760120144,5.66183330189721,0.0813092150444022,-0.0582134997132381,-0.0298103869882484,0.0398538316192498
-0.71207813340767,-12.2548919484796,5.66369220859101,0.0814172879630241,-0.0580622529768353,0.00887755697122135,-0.0234536834882956
-0.617511685648726,-12.3787051878629,5.74114956653516,0.0856660257277091,-0.0515880997519727,0.00890042203123471,-0.0722251396313311
-0.524810264837191,-12.2043521660515,5.91816487093727,0.0934116466267333,-0.035696838438191,-0.000710225815197596,0.210049860249537
-0.522121933254244,-12.2680950580314,5.57507910670393,0.0759594957814969,-0.0650396417627031,-0.07327116419855,0.00129674978287149
-0.6079702129106,-12.2161500361175,5.09420525028854,0.037260656231119,-0.092798941250568,-0.123108935887475,0.144743963164434
-0.519600714460692,-12.2156762691684,5.68158999966452,0.0824433786668773,-0.0565958418436362,0.00592611978303062,0.0570696087926988
-0.485881995043731,-12.2112270293384,6.1465372363903,0.0990678171233127,-0.0136223203024258,-0.0653490977063516,0.0180715601324811
-0.58974266970982,-12.3782215282883,5.40212487202156,0.0636333467501485,-0.077141410288997,-0.167494021416238,-0.0898530886609228
-0.46895876586362,-12.4361879921908,4.72737255005128,0.00149830090192704,-0.0999887748420156,0.119285602944273,0.0420223109395382
-0.406693598629106,-12.3957420370635,4.22211146125389,-0.047087073429295,-0.0882202216947123,0.109352240663809,0.128666176822041
-0.481961372125061,-12.5207590563493,4.0917913799934,-0.0581521430841077,-0.0813531084515242,-0.0171156304118476,-0.0436639108342968
-0.498680442993538,-12.6062038901285,4.12768715670072,-0.0551950764587729,-0.0833876701599836,0.0384760055902957,-0.002057163619215
-0.677645015069032,-12.7096971314395,3.96186265390804,-0.068202377281628,-0.0731330003017412,-0.110762194793866,-0.0303602410092607
-0.715114156212015,-12.8080182597674,4.45635457067199,-0.0253246233815841,-0.0967401852932944,-0.012144517761399,-0.00158094303464367
-0.808638521712518,-12.7223141201895,4.15168800877622,-0.0531779969148062,-0.0846882556446221,-0.0403463685856972,0.170392395222526
-0.897827805278394,-12.8389219616323,4.39384871217139,-0.0313180596853559,-0.0949693589403682,-0.0578712238805196,-0.0216384825024601
-0.97700588909312,-12.8966663675283,3.89194690936113,-0.073144734850173,-0.0681897922250676,-0.00603334896455294,0.0104453863290923
-0.874480620387988,-13.0275097993361,3.93880674257987,-0.0698702493320492,-0.071541234671183,0.172395518037181,-0.0593021971366119
-0.915231454889992,-13.1688240836153,3.64920648192657,-0.0873906896631668,-0.0486093340850918,0.0466398551611627,-0.092704950194144
-1.03878410569439,-13.0343128339307,2.98953191581819,-0.0988461025873154,0.0151475411634341,-0.0247065482170804,0.119363708521215
-1.13134816248001,-13.229340838146,3.79874578789069,-0.0791734489174207,-0.0610865368679596,-0.0133906078682038,-0.133941467347325
-1.20372683368605,-13.4798246488731,4.84910118222646,0.0136286735977877,-0.0990669433058524,-0.0860073448038269,-0.151416867421221
-1.2865900588088,-13.4931260493719,5.22822640303908,0.0493263479090929,-0.0869879957347629,-0.132189573031844,0.0736865952359594
-1.21212936014087,-13.4897463897585,4.96722626936013,0.0252087955809716,-0.0967704325987891,0.0492519030869573,0.100150092212135
-1.23468650637266,-13.3506346291281,5.17856115252426,0.044947020587903,-0.0893295322962716,-0.0675041668196903,0.228441292926675
-1.10133363461163,-13.3721192301453,5.21243676867835,0.0479467476229931,-0.0877559649959876,0.0854061241380417,0.0662713639788025
-1.01744869115229,-13.4044717481848,4.88985529716769,0.017653625319591,-0.0984294138612818,0.0662313181397489,0.0660768958217785
-1.12250493055059,-13.5277774876961,4.46063500742332,-0.0249103024013481,-0.0968476991687123,-0.080145936996959,-0.0264580403426294
-1.17760018384054,-13.6237914466903,4.16094606164904,-0.0523916807988193,-0.0851769439641657,-0.00270357249112623,-0.0108370150299919
-1.14630804165337,-13.7370537483127,4.08772341753607,-0.0584826024028914,-0.0811158752414428,0.089774744590059,-0.0321464263809112
-1.12187973448334,-13.9502500294011,4.65212940287811,-0.00602231148635543,-0.0998184940998476,0.0304506186563903,-0.113377786988561
-1.19735398053669,-14.0250348227192,4.4954566081009,-0.0215234910905748,-0.0976562303761206,-0.053950754962777,0.0228714370579567
-1.12498341887982,-14.1326179397786,4.60809702820099,-0.0104102994328757,-0.0994566521944001,0.082780861089746,-0.0081264648650091
-1.23029934352516,-14.303333110021,4.04782468693751,-0.061671620936782,-0.0787185567133308,-0.0436443037085637,-0.0919966135290148
-1.31381184073357,-14.3864374559039,4.27759794739654,-0.0421220886244243,-0.0906958083370789,-0.0413904085839855,0.00759146245416673
-1.26695822136481,-14.3720677945841,4.28598492914986,-0.0413599519964877,-0.0910458915649039,0.0882135713652552,0.10541555288472
-1.26125860932803,-14.440490049239,5.08051527789375,0.0359867894144795,-0.0933003268356436,-0.0302871773776987,0.0248780721806989
-1.3624385259532,-14.5843067565922,4.57148468489756,-0.014043850532314,-0.0990089403146303,-0.0871360660928636,-0.044807767038512
-1.46894744470105,-14.6992652386738,4.00829996446319,-0.0647339744734893,-0.0762201584153801,-0.0417749442743625,-0.0387383236662094
-1.4512898739141,-14.6416104465471,3.41709560703105,-0.0962288500439014,-0.0272030957655251,0.113886420830857,0.0848578878921376
-1.51708643658711,-14.7355336589692,3.37507664292376,-0.0972866216088006,-0.0231368376392725,0.0314900589357878,-0.0707863747828116
-1.6310251504366,-14.7752743596682,3.58304457315508,-0.0904132279954344,-0.0427252642290904,-0.0235254858540559,0.00298456353012906
-1.56692785273067,-14.766951854815,3.70808855513306,-0.0843786726399777,-0.0536678637875171,0.148475970345914,0.0619903686406714
-1.81807111406757,-14.9287051186068,4.25773145458255,-0.0439154656814819,-0.0898411480001151,-0.207227795655424,-0.0719121157916947
-1.83178531994949,-14.9861760444156,3.38322830381205,-0.0970947877336609,-0.0239291076924179,0.0833805818517393,-0.0335418181162924
-2.02352304442205,-14.9760973118164,3.27139662342126,-0.0991587286865667,-0.012943976408502,-0.0925789957859927,0.0230227090076694
-2.17330639907186,-14.9364310406271,2.92067038684362,-0.0975695768397318,0.0219129567908045,-0.0522137778100772,0.0177533143985
-2.33844320743721,-14.9766361815765,2.71996988320786,-0.0912426036760073,0.0409241649202896,-0.0738942046893374,-0.0811293058697384
-2.32475932124923,-15.0006162258582,2.72902499749364,-0.0916094309048309,0.040096286228191,0.105293317092808,-0.0640763305098338
-2.38019316987207,-14.957707549394,3.13509075523233,-0.0999978862733339,0.000650185254661584,0.0445640376504976,0.0422584912095211
-2.40204749717845,-14.936798026219,3.4271277730999,-0.0959511062426042,-0.0281670944689097,0.0740967789362253,0.0490766176439458
-2.56278628054596,-14.9618485388931,2.7672421599186,-0.0930745321950042,0.0365668081281526,-0.0676642511725136,-0.0616173208023211
-2.92392742276468,-14.9146115533828,2.99865297312223,-0.098980150605273,0.01424534261285,-0.262160991613445,0.0329916428974917
-3.02180792242573,-14.7944549186256,3.22167804012122,-0.0996794879030329,-0.00799998071179708,0.00179898824198803,0.128156615468974
-3.1408260527029,-14.7949006114273,2.98890679535866,-0.0988366142367179,0.0152093289208374,-0.0201815160404583,-0.0156550217225769
-3.41732667888868,-14.8517179259792,2.70191922098978,-0.0904890712916958,0.0425643979960529,-0.186011554894078,-0.0993817125479231
-3.62660568571421,-14.7726599318005,3.22032484527306,-0.0996902221690634,-0.0078650876589386,-0.10958878465647,0.0869230818376073
-3.89911448623158,-14.6836309681383,2.48805818305474,-0.0793939816957289,0.0607996354470837,-0.193114818821643,0.0282293282151832
-3.90086654265182,-14.4585420223155,2.51296427844365,-0.0808834833558209,0.0588035893481737,0.0791314269355805,0.166285356474586
-4.13696492399329,-14.4083767350411,3.03730921090378,-0.0994567407772182,0.0104094531063468,-0.136641640564251,0.0397558341680943
-4.23684309792807,-14.4659877224202,2.26527677421875,-0.063998630883853,0.0768386312019698,-0.0358795430509244,-0.134449618581063
-4.3728724138776,-14.2410389100583,2.30235104910082,-0.066802736783647,0.0744136705062637,-0.0692265791658854,0.15053514185559
-4.62638011317601,-14.3712614608658,2.36687290718862,-0.0714617103945583,0.0699515828804773,-0.182045988903847,-0.200174133687968
-4.83640398135566,-14.1323179526154,2.50482664119219,-0.0804022882745262,0.0594598355212995,-0.129621579905123,0.179483672729137
-4.90346724997773,-14.0398810700251,1.99981685190591,-0.0415980293477934,0.0909373628074848,-0.0254652392742837,0.00149951978273108
-4.80681209038987,-13.8360466344496,1.25975123743283,0.0306053743350994,0.0952014236333073,0.0660497852527601,0.108633011942196
-4.81569102703375,-13.7661468136042,0.938444921085462,0.0591043127965825,0.080663995740626,-0.0679832494404622,-0.0107641748951583
-4.6863609316223,-13.6641415412028,0.730435286396397,0.0744884052478071,0.0667193936096429,0.0548416901636434,0.0352858787917759
-4.60353423134834,-13.6828681460102,1.11679161927454,0.0438568063840129,0.0898697976730515,0.0389698938899462,-0.108596402480476
-4.58389386300616,-13.7133968398715,1.16251078769995,0.0397036375127545,0.0917802874709803,-0.0200632691705728,-0.122308981332253
-4.64513367321706,-13.6589765479028,1.4800042132136,0.0090667428604789,0.0995881226547722,-0.0703065530713747,-0.0451678306860682
-4.57421391419908,-13.4657724386196,1.16808341684293,0.0391915661745226,0.0920001148955153,0.031728192843455,0.101203994387664
-4.57254304712755,-13.5366731154481,0.865824957158673,0.0648012024054231,0.0761630104894193,-0.0631303353338988,-0.147063687317911
-4.45718003034035,-13.4233897327245,1.6550271074377,-0.00841312155361479,0.099645468465576,0.123776138340824,0.0136379142579434
-4.46059649323109,-13.2333870031173,1.72810267124627,-0.0156658381591851,0.0987652849677974,0.0122493752684402,0.091237444639491
-4.4433555688297,-13.0293385049465,1.23998961215502,0.0324806109078821,0.0945780625465058,-0.0152396865064908,0.109470435624267
-4.4721029087279,-12.7970343382646,1.93778006119497,-0.0358801644366913,0.0933413831052229,0.00713282453849318,0.138962783576658
-4.51993240102363,-12.8673725103547,2.59007204822363,-0.0851728735739914,0.0523982977504888,0.0373433812782638,-0.122736469840608
-4.40301729619191,-12.7487251633091,2.26170815301543,-0.0637240159846375,0.0770665283167061,0.180639120816354,0.0415808187288741
-4.42469748893329,-12.8651119752449,3.05258546838786,-0.0996041474905094,0.00888897084531453,0.0779239547491249,-0.125275782781021
-4.55729216689152,-12.8089647074867,3.73581358592257,-0.0828584921722366,-0.0559863400745521,-0.0497361857859919,0.112133607832689
-4.70139360872029,-13.0396501037748,3.80414600578579,-0.0788424154719838,-0.0615131979541227,-0.0652590263567866,-0.169172198333955
-4.6257030807954,-13.2258074242383,3.6609187801532,-0.0868153816937688,-0.0496295224777071,0.162505909618656,-0.136527797985754
-4.57875753839183,-13.1475819986459,3.86869208604224,-0.0747105565371549,-0.0664705404063228,0.121656098940727,0.144695965998686
-4.60638404008933,-13.1041808147481,3.53686337761491,-0.0922892353718716,-0.0385058052048686,0.0646627336743753,0.0819069891026821
-4.75370665218126,-13.0772420933306,3.6726985322689,-0.0862247484492582,-0.0506487191828396,-0.0610978636426725,0.077587440600364
-4.83132115235999,-12.9471150230474,3.78680834281543,-0.0798970076330505,-0.0601370781738211,0.002282507454317,0.19026414845696
-4.83846104169543,-13.005222650561,4.57260638420999,-0.0139327834602773,-0.0990246310018322,0.00679289412483817,0.0409170034882909
-4.87257789425954,-13.1970070549552,4.07261498566421,-0.059701414823608,-0.0802230706720921,0.0255845622595032,-0.111561333722167
-4.73669170828135,-13.333815224663,4.57031352001111,-0.0141597966686851,-0.0989924247521066,0.150045982646872,-0.0378157449556357
-4.7651420073516,-13.4032888913648,3.72966946848811,-0.0832009126995874,-0.0554761942273948,0.0547506136293388,-0.0139974724744501
-5.0133145772809,-13.3502232071181,3.65882111015805,-0.0869192969743018,-0.0494473033996105,-0.161253272954999,0.10251298764627
-4.99820636484866,-13.4559299273758,3.45201312243788,-0.0952205218052574,-0.0305459036064493,0.110328734237492,-0.0751608166511904
-5.09526700062694,-13.3977526376717,3.04927141704222,-0.0995741420661376,0.00921901468664922,0.00251350628786264,0.048958275017441
-5.05338668241516,-13.475346435229,3.18385300392859,-0.0999107164285532,-0.00422477724066473,0.141791034640331,-0.0733690203166376
-4.79655197163202,-13.389235387957,1.76405919826062,-0.0192062037562885,0.0981382786545185,0.27604091453943,-0.0120272313825204
-4.98515376536533,-13.0523833347595,1.90569170596445,-0.0328670363083931,0.0944444700567628,-0.155734757424918,0.242407583140746
-5.13561397594028,-12.893032561169,2.0810311956993,-0.04883822139626,0.0872629825919897,-0.101621989178685,0.0720877909984464
-5.10019021981781,-12.8508316609296,1.84977696869583,-0.0275375845509765,0.0961336644318618,0.0629613406734448,-0.0539327641924245
-5.00158383669788,-12.6062271129279,1.74391542783022,-0.0172255659580048,0.0985052276654718,0.11583194907793,0.146099320336251
-5.02869031454257,-12.5686560354152,1.5133944573005,0.00573703517368226,0.0998352965008665,-0.0328435130183694,-0.0622642189881654
-5.17245041354114,-12.5271363661265,1.78153975970247,-0.0209186942538644,0.0977875668513812,-0.122841404744708,-0.0562678975627215
-5.06289680991037,-12.5372280667019,2.44767383286134,-0.0768745624212584,0.063955466166232,0.186428166052037,-0.0740471667415827
-5.14155678952525,-12.5723126333419,2.68135600362969,-0.0895947412133801,0.044416014532007,0.0109347615984933,-0.0795005811720717
-5.44535111566486,-12.5252876827392,2.73296422005833,-0.0917666679192275,0.0397351061279849,-0.212027658220376,0.00728984447476471
-5.36129855950725,-12.5273036174542,2.6272927074883,-0.0870637309956578,0.0491925476583165,0.171116287153261,-0.051208482373292
-5.54928995432043,-12.5378387559718,2.72588262538695,-0.0914829813623625,0.0403839587095376,-0.0965084134508157,-0.0509190972271446
-5.52451681533079,-12.6246851078347,2.74485395618569,-0.0922326104560621,0.0386412418079479,0.117005749445705,-0.125487593670864
-5.54420600039258,-12.6073177028209,3.39454854634072,-0.0968176890368749,-0.0250266875466769,0.0771285039750807,0.0423940925604658
-5.67323125468219,-12.5510791105976,3.12890827677499,-0.0999919554371016,0.00126840366787566,-0.0290332988525103,0.054970188555478
-5.92597440053669,-12.5538999896508,3.01011575387634,-0.0991369355742854,0.0131098438182915,-0.153606210280212,-0.0159307228715724
-6.08408473908208,-12.6106987881331,3.18048621519206,-0.099924374077351,-0.00388837565695867,-0.0581859644680364,-0.0529104228253555
-6.04804553122904,-12.7876748632005,3.7998731475881,-0.0791045321199475,-0.0611757549858128,0.115143739972985,-0.115800320081515
-6.08253279836824,-12.8099101185038,4.16862365354207,-0.0517361892917863,-0.0855766715733,0.0172489221525876,0.0633414162699976
-6.14853714354664,-12.9590269852245,4.02851483792479,-0.063180072520327,-0.0775130855812502,-0.0028242726580701,-0.0716037811394598
-6.33215625549561,-12.9777544701801,3.3746805127255,-0.0972957791755759,-0.0230982976562683,-0.0863233327733936,0.00437081270067008
-6.49978489691512,-12.8277407058762,2.85541840926207,-0.0959330843576356,0.0282284134451581,-0.071695557061877,0.121785350858694
-6.70462248506737,-12.892868723417,2.83368574786115,-0.0952969999797154,0.0303064645722017,-0.109540588172536,-0.0954344821129707
-6.92154109439005,-12.7917282584364,2.86762190392995,-0.0962704177580588,0.0270556216836509,-0.120648191564626,0.0740848432969783
-7.08831205384417,-12.8628126970036,3.12429369470079,-0.0999850376742014,0.00172980961048673,-0.0667859217799115,-0.072814248177674
-7.13339084463159,-12.9236972114437,3.55192425708122,-0.0916988592150449,-0.039891342653004,0.0466200684276255,-0.0209931717871351
-6.99508425049985,-13.0648715678517,4.54632735512524,-0.0165299444876056,-0.098624342508514,0.154836538619344,-0.0425500138995123
-7.26922210047842,-13.1818317272514,4.1177039161461,-0.0560247913128111,-0.0828324982018288,-0.218113058665766,-0.0341276611978667
-7.28365166603655,-13.1429507547782,3.63328948168001,-0.0881533017548944,-0.0472122377113237,0.0737237361967718,0.0860932101845293
-7.30898606455717,-13.1572571669764,3.1739954879775,-0.0999475074092786,-0.0032397164493526,0.0746131088886541,-0.0110666957488764
-7.44555124606586,-13.0927810506008,2.74204252812723,-0.0921236090188162,0.0389003941027375,-0.0444415724898742,0.0255757222728784
-7.59158993093786,-13.0101616188127,2.66666563498981,-0.088932609645498,0.0457273544133211,-0.0571060752265021,0.0368920773748013
-7.73887831285007,-13.1272794974652,3.03468559200118,-0.0994290880717318,0.0106703535660169,-0.0478592938404744,-0.127788232218522
-7.83063479448482,-13.0518246025689,3.054383794191,-0.0996199716888753,0.00870983585997435,0.00786349005411964,0.0667450590363778
-7.89790403739061,-13.0298130044682,3.07216829794997,-0.0997591097179209,0.00693686011736025,0.0324898668121304,0.0150747379832861
-8.04691377010624,-12.9591942194373,2.74985525640469,-0.0924247125966083,0.0381794774903267,-0.056585020119016,0.0324393075405896
-8.25007663793675,-12.8866408618505,2.35766808902704,-0.0708148004799436,0.070606402209614,-0.13234806735057,0.00194695537715415
-8.03031345274936,-12.7472590718928,1.78344073834563,-0.0211045484209168,0.0977476241959321,0.240867733608311,0.0416341657617704
-8.01562553098216,-12.8079223002875,1.5280129353356,0.00427703407346315,0.0999084930300444,0.0104108876937313,-0.160571721424679
-7.96876077813409,-12.9176514451906,1.83618300412137,-0.0262282427948013,0.0964991154358264,0.0730929956428714,-0.206228260338946
-8.04980539915453,-12.8685834415096,1.79246165520715,-0.0219854509469408,0.0975532672269856,-0.0590591700734944,-0.048485263546014
-8.10221456852991,-12.8730572957471,2.4428014184224,-0.0765620336019596,0.0643292702487166,0.0241528642265756,-0.0688031244861604
-8.2532907912873,-12.9556803780485,2.96264402793524,-0.0984031376089558,0.0177995086649299,-0.0526730851484319,-0.100422590966399
-8.51081929102498,-13.0211775333941,2.71480785824765,-0.0910301374080001,0.0413946141844639,-0.16649836232968,-0.106891769530053
-8.7133109024937,-12.9483096701127,3.31416199388159,-0.0985146827189878,-0.0171714090504294,-0.103976928749732,0.0900392723318529
-8.8588521169499,-12.7811016304923,3.68673122891941,-0.0855055442612435,-0.0518536585072695,-0.0600356701949496,0.219061698127665
-8.80941461800065,-12.8961011495908,3.87744136102738,-0.074126135399218,-0.067121651132677,0.123563634348465,-0.0478778679658207
-8.91657035268703,-13.0062340348331,3.15333261396625,-0.0999931087456684,-0.00117396906983779,-0.00716262594070649,-0.108958916172443
-9.0793414086061,-12.9590463213949,2.84740097045682,-0.0957036839644358,0.0289966355916579,-0.0670673719546384,0.0181910778464895
-9.28728251829676,-12.9722936356007,3.05299197628198,-0.0996077526975028,0.00884848023974276,-0.108333356993161,-0.0220957944455069
-9.40812174649312,-12.9659630867514,3.26571905625861,-0.0992306204120964,-0.0123807904687237,-0.0216086077842545,0.0187113393180093
-9.51638080834533,-13.0255929296149,3.22776604842875,-0.0996289370080113,-0.00860667825898646,-0.0086301248441985,-0.0510231646044778
-9.70721482121204,-12.9327034304543,3.379973600356,-0.0971721554789842,-0.0236129667676073,-0.0936618573877334,0.116502465928191
-9.79873481723669,-12.9237247161845,3.10725925337354,-0.0999410666709515,0.00343266553459898,0.00842107064631055,0.00554604873518958
-9.79061449617401,-12.8980018205068,2.82390611426327,-0.0949960614600018,0.0312369701969888,0.103116382522675,-0.00551407451929702
-9.830229090027,-12.7979486168313,3.41045261366829,-0.0964074354484044,-0.0265632526295582,0.0567928415954164,0.126616456305092
-9.96769781555669,-12.8076002783127,3.17881633547363,-0.0999307278745405,-0.00372150862749574,-0.037537997655149,-0.00593015285395584
-10.0755768742558,-12.7994264013611,2.92835632673995,-0.0977351149679603,0.0211624030346176,-0.0101439437311244,-0.0129885260830218
-10.2584135959393,-13.0240689056721,2.68164716086149,-0.0896076694594494,0.0443899264929113,-0.0932290522241114,-0.269032430803848
-10.4590756053491,-13.0434268960653,2.91333709987153,-0.0974062607868686,0.0226278668795922,-0.103255748622853,-0.0419858572728577
-10.5750759037393,-12.9391469009335,3.62463127228564,-0.0885587659203227,-0.046447227890042,-0.0274415324699354,0.150727223021838
-10.5707260892872,-13.046775605356,3.22182108683661,-0.0996783425122339,-0.00801423945323515,0.104028156964305,-0.0996144649692072
-10.6180433526128,-13.1085566785081,2.90052445565751,-0.0971083507275268,0.0238740071831195,0.0497910874019576,-0.0856550803352258
-10.5661677333412,-13.0041460667112,2.63635555575787,-0.0875059740132971,0.0484014928693751,0.139381593284898,0.0560091189275291
-10.4833884935482,-13.0033816104357,3.48653237978527,-0.0941095835297483,-0.0338139954435634,0.176888823322757,0.0345784517190785
-10.7315561184178,-12.9928764566973,4.0088787639969,-0.0646898474405736,-0.0762576136403134,-0.183477777429043,0.0867627673787046
-10.6449308137076,-13.1077972745998,4.42696425828172,-0.0281565015439459,-0.0959542152320875,0.114781806254194,-0.0189666026704233
-10.6042913664962,-13.2370876869039,4.51184831216441,-0.0199199192583927,-0.09799590204054,0.0605593664698069,-0.0312945102635569
-10.6460974238785,-13.1958953216145,4.23425727116814,-0.0460121206144063,-0.0887856112022963,0.00420606323202586,0.129977976491663
-10.696337319598,-13.4185859651145,5.09464506985504,0.0373014674160416,-0.0927825443098538,-0.0875413631355533,-0.129908099190151
-10.3961027416011,-13.61603507479,5.05694034103518,0.0337774439747409,-0.0941227086230164,0.26645713402221,-0.103326401052454
-10.3845801426892,-13.7664323470618,4.70873444137971,-0.000365453087019286,-0.0999993322179763,0.0118880519989319,-0.0503979400538166
-10.387066258523,-13.9841782971298,5.19077492392346,0.0460346914768514,-0.088773910472791,-0.0485208073106762,-0.128972039595191
-10.3796346682028,-13.9279075795693,5.15769397501468,0.0430733151681593,-0.0902479336075038,-0.0356417248479509,0.146518651167978
-10.3159631394155,-13.9120057003855,5.4785029933145,0.0693340197942947,-0.0720610414798756,-0.00566249100700924,0.0879629206636535
-10.2463067208967,-14.0239422508519,5.22634914968942,0.0491629625836568,-0.0870804404559253,0.0204934559351822,-0.0248561100105002
-10.269139404291,-13.957033741419,5.54550955320233,0.0740033773668498,-0.0672569709271806,-0.0968360607612203,0.13416548036014
-10.1028527515061,-14.0822764488094,5.81456494047991,0.089219225649761,-0.0451655817460267,0.0770674271352222,-0.0800771256444472
-10.0206715173013,-14.041437831608,6.21372489792688,0.099758859554215,-0.00694045678917504,-0.0175776253494996,0.0477790739906457
-9.75274923898498,-13.9559352232644,6.56527507806168,0.0960475820211466,0.0278363429331352,0.171874696295223,0.0576662654104139
-9.61765640735266,-13.7554610425936,6.82970162186322,0.0854340223060354,0.0519714136099053,0.0496588093262793,0.148502767060884
-9.64693802741817,-13.6852594882539,7.41925779411192,0.0421159943945001,0.0906986384471258,-0.0713976144600085,-0.0204970841074209
-9.65333648620816,-13.5492508275311,7.37972834767733,0.0456674272677896,0.0889633974550272,-0.0520658860577745,0.0470452632678313
-9.61726508402162,-13.4402326587779,7.60784951673328,0.0243654478304969,0.0969862101126719,0.0117059543560351,0.0120319586404511
-9.74788109492918,-13.2264112452216,7.62598135165146,0.0226030011105107,0.0974120338602898,-0.153219012018071,0.116409379696018
-9.62748148493099,-12.9702183000248,7.38345365178119,0.0453356954413002,0.0891329048043071,0.0750639145568873,0.1670600403925
-9.58679903589736,-12.8735398430069,7.10448928950473,0.0681267226304615,0.0732034812261833,-0.0274442735968286,0.0234749757917312
-9.44161099884992,-12.9537281042864,7.78792149060455,0.00660121067409215,0.0997818822113326,0.138586826373345,-0.179970143490847
-9.50858731448151,-12.8939931323456,8.42923870931622,-0.0544050508358789,0.0839052468177374,-0.0125712647957045,-0.0241702748768587
-9.58805051878563,-12.8197092847419,9.06606174933009,-0.0936348297952833,0.035107244967504,0.014171625491161,0.0391766026361664
-9.48985700843094,-12.780205260225,8.95766481749312,-0.0892871989060868,0.0450310571883993,0.187480709260774,-0.00552703267153198
-9.56781683095707,-12.7136884157841,10.0279936088844,-0.082351565939008,-0.0567293538425498,0.00439174341287858,0.123246198283458
-9.79170071065663,-12.8254203122956,9.74540029431837,-0.0949039468952034,-0.0315157240708889,-0.128979932804354,-0.0802161724405584
-9.99216305407693,-12.9377299221882,9.71107199957419,-0.0959297020612618,-0.0282399054962572,-0.104532641359039,-0.0840697043963523
-10.0386230886056,-12.8712245931625,9.20207263209404,-0.0975303495995095,0.0220868944624967,0.051070315070885,0.0444184345631639
-10.2837854999658,-12.9209806010293,9.59897146047284,-0.098486663690022,-0.0173313898810366,-0.146675747670172,-0.0324246179858015
-10.3983939203597,-12.8268954231212,9.14876500497784,-0.0962149638870504,0.0272521691652903,-0.0183934565069021,0.0668330087428741
-10.5958179790985,-12.9451154651265,8.48944654293092,-0.0593551735279803,0.0804795835939982,-0.13806888521084,-0.198699625599322
-10.5018737584625,-12.8381890419575,8.10110776225171,-0.0244618411405792,0.0969619426786256,0.118406061776568,0.00996448049034218
-10.5156845597533,-12.6317302652316,7.8167285218585,0.00372444961040342,0.0999306183064008,-0.017535250901213,0.106528158419575
-10.5270435404809,-12.5949742645585,7.19142411805161,0.0615135262318741,0.0788421593471446,-0.0728725069594746,-0.0420861586740983
-10.5208134888997,-12.4047477023978,7.58875311757119,0.0262129800776332,0.0965032625119462,-0.0199829284963903,0.0937232996488124
-10.4177321420079,-12.4025824572281,7.04827232669425,0.0721322090471882,0.0692599770283873,0.0309491378445761,-0.0670947318587732
-10.4821882064433,-12.3657731811329,7.55527313614497,0.0294286141394541,0.0955717357267886,-0.0938846785748074,-0.0587624596315978
-10.2969037058035,-12.3044993406805,6.90058179920133,0.0815388426293888,0.0578914254675056,0.103745658010409,0.00338241498495417
-10.3944436212213,-12.2037031867891,6.77001017199556,0.0883822709307058,0.0467821994473465,-0.185922186348549,0.0540139544440285
-10.1930243802898,-12.1608283401732,6.57772354183905,0.095693629389401,0.0290298001075441,0.105725611542165,0.0138450465083883
-10.0781314426561,-12.2853229849092,6.58463477353528,0.0954907139120391,0.0296904623838887,0.0194022237216106,-0.154185107119935
-9.87683386326529,-12.4350175053844,6.05177673703835,0.0973344306868133,-0.022934877433157,0.103963148704011,-0.126759643042
-9.68776687001358,-12.4100571378671,6.29523431647248,0.0999927411565727,0.00120487177519123,0.0890742520951411,0.0237554957420883
-9.37724916533958,-12.235855307678,6.42564920893803,0.0989869170328971,0.0141982483540173,0.2115307876411,0.160003581835102
-9.50070805552561,-12.4137540271912,5.83608993323477,0.0901706714332595,-0.043234824080539,-0.213629561619291,-0.134663895432632
-9.1975997676407,-12.5784374886908,6.53301200080746,0.0968955283842368,0.0247236036843248,0.206212759500677,-0.189407065183923
-9.1911783866649,-12.5695383631815,5.74051312641572,0.0856331756437885,-0.051642610595903,-0.0792117946679893,0.0605417361051499
-9.1571243363488,-12.6896853025084,5.87979179030486,0.0919734195379106,-0.0392541730075094,-0.0579193692218151,-0.080892766319365
-9.04454594095773,-12.6130490940844,5.73471731009931,0.0853324279655722,-0.0521380546002672,0.0272459674255003,0.128774263024213
-8.83714997215035,-12.6128593894918,5.99700790801442,0.0959329953011026,-0.0282287160983038,0.111462973506274,0.0284184206909705
-8.73967193464723,-12.7456469460921,5.99046750575745,0.0957463176099931,-0.0288555482381868,0.00173171989312886,-0.103932008362189
-8.70842929613616,-12.6323191045547,5.8542053526313,0.0909390503881032,-0.0415943399335779,-0.0596964118770361,0.154922181471006
-8.70881911170242,-12.7203782697667,5.7721256053123,0.0872226695370434,-0.0489101821590528,-0.0876124851033037,-0.039148983052932
-8.73078047971141,-12.8682432942471,5.70679459920625,0.0838435175757229,-0.0545001335826753,-0.105804885584711,-0.0933648908977592
-8.67573282878461,-13.0418321408279,5.7578531034681,0.0865157389057333,-0.0501500440836793,-0.0314680879789313,-0.123438802497042
-8.47291844742868,-13.0462177304957,6.02620159347758,0.0967161009408383,-0.0254164478006187,0.106098280415091,0.0210308581327318
-8.35251673973581,-12.9348555376152,6.40397841682045,0.0992713378708422,0.0120499575656139,0.0211303698220214,0.0993122353148971
-8.1700891680642,-12.973229222257,6.40147943350025,0.099301140511963,0.0118018427808281,0.0831264311596538,-0.0501755274226323
-7.9904281465792,-12.8099682351287,6.49278267355226,0.0978114768411336,0.020806609482479,0.081849544643866,0.142454377645877
-8.02765722815229,-12.685376113505,6.65277072955211,0.0932477183147887,0.0361228878840802,-0.130476799887884,0.0884692337396105
-7.84312153491686,-12.7626389046635,6.49337693930155,0.097799094915339,0.0208647318156862,0.0867365983200894,-0.0981275229742186
-7.81088007299124,-12.8065676286357,6.59752442508045,0.0951000923421647,0.030918803930808,-0.0628586304165396,-0.0748475279029938
-7.65025665451999,-12.9144211441663,6.2795148640091,0.0999993263931029,-0.000367043492903479,0.0606240920781439,-0.107486472037681
-7.42659864435044,-12.9876903890464,6.25755696374517,0.0999671611981093,-0.0025625538026015,0.12369084897144,-0.0707066910774794
-7.2448070818915,-12.951980634858,6.43129653078815,0.0989051569276668,0.0147570299557063,0.0828864055312784,0.0209527242326661
