X,Y,Theta,FmPi_x,FmPi_y,Xi_x,Xi_y
0,0,1.24166304205688,0,0,0,0
0.0516337025686809,0.049841781016109,1.06036088712376,0.048855722817121,0.0872531853173089,0.00277797975155989,-0.0374114043011999
0.0816485220066042,0.106011572863094,1.24371707279839,0.0321278500764279,0.0946984754336973,-0.00211303063850456,-0.0385286835867124
0.115379870564781,0.174648648685494,1.24937157215631,0.0315918668450259,0.0948786274629126,0.00213948171315046,-0.026241551640513
0.197832434687933,0.203111036705769,0.614212283486178,0.0817227673206768,0.0576314957419163,0.000729796802475707,-0.0291691077216406
0.294965763756427,0.214792239408306,0.441615530855445,0.0904062364497426,0.0427400562820551,0.0067270926187511,-0.0310588535795186
0.393623189788627,0.22431033037568,0.337489230364892,0.0943589002369015,0.0331119003695418,0.0042985257952986,-0.0235938094021679
0.498158538903371,0.157994413665835,-0.380354535531398,0.092853307272908,-0.0371249690704644,0.0116820418418361,-0.02919094763938
0.606759203733298,0.0873380803922757,-0.291374492062775,0.0957849931402071,-0.0287269053176719,0.0128156716897197,-0.0419294279558875
0.718065533865746,0.0263645073849064,-0.205399893347672,0.0978979501085509,-0.0203958663592328,0.0134083800238972,-0.0405777066481365
0.818128008646971,0.036390911170874,0.456556998383221,0.0897575697541222,0.0440860371527527,0.0103049050271035,-0.0340596333667852
0.920426870048782,0.0370880847643772,0.405806713723272,0.091878423778909,0.0394760084596102,0.0104204376229018,-0.0387788348661069
1.00419529249721,0.0600797059406039,0.614890991392175,0.0816836335493176,0.0576869483521255,0.00208478889910829,-0.0346953271758987
1.08526545870652,0.0990817773185784,0.785410430772079,0.0707098106789554,0.070711545547713,0.0103603555303585,-0.0317094741697386
1.18055201157021,0.123423782773387,0.534953237667349,0.0860292469690451,0.050980081070346,0.00925730589464509,-0.0266380756155379
1.27948354528096,0.118322140224393,0.326299721513277,0.0947234913611597,0.0320540197846121,0.00420804234958572,-0.0371556623336058
1.38832561224361,0.10287502025932,0.134223117043083,0.0991005593085006,0.013382045611279,0.00974150765415462,-0.0288291655763513
1.49046608755575,0.110500282727313,0.345478776258351,0.0940913424213169,0.0338647203052748,0.00804913289082311,-0.0262394578372822
1.58990471064172,0.122163995028307,0.419712535391553,0.0913206119282709,0.0407497955460655,0.00811801115769847,-0.0290860832450719
1.6793218203197,0.149975988306255,0.553993607138335,0.0850430321755292,0.0526087699760401,0.00437407750244623,-0.0247967766980921
1.76987618446537,0.181082974635649,0.677690972749704,0.077902254483293,0.0626995912779363,0.0126521096623758,-0.0315926049485423
1.85057858227567,0.221747430452946,0.833928800080767,0.0671971374193625,0.0740577121078103,0.0135052603909439,-0.0333932562905125
1.9430212619082,0.226824168336583,0.355190160910369,0.0937580373766261,0.0347768662659991,-0.0013153577440953,-0.0297001283823622
2.04318201590851,0.17775613203116,-0.0740490426800765,0.0997259622166304,-0.00739813895295307,0.000434791783679139,-0.0416698973524698
2.13875762214717,0.100474093533781,-0.382153660080833,0.0927863645896556,-0.0372919635610075,0.0027892416489966,-0.039990074936372
2.23160195515456,0.0350681952433454,-0.356790020419655,0.0937022793109743,-0.0349268213831171,-0.000857946303575496,-0.0304790769073184
2.33866774091845,-0.0130967552921775,-0.163048529377453,0.0986737010484381,-0.0162327053014418,0.00839208471544362,-0.0319322452340811
2.43446189738074,-0.0757321680437283,-0.300698221117244,0.0955129917824168,-0.0296187170682995,0.000281164679879847,-0.0330166956832513
2.53945439518381,-0.125189620648444,-0.0399959315010913,0.0999200269349271,-0.00399852689417596,0.00507247086814078,-0.0454589257105397
2.64983089138969,-0.14384809617763,0.25184275586263,0.0968454871781004,0.0249189007228729,0.013531009027777,-0.0435773762520593
2.74733861813303,-0.126249791140384,0.543344106302495,0.0855984563264583,0.0517001380513381,0.0119092704168799,-0.0341018330140914
2.84756993262711,-0.112626593811551,0.474826665394807,0.0889371980842604,0.0457184295106583,0.0112941164098233,-0.0320952321818262
2.94881677192488,-0.107781373351025,0.44074200331047,0.0904435365691767,0.0426610676479151,0.0108033027285983,-0.0378158471873884
3.06339710929701,-0.148349187035785,-0.0173868158114648,0.0999848853125685,-0.00173859398150163,0.0145954520595542,-0.0388292197032583
3.16177823955549,-0.23507370037384,-0.496161644194634,0.0879416298477938,-0.0476053541076381,0.0104395004106858,-0.0391191592304174
3.27152962990273,-0.313390796811956,-0.388636771954213,0.0925426483785897,-0.0378927200274237,0.0172087419686578,-0.0404243764106922
3.37399729456899,-0.359118214848139,-0.127730619723497,0.099185352931486,-0.0127383579733244,0.00328231173476501,-0.0329890600628586
3.48411776778043,-0.391961460493391,0.0543124556536728,0.0998525441110318,0.00542857573903635,0.0102679291004085,-0.0382718213842881
3.5955875021346,-0.391363128372895,0.318403446399023,0.0949736430451775,0.031305065512265,0.0164960913089975,-0.0307067333917694
3.70675769894021,-0.44500159350759,-0.207431570517359,0.0978563102738119,-0.020594721158478,0.013313886531799,-0.0330437439762168
3.81550573857639,-0.498310306267033,-0.235116196359872,0.0972487279260119,-0.0232955986566673,0.0114993117101707,-0.0300131141027762
3.91160162513435,-0.503253500070789,0.315044144281065,0.0950782701362257,0.0309858443148303,0.00101761642173276,-0.0359290381185855
4.00401386783035,-0.489219586776317,0.504585753805812,0.0875374814721414,0.0483444861128391,0.00487476122385322,-0.0343105728183672
4.10918046858511,-0.50027333584263,0.321639302212485,0.0948718473209152,0.0316122220971091,0.0102947534338528,-0.0426659711634219
4.20290498844115,-0.500456503380137,0.47799222054264,0.0887920285082091,0.0459997355796463,0.00493249134782164,-0.0461829031171537
4.30313704420376,-0.514550075643224,0.370163871443484,0.0932268074645188,0.0361768208936819,0.00700524829809573,-0.0502703931567687
4.4025576810561,-0.513689126625075,0.467894171538017,0.0892520011485176,0.0451007792724806,0.0101686357038248,-0.0442398302543316
4.49520445835274,-0.502186232021155,0.522931595777265,0.0866358800923741,0.0499422094086734,0.00601089720426118,-0.0384393148047535
4.58240321811722,-0.491410699606332,0.571908049240525,0.0840869798732553,0.0541237453969583,0.00311177989122902,-0.0433482129821356
4.63811992469489,-0.449226217693657,1.07502801492314,0.0475707601404649,0.0879603477690849,0.00814594643720623,-0.0457758658564096
4.68528792627383,-0.40102414158165,1.22049073242149,0.0343184858455307,0.0939267881345365,0.012849515733402,-0.0457247120225297
4.74523156102573,-0.343634569114179,1.09803022583943,0.0455350717541413,0.0890312149773618,0.0144085629977653,-0.0316416425098904
4.8105867966298,-0.301051838771112,1.03930756907989,0.0506817291181312,0.0862053497968448,0.0146735064859334,-0.0436226194537783
4.88195044519158,-0.260137275476758,0.963035883426719,0.0571030376840439,0.0820928930374284,0.0142606108777421,-0.0411783297430739
4.94613989233478,-0.209579997652538,0.99450214307933,0.054492040395498,0.083848777770075,0.00969740674770359,-0.0332914999458551
5.05105255403833,-0.211534650041786,0.284520434026755,0.0959796375845817,0.0280697197907702,0.00893302411896074,-0.030024372180018
5.14837969198929,-0.197418102351532,0.396010226958313,0.0922607349837168,0.0385740428301775,0.00506640296724842,-0.0244574951399237
5.18546567531315,-0.122987698805387,1.23234230620401,0.0332029214894911,0.0943269102884362,0.00388306183436776,-0.0198965067422912
5.27847761217102,-0.100816093372301,0.533255989070459,0.0861156488884034,0.0508339946937995,0.00689628796947006,-0.0286623892607136
5.37291015387658,-0.100814941471195,0.390350498167,0.0924775747705366,0.0380512570693769,0.00195496693501818,-0.0380501051682711
5.45307652077564,-0.0655507560736199,0.590722950650728,0.0830538240422907,0.0556961606571962,-0.00288745714322763,-0.0204319752596209
5.53147110688313,-0.0287961479502881,0.705286408692796,0.076142591800512,0.0648251935122496,0.00225199430697404,-0.0280705853889178
5.61834511262513,0.00262273691704337,0.715004442362343,0.0755090328713979,0.0655620771088451,0.0113649728706032,-0.0341431922415136
5.69520357926466,0.0367459497502108,0.737617501803363,0.0740072951060554,0.0672526599554636,0.00285117153347714,-0.0331294471222963
5.76206695458976,0.062597661235582,0.807466515926495,0.06913311882237,0.072253801850782,-0.00226974349726511,-0.0464020903654108
5.78041857057663,0.12077259776049,1.32030706868066,0.0247877977888939,0.0968791261354938,-0.00643618180202343,-0.0387041896105855
5.7819333626807,0.190326490413872,1.52050523140558,0.00502698987449229,0.0998735669374122,-0.00351219777043121,-0.0303196742840308
5.78351037822681,0.260871174859211,1.36480830690856,0.0204534392110616,0.0978859378278586,-0.0188764236649482,-0.0273412533825188
5.81977898912785,0.325252291148652,1.00333622552631,0.053749196720896,0.0843268868858469,-0.0174805858198588,-0.0199457705964061
5.8970095624611,0.347692044332027,0.451867756161913,0.0899633122658181,0.043664659006603,-0.0127327389325608,-0.0212249058232286
5.94879532427468,0.386167140851873,0.740608376652989,0.0738058201070284,0.0674737053846086,-0.0220200582934498,-0.0289986088647627
5.98664719121518,0.442811783082853,1.12452651756891,0.0431603676304866,0.0902063338463616,-0.00530850068998806,-0.0335616916153816
6.0485561640241,0.494127668090182,0.937986386911642,0.0591412937804835,0.0806368859143912,0.00276767902843877,-0.0293210009070619
6.12669461341028,0.530673494881354,0.741440106631758,0.0737496746814516,0.0675350685524199,0.0043887747047292,-0.0309892417612483
6.18363631524251,0.592950012345995,1.08558328887251,0.0466396818180926,0.0884575608973427,0.0103020200141347,-0.0261810434327017
6.28110378868208,0.603289723961676,0.469924146839202,0.0891602638486615,0.045281865580352,0.00830720959091047,-0.0349421539646704
6.37382264929734,0.608435829806541,0.450765369244529,0.0900113929406463,0.043565458116317,0.00270746767460456,-0.0384193522714527
6.44983859186818,0.628454270621024,0.677127820062147,0.0779375515717664,0.0626557104739724,-0.00192160900091859,-0.0426372696594894
6.51821753293663,0.662842483909141,0.826044358175098,0.0677789464736321,0.0735256038052358,0.000599994594816633,-0.0391373905171184
6.5723631445734,0.697923568702292,0.871400212277273,0.0643755692706652,0.0765231081509225,-0.0102299576339011,-0.0414420233577713
6.60977535764698,0.746062209848075,1.17744028969179,0.0383290297392065,0.0923627927211549,-0.000916816665619546,-0.0442241515753721
6.6074124803105,0.80363554671193,1.5586728000028,0.00121232298084792,0.0999926510949185,-0.00357520031733505,-0.0424193142310636
6.59376673359485,0.852521319399152,1.71263041455374,-0.014135902196035,0.0989958396555337,0.000490155480389109,-0.0501100669683114
6.5828475255434,0.913629293109129,1.66116294745986,-0.00902436800027604,0.0995919714745902,-0.00189484005117335,-0.0384839977646139
6.56036599440422,0.970728029534977,1.83535701075029,-0.0261485262268941,0.0965207468690614,0.00366699508771179,-0.0394220104432135
6.52881088705436,1.02383796010728,1.98866141036548,-0.0405810156701368,0.09139573932728,0.00902590832027483,-0.0382858087549738
6.50032376257364,1.07356977976424,1.89603353696576,-0.0319533569262085,0.0947574956462354,0.00346623244548677,-0.0450256759892786
6.42491625686365,1.09295056398463,2.4165026136561,-0.0748439710260847,0.0663202834813497,-0.000563534683899802,-0.0469394992609637
6.35379763650168,1.11289147375206,2.39419649338744,-0.0733461264582018,0.0679731250832082,0.00222750609623046,-0.0480322153157777
6.2848833363273,1.15139295126382,2.42799200964541,-0.0756009943803674,0.0654560130828303,0.00668669420598339,-0.0269545355710687
6.22407641610686,1.19209736746938,2.25458222837766,-0.0631732324517007,0.0775186603444834,0.00236631223126066,-0.0368142441389163
6.15734521494793,1.23427902849389,2.25865082161555,-0.0634881006120712,0.0772609932674408,-0.0032431005468524,-0.035079332242935
6.08123417678358,1.27307367210152,2.3203850602932,-0.0681337783264146,0.0731969142175201,-0.00797725983793834,-0.0344022706098919
5.9978838544007,1.29179851602314,2.51145283311801,-0.0807945125916041,0.0589257730970509,-0.00255580979128073,-0.0402009291754313
5.92515595188082,1.33350599501745,2.20335371176933,-0.0591209266531966,0.0806518197666199,-0.0136069758666797,-0.0389443407723058
5.88940311765411,1.40217478557194,1.75932221376555,-0.0187411105066883,0.09822815674223,-0.0170117237200237,-0.0295593661877462
5.84598516748627,1.47458640546229,1.80609600582083,-0.0233134417203042,0.0972444519505045,-0.020104508447536,-0.0248328320601487
5.83660742870317,1.5386390322282,1.51930845219854,0.00514651285417408,0.0998674792184214,-0.0145242516372754,-0.0358148524525128
5.85206298018622,1.6075390526654,1.28593189343367,0.0281027350607478,0.0959699759409442,-0.0126471835776975,-0.0270699555037459
5.90711579671845,1.65245130002658,0.902147140379569,0.0619926623848671,0.078465978681438,-0.00693984585263302,-0.0335537313202616
5.98294437780119,1.6843799751409,0.709929879012791,0.0758407581353576,0.0651780592335656,-1.21770526191334e-05,-0.0332493841192423
6.04124636857915,1.72212805360983,0.808001299180397,0.069094468815153,0.0722907627512108,-0.0107924780371951,-0.034542684282278
6.08597296394088,1.77648896324537,0.947127193331141,0.0584017471417443,0.0811741087465194,-0.0136751517800127,-0.0268131991109808
6.09937011656352,1.8522627723632,1.31900977256135,0.0249134578093719,0.0968468875079661,-0.0115163051867287,-0.0210730783901369
6.11780841639671,1.91307719235813,1.22992690254448,0.0334306619764762,0.0942464367486357,-0.0149923621432886,-0.0334320167537059
6.15063303735732,1.97128018305352,1.13768403300537,0.0419697747338407,0.0907663925073078,-0.00914515377322722,-0.0325634018119167
6.20840339002411,2.01242349149921,0.852189585492634,0.065833657245052,0.0752723692581881,-0.00806330457826443,-0.0341290608125009
6.27625724313736,2.05011174441473,0.708059450363121,0.0759625363090598,0.0650360905766542,-0.00810868319580749,-0.0273478376611305
6.35353621164057,2.08386914167618,0.56017773884314,0.0847160685210744,0.053133677967299,-0.00743710001786799,-0.0193762807058522
6.40794290215848,2.13199473192222,0.736328837829789,0.0740938997118022,0.0671572336051553,-0.0196872091938871,-0.0190316433591096
6.47502948131945,2.16122324991119,0.485033254750192,0.0884659444976829,0.0466237778835316,-0.0213793653367162,-0.0173952598945655
6.55593557173952,2.18308195597909,0.416175640394145,0.0914641681830207,0.0404265499219029,-0.0105580777629498,-0.0185678438540013
6.63724166579904,2.19191219774737,0.351880321210022,0.0938726294580805,0.0344663522674785,-0.0125665353985591,-0.0256361104991956
6.72625929567959,2.20302820913335,0.425335165393854,0.0910900486128263,0.0412626107234254,-0.00207241873227831,-0.0301465993374501
6.8222643556166,2.17555396248999,-0.0259232323050622,0.099966401182979,-0.00259203289402294,-0.00396134124597078,-0.0248822137493359
6.91114658836449,2.18631419224139,0.335459508880186,0.0944259137579505,0.0329203100072904,-0.00554368101005812,-0.022160080255889
6.96190779865358,2.24099129628291,0.962446300553858,0.0571514283202233,0.0820592117983008,-0.00639021803113571,-0.0273821077567868
7.04451408659684,2.26136510381889,0.458909748267236,0.0896535980076686,0.0442970920521806,-0.00704731006440801,-0.0239232845161914
7.14131164995513,2.25571907816057,0.259523760051637,0.0966512300567853,0.0256620289242756,0.000146333301511009,-0.0313080545825986
7.23987267642133,2.24141210630836,0.225014762083404,0.0974790813448004,0.0223120752099346,0.00108194512139276,-0.0366190470621497
7.32959215292868,2.22176596853168,0.102600360097545,0.0994741198693719,0.0102420445328965,-0.00975464336201448,-0.0298881823095769
7.41972583945191,2.2335636949926,0.37195354214764,0.0931619136035373,0.0363436081550394,-0.00302822708030934,-0.0245458816941113
7.50411646241184,2.23308564040863,0.282955515963175,0.0960234468526599,0.0279194852125608,-0.011632823892732,-0.0283975397965346
7.5875106563671,2.1483150377846,-0.578954024997287,0.0837035411577765,-0.0547148718142373,-0.000309347202511245,-0.0300557308097966
7.68086494913543,2.09972821632552,-0.222414799479995,0.0975367623709626,-0.0220585581167574,-0.00418246960263904,-0.0265282633423141
7.77563599030356,2.03456334398943,-0.411122856526198,0.0916672663669313,-0.0399638871584594,0.00310377480120466,-0.0252009851776318
7.82182494715665,1.91600803575699,-1.17121426492548,0.0389033361799574,-0.0921223666330236,0.00728562067313407,-0.0264329415994187
7.87925446068168,1.82089632990135,-0.905433521261768,0.0617344589874496,-0.0786692860875635,-0.00430494546242829,-0.0164424197680768
7.94508346398086,1.71894334548679,-0.849233694864808,0.0660558662082249,-0.0750774436131192,-0.000226862909035008,-0.0268755408014458
7.95616528154134,1.5860772986039,-1.48662054765892,0.00840764088997804,-0.0996459310492163,0.00267417667049411,-0.0332201158336645
7.94742286810358,1.47232890168615,-1.60682196605277,-0.00360178471374671,-0.0999351146838579,-0.00514062872400983,-0.013813282233893
7.92505355838775,1.35445882319215,-1.75719323565051,-0.018531942596209,-0.0982678335143846,-0.0038373671196234,-0.0196022449796214
7.89822393869859,1.24273259343616,-1.80416422653927,-0.0231255435194174,-0.0972893068992247,-0.00370407616973964,-0.0144369228567589
7.87270804404165,1.12239907920533,-1.75448858075347,-0.0182660945611061,-0.0983175965404196,-0.00724980009583491,-0.0220159176904167
7.86205276719153,0.994443248887684,-1.66249411614151,-0.00915693367885868,-0.0995798702831099,-0.00149834317125858,-0.0283759600345341
7.85828285131602,0.865204333765435,-1.53323885165451,0.00375486462264194,-0.0999294800930418,-0.0075247804981559,-0.0293094350292069
7.84706955480266,0.733391109041304,-1.68646823615254,-0.011541413369296,-0.0993317460706245,0.000328116855935076,-0.0324814786535068
7.83555429001229,0.602911492859644,-1.69624485822395,-0.0125119752666833,-0.0992141646889491,0.000996710476316345,-0.0312654514927111
7.83589013214997,0.469541209414066,-1.58035478886265,-0.000955831651821836,-0.0999954318249258,0.00129167378949945,-0.0333748516206525
7.82072805868783,0.343615331439628,-1.81197576920112,-0.0238848098027649,-0.0971056942752882,0.00872273634062783,-0.0288201836991497
7.87794282291279,0.228971362996897,-1.08989616182561,0.0462577430101956,-0.0886578886033426,0.0109570212147588,-0.0259860798393881
7.88177857044897,0.0977627427384862,-1.56953596508678,0.000126036137443815,-0.0999999205744287,0.00370971139873885,-0.0312086996839822
7.85448444478463,-0.0231081187028041,-1.86127330071219,-0.0286409249894874,-0.0958107374762691,0.00134679932515142,-0.0250601239650212
7.82028161611004,-0.153674731708145,-1.92936794596118,-0.0350937057276861,-0.0936399050528063,0.000890877053096539,-0.0369267079525351
7.79059423650712,-0.291733523599222,-1.83460592605371,-0.0260760236022734,-0.0965403594000648,-0.00361135600065121,-0.0415184324910118
7.74985948945213,-0.42594885161825,-1.91843803632726,-0.0340681542276151,-0.0940178752553121,-0.00666659282737099,-0.0401974527637154
7.69646943442494,-0.556996722425259,-2.12189795132808,-0.052362607350888,-0.0851948199799537,-0.00102744767630855,-0.0458530508270556
7.64333095142757,-0.67818877796376,-2.21848940651601,-0.0603348295142062,-0.0797477795771874,0.00719634651683919,-0.0414442759613136
7.57648232747932,-0.797064034247284,-2.26200423387136,-0.0637468311148249,-0.0770476574778104,-0.00310179283342329,-0.0418275988057131
7.47312537423067,-0.851774575520172,-3.03181891649646,-0.0993980911271179,-0.0109553402633226,-0.00395886212153344,-0.0437552010095663
7.37987700706082,-0.915713276062615,-2.97105116391569,-0.0985493011926801,-0.0169716008212079,0.00530093402282879,-0.0469670997212344
7.28581583249533,-0.954545797759212,-3.13571826457574,-0.0999982745826474,-0.000587435522810281,0.00593710001716061,-0.0382450861737871
7.21233705860158,-0.949876575038456,-3.70745425435623,-0.0844126972310353,0.0536143315372071,0.0109339233372875,-0.0489451088164508
7.1283598913412,-0.936245563971914,-3.64585148252079,-0.0875532818089328,0.0483158653496509,0.00357611454855389,-0.0346848542831095
7.02950952558118,-0.978608923090317,-3.12338646187482,-0.0999834271869457,-0.00182051859444872,0.00113306142692501,-0.0405428405239538
6.93633485327199,-1.06473968703212,-2.7026505279229,-0.0905201747310582,-0.0424982113348161,-0.00265449757814212,-0.0436325526069901
6.84156277418552,-1.12330697456393,-2.96089243993829,-0.0983718092658173,-0.0179718430265138,0.00359973017935597,-0.0405954445052901
6.77123933068275,-1.21756095091962,-2.4621672746914,-0.0777933908098052,-0.0628346110540434,0.00746994730703471,-0.0314193653016455
6.71391255143562,-1.33581182322397,-2.11875084556047,-0.052094231377532,-0.0853591884754311,-0.00523254786959756,-0.032891683828927
6.63583715283475,-1.42715765873809,-2.4785456876023,-0.0788120421051903,-0.0615521081621882,0.000736643504314682,-0.0297937273519295
6.56783616294823,-1.52518397160051,-2.28452667358903,-0.0654658181966403,-0.0755925039130497,-0.00253517168987402,-0.0224338089493736
6.47862424818419,-1.61298517150063,-2.52790679873905,-0.0817530948651402,-0.0575884665533941,-0.00745881989890654,-0.0302127333467253
6.38724922887587,-1.68475196256142,-2.72312962217459,-0.0913714576589837,-0.0406356582975169,-3.56164933598691e-06,-0.0311311327632735
6.28764691049082,-1.74524939961854,-2.86114421362866,-0.0960931412765271,-0.0276786596425731,-0.00350917710852486,-0.0328187774145414
6.1946151396094,-1.82451880901608,-2.62684615792359,-0.0870417554051065,-0.0492314210235457,-0.00599001547630557,-0.0300379883739987
6.09768561496592,-1.87927713948339,-2.80871633954062,-0.094510638191066,-0.0326762799093994,-0.002418886452418,-0.0220820505579056
6.02570168698716,-1.97801538099895,-2.32242516236715,-0.0682829656124269,-0.0730577621281416,-0.00370096236633177,-0.0256804793874181
5.93120554656088,-2.04519628991552,-2.67624159088084,-0.0893664086006994,-0.0448736561226389,-0.00512973182558626,-0.022307252793933
5.84824873953089,-2.1308139887596,-2.4833564275604,-0.0791072401688573,-0.0611722531289042,-0.0038495668611313,-0.024445445715175
5.79672772542494,-2.24228893883015,-2.17425322349398,-0.0567492193901898,-0.0823378776663821,0.00522820528423941,-0.0291370724041675
5.72916564380323,-2.33850428667784,-2.33001946751118,-0.0688358141697473,-0.0725370986984455,0.00127373254804512,-0.023678249149242
5.68591590773921,-2.45673251781245,-2.00717089701104,-0.0422656559408694,-0.0906289927555639,-0.00098408012315182,-0.0275992383790493
5.62577181436113,-2.55642101661008,-2.24823658145571,-0.0626800578031422,-0.077917971956377,0.0025359644250606,-0.0217705268412551
5.56150993183352,-2.66399556884007,-2.2169274296135,-0.0602101917735369,-0.0798419238658107,-0.00405169075407898,-0.0277326283641797
5.48954561969713,-2.76647813059161,-2.3519393314125,-0.0704091537077136,-0.0710109222173854,-0.00155515842866762,-0.0314716395341517
5.4224420650487,-2.87644049183281,-2.30795116591446,-0.0672184123449678,-0.0740384024802121,0.000114857696532786,-0.035923958760991
5.35573319464024,-2.98650910992628,-2.30604138417059,-0.0670768926598298,-0.0741666398800813,0.00036802225136677,-0.0359019782133849
5.30094231560528,-3.08921902753608,-2.20408087467892,-0.0591795580293895,-0.0806088079024006,0.00438867899443543,-0.0221011097074006
5.27060076396955,-3.21173287026682,-1.86066410315071,-0.0285825520108303,-0.095828167678132,-0.00175899962489925,-0.0266856750526072
5.24290294034937,-3.33604912683388,-1.83180638268971,-0.0258056528481852,-0.096612981949006,-0.00189217077199594,-0.0277032746180597
5.20409801420498,-3.46136436818588,-1.86955702996118,-0.0294336034539984,-0.0955701992658421,-0.00937132269039544,-0.0297450420861498
5.13177799604938,-3.56049236885863,-2.34958367807252,-0.0702416813926024,-0.0711765845987297,-0.00207833676299533,-0.0279514160740213
5.11679125996937,-3.69002214021045,-1.70551070296321,-0.0134307280486146,-0.0990939732985017,-0.00155600803139493,-0.0304357980533219
5.12715929335431,-3.81679883055762,-1.46626560396907,0.010434046464606,-0.0994541636854609,-6.60130796671099e-05,-0.0273225266617096
5.12691016396532,-3.9436967496172,-1.62741498116772,-0.0056588409081669,-0.0998397592123301,0.00540971151917448,-0.0270581598472512
5.09574997837449,-4.06697085348743,-1.95923633969138,-0.0378745106897542,-0.0925501023230753,0.00671432509893015,-0.0307240015471555
5.01326756727026,-4.16478860197761,-2.41285397612026,-0.0746014947055589,-0.0665929199517221,-0.00788091639867976,-0.0312248285384547
4.95052948056068,-4.27502790831441,-2.22491157468172,-0.0608457354169974,-0.0793586572565637,-0.00189235129257503,-0.0308806490802347
4.87664719224165,-4.37141812552709,-2.47881129523442,-0.0788283880347059,-0.0615311729113776,0.00494609971567304,-0.034859044301303
4.79215260408902,-4.4565245185001,-2.61474710642611,-0.0864397456243434,-0.0502809146336739,0.00194515747171368,-0.0348254783393331
4.69240813495577,-4.50531604120571,-2.91978622533474,-0.0975501641122211,-0.0219992154787102,-0.00219430502102667,-0.0267923072269074
4.59692248739736,-4.55424825956241,-2.98216191938122,-0.0987317817813525,-0.0158756186109203,0.00324613422293704,-0.0330565997457724
4.5041454786069,-4.61656810341676,-2.84783441636377,-0.095716243446873,-0.0289551504989863,0.00293923465641038,-0.0333646933553657
4.41220402882086,-4.64816909453865,-3.07692694401947,-0.0997909901494255,-0.00646206507219328,0.00784954036339318,-0.0251389260496984
4.32146224302445,-4.72844705417402,-2.66239057126488,-0.0887363102143662,-0.0461071279688918,-0.00200547558204378,-0.0341708316664837
4.23649190200828,-4.80949493988081,-2.72798108454854,-0.0915675239643107,-0.0401918966340902,0.00659718294813713,-0.0408559890726945
4.1652310888189,-4.89579144130286,-2.62260843423837,-0.0868323453107179,-0.0495998367723146,0.0155715321213405,-0.0366966646497344
4.08527564119316,-4.95161298452688,-2.98352944329553,-0.0987533997424833,-0.0157405857356485,0.0187979521167362,-0.0400809574883727
3.99925832338174,-5.00786979446016,-2.98417156639473,-0.0987634867763819,-0.0156771706558117,0.0127461689649639,-0.0405796392774711
3.90930767482609,-5.04679699588997,-3.03553114728662,-0.0994380749004176,-0.0105862769706323,0.00948742634476898,-0.028340924459175
3.81848896901685,-5.11933182482072,-2.70821528157853,-0.090755264045268,-0.041993833452945,-6.34417639666374e-05,-0.0305409954778062
3.71775954242303,-5.15963701986597,-3.06640472661298,-0.0997174719190295,-0.00751171046284125,-0.00101195467479082,-0.0327934845824087
3.61393216295674,-5.19218280530114,-3.19773942386411,-0.0998424184133824,0.00561172748510495,-0.00398496105290974,-0.0381575129202751
3.51999250830348,-5.21933313045132,-3.23580190634955,-0.099556558956089,0.00940699573842614,0.0056169043028319,-0.0365573208886039
3.42655764949777,-5.22833893520276,-3.49413709394456,-0.0938497189939128,0.0345286872725218,0.00041486018819481,-0.0435344920239658
3.33758078086757,-5.22805163086303,-3.60250929685039,-0.0895645179094961,0.0444769280823165,0.000587649279295666,-0.0441896237425832
3.26835137547587,-5.18490637638326,-4.06262515058272,-0.0604998377591885,0.0796226703339688,-0.00872956763250918,-0.0364774158541996
3.18788793590284,-5.17087879664735,-3.7858160975235,-0.0799566390246226,0.0600577711531673,-0.000506800548410596,-0.0460301914172616
3.09236962602736,-5.17544802004555,-3.49836853075137,-0.0937027732806511,0.0349254961241055,-0.00181553659482075,-0.0394947195223061
2.99695469686566,-5.1885714656477,-3.35167185289234,-0.0978014401778125,0.0208537358558548,0.00238651101610804,-0.0339771814580061
2.90120024215602,-5.18890396360404,-3.47152834431566,-0.0946063180544053,0.0323982188428425,-0.00114813665523167,-0.0327307167991764
2.81416253900422,-5.17399621990783,-3.57570694380485,-0.0907242933854996,0.0420607012507138,0.003686590233695,-0.0271529575545078
2.76777528447503,-5.11880015605738,-4.09516723280808,-0.0578771761238909,0.0815489575894389,0.0114899215947036,-0.0263528937389861
2.74287439166502,-5.05922670533586,-4.39613695172006,-0.0311006652406852,0.0950407734690056,0.00619977243067357,-0.0354673227474818
2.73704725942987,-4.99897507600946,-4.5810435291394,-0.013096812306749,0.0991386579866895,0.00726968007159937,-0.0388870286602963
2.68834566349967,-4.9457058595901,-4.14468630538322,-0.0537696506270741,0.0843138462617048,0.00506805469687935,-0.0310446298423388
2.59901087474449,-4.91814997038231,-3.74433993983857,-0.0823781267716345,0.0566907772886958,-0.0069566619835478,-0.0291348880809048
2.50792392933438,-4.89833417131161,-3.65679827276192,-0.0870191429293217,0.0492713787491916,-0.00406780248078811,-0.0294555796784985
2.39985194927529,-4.89848240193303,-3.43659253461791,-0.0956802176910876,0.0290739736291085,-0.0123917623680009,-0.0292222042505283
2.30427945224655,-4.88249597794532,-3.57977105456258,-0.0905526052622603,0.042429066454699,-0.00501989176648288,-0.0264426424669866
2.20985123126072,-4.86066608601038,-3.73493206953388,-0.0829078128486938,0.0559132772125367,-0.0115204081371398,-0.0340833852775928
2.11159786125,-4.86526051148968,-3.4358326311421,-0.0957022834771506,0.0290012575116858,-0.00255108653357181,-0.0335956829909927
2.01595132314477,-4.84042485419286,-3.67739708153539,-0.0859858220597303,0.0510532898520008,-0.00966071604549115,-0.0262176325551726
1.92546603298058,-4.82331418896007,-3.66316866490217,-0.086703501353421,0.0498247213043617,-0.00378178881076918,-0.0327140560715709
1.83143404444113,-4.80218264769318,-3.64487721355818,-0.087600312896713,0.0482305419873961,-0.00643167564274069,-0.0270990007205087
1.75905373754726,-4.75680281907561,-3.9492412745582,-0.0691199598945239,0.0722663901421636,-0.00326034699934286,-0.0268865615245995
1.68427435695072,-4.71406602911315,-3.91094681892356,-0.0718360108128049,0.0695671441882055,-0.00294336978373602,-0.0268303542257415
1.61955739468818,-4.65617453320129,-4.10187952459631,-0.0573284960167047,0.0819356060846728,-0.007388466245841,-0.0240441101728095
1.57439021402597,-4.60072928489941,-4.25660315793794,-0.0440168051724485,0.0897915411517739,-0.00115037548976066,-0.0343462928498974
1.52871778808216,-4.55246902793213,-4.21045899105927,-0.0481118369633407,0.0876655641857903,0.00243941101953205,-0.0394053072185079
1.4827265556614,-4.49859017334052,-4.22133637476816,-0.0471554375800597,0.0881836986445516,0.00116420515929583,-0.0343048440529472
1.45249953533789,-4.43825424500887,-4.45118081167107,-0.0258247926118282,0.0966078676224461,-0.00440222771167378,-0.0362719392907964
1.4221538214114,-4.37650124364377,-4.43051406627112,-0.0278157058176853,0.096053560630848,-0.00253000810880563,-0.0343005592657448
1.38178473531487,-4.32106166433678,-4.31276314214371,-0.038907368925631,0.0921206634978539,-0.00146171717089805,-0.0366810841908647
1.33172259809085,-4.27464509759348,-4.13391562099494,-0.0546746320816764,0.083729831044457,0.00461249485765375,-0.0373132643011598
1.24610569381729,-4.2731229404414,-3.55914457198582,-0.0914084434062273,0.0405523917180053,0.0057915391326713,-0.039030234565927
1.1746483009823,-4.25747134295482,-3.72276901826188,-0.0835817395302578,0.054900754248882,0.0121243466952604,-0.0392491567622999
1.13941383912255,-4.20730535185971,-4.24558170635534,-0.0450037448740744,0.0893009683447454,0.00976928301432625,-0.0391349772496312
1.14903596904936,-4.147174815032,-4.78816516377444,0.00757036860209938,0.0997130358540364,0.00205176132470819,-0.0395824990263307
1.16020456624971,-4.09405979074007,-4.78497411289763,0.00725214122785418,0.0997366855655995,0.00391645597250298,-0.0466216612736723
1.17325113073083,-4.04376366406518,-4.75510958965995,0.00427076159164147,0.0999087613546848,0.00877580288947405,-0.0496126346797858
1.17005926103182,-3.98686454905439,-4.64829635839884,-0.0064048750366601,0.0997946770913397,0.00321300533765551,-0.0428955620805498
1.17688161800258,-3.92481286203739,-4.73791277210841,0.00255210205089835,0.0999674285711191,0.00427025491985347,-0.0379157415541176
1.2171200195639,-3.86632056001195,-5.04574889879301,0.0327219818431804,0.0944948247485256,0.00751641971813991,-0.0360025227230896
1.18623833944326,-3.81240907727418,-4.25474581899147,-0.0441835024804673,0.0897096321949797,0.0133018223598304,-0.0357981494572108
1.18957653594553,-3.74159521493564,-4.52717260859661,-0.0184159208894608,0.0982896426781231,0.0217541173917269,-0.0274757803395822
1.19283723666898,-3.67699550794123,-4.48451903099811,-0.0225903049221538,0.0974149789484354,0.0258510056456078,-0.0328152719540284
1.20282633585633,-3.61314262666183,-4.65962953713821,-0.00527349701502975,0.0998608543385869,0.0152625962023761,-0.0360079730591867
1.24144170127267,-3.53726906702271,-4.94480565966993,0.0230329894919645,0.0973112603713622,0.0155823759243759,-0.0214377007322444
1.26521618881221,-3.46722734077477,-4.73370214447229,0.00213115505366988,0.0999772883115821,0.0216433324858762,-0.0299355620636419
1.29267975658873,-3.39990507328274,-4.81622382981617,0.0103648364374353,0.0994614003803748,0.0170987313390817,-0.0321391328883411
1.33981463336611,-3.33274711045539,-5.02249641207976,0.0305160945492505,0.0952300791423655,0.0166187822281301,-0.0280721163150144
1.38346825514407,-3.25621782485815,-4.97982642248298,0.0264260844893314,0.0964451245971652,0.0172275372886246,-0.0199158389999301
1.42861745023566,-3.18111022608738,-4.95082930967749,0.0236187370540778,0.0971707531100296,0.0215304580375201,-0.0220631543392553
1.46338443777717,-3.11111930794434,-4.8985643834405,0.0185101752466957,0.0982719360363711,0.0162568122948071,-0.0282810178933328
1.49592741108134,-3.0404532580551,-4.95925221971622,0.0244363500727026,0.09696837007563,0.0081066232314756,-0.0263023201863852
1.54616951833215,-2.97474439070636,-5.059159518338,0.0339862356092903,0.0940475187823146,0.0162558716415107,-0.0283386514335788
1.57697801963537,-2.90182884495232,-4.87217564778118,0.0159107595223872,0.0987261248678422,0.0148977417808384,-0.0258105791137986
1.6094623590414,-2.83683325245471,-4.90444396128672,0.0190876494734696,0.0981614060493123,0.0133966899325594,-0.033165813551701
1.64085056775238,-2.76219748754897,-4.84931204963567,0.0136495632843056,0.0990640672602722,0.0177386454266784,-0.0244283023545311
1.69535225334349,-2.69910457440058,-5.18871134808969,0.0458514018947766,0.088868717467305,0.00865028369632531,-0.0257758043189185
1.78530874512124,-2.67481597434019,-5.66087952920196,0.0812536556235228,0.0582910237327667,0.00870283615422968,-0.0340024236723799
1.88668742514633,-2.65152547257412,-5.82660845327137,0.0897566943850164,0.0440878193277322,0.0116219856400774,-0.0207973175616587
1.98842018920111,-2.63316406681422,-5.8067519189964,0.0888636264750741,0.045861267859693,0.0128691375797069,-0.0274998620997895
2.09110002248566,-2.64525490530311,-6.20107537598592,0.0996630873137187,0.00820176975402718,0.00301674597083079,-0.020292608242924
2.19024165413748,-2.64905900409897,-6.10504466381081,0.0984174871745649,0.0177199948714538,0.000724144477251998,-0.0215240936673151
2.26209584726577,-2.60623370881852,-5.5989854834522,0.0774925049046751,0.0632053137291391,-0.00563831177638485,-0.0203800184486855
2.35588923377034,-2.6260383711482,-6.26533734033682,0.099984072926783,0.0017847019279794,-0.00619068642221132,-0.0215893642576575
2.45277121150898,-2.6218796403953,-6.02511384201058,0.0966883969505121,0.0255216358241434,0.000193580788128922,-0.0213629050712409
2.55144848763273,-2.6693100666884,-6.46043702423114,0.0984332000580182,-0.0176325019874708,0.000244076065729737,-0.0297979243056332
2.64772131963734,-2.72010527193331,-6.61518718205731,0.0945391754730671,-0.0325936236229209,0.00173365653154667,-0.0182015816219874
2.74231245317676,-2.70997979220911,-5.92691720993301,0.0937204956651604,0.0348779112372953,0.000870637874252456,-0.0247524315130949
2.81297608710996,-2.65988351111896,-5.41589482357778,0.0646895139505632,0.0762578965408822,0.0059741199826433,-0.0261616154507323
2.90486800197063,-2.63247993396421,-5.73091652655136,0.0851336466290499,0.0524620073161527,0.00675826823162129,-0.0250584301614101
3.00799509229218,-2.60974338988792,-5.78868349086262,0.0880205253645615,0.047459320628793,0.0151065649569833,-0.0247227765525011
3.10691901178405,-2.60611014815747,-5.99161292965221,0.0957793066278329,0.0287458592129644,0.00314461286403878,-0.0251126174825149
3.18104135337882,-2.56363434584927,-5.4792430382256,0.0693873292105049,0.0720097114633367,0.00473501238426466,-0.0295339091551359
3.24363015613282,-2.51737815039876,-5.38733351214431,0.0624854011325571,0.0780741611885996,0.000103401621437516,-0.0318179657380906
3.3258351616634,-2.49091466305828,-5.58623316318915,0.0766802114524269,0.0641883569785916,0.00552479407815376,-0.0377248696381116
3.42779508340611,-2.48424587410181,-5.85928634339482,0.0911492160758001,0.0411317445383381,0.0108107056669161,-0.0344629555818621
3.5317532856872,-2.47931778683843,-5.82926499358111,0.0898734986008979,0.0438492217631557,0.0140847036801863,-0.0389211344997822
3.64165995127271,-2.46934123639945,-5.73443004323676,0.0853174469095015,0.0521625656275111,0.0245892186760087,-0.0421860151885269
3.74524020699109,-2.45500321319708,-5.79791236334377,0.0884547667458785,0.0466449808653861,0.0151254889725083,-0.0323069576630122
3.85012029302575,-2.44545042365229,-5.88551488485167,0.0921965674191072,0.0387271604450162,0.0126835186155514,-0.0291743709002308
3.96009302410899,-2.45909176735412,-6.16808688273116,0.0993383485623027,0.0114844462171429,0.010634382520936,-0.0251257899189703
4.06566532689917,-2.48936672013347,-6.41794722627966,0.0990933346503221,-0.013435439251445,0.00647896813985516,-0.0168395135279038
4.16966970251947,-2.55850304717724,-6.87459162259967,0.0830157438587274,-0.0557529037053871,0.0209886317615786,-0.0133834233383912
4.26586807482545,-2.63070854965488,-6.94864497782441,0.0786633058032364,-0.0617420790069991,0.0175350665027437,-0.0104634234706342
4.33055798913621,-2.7286884946274,-7.25762397666283,0.0561632579443779,-0.0827386757029218,0.00852665636637406,-0.0152412692696
4.41362542937537,-2.83282766946402,-7.15718901880174,0.0641761234583909,-0.0766904503693476,0.0188913167807728,-0.0274487244672699
4.46948626575277,-2.95891159023953,-7.48405388843622,0.036154806621056,-0.0932353471500699,0.0197060297563419,-0.0328485736254436
4.53599997752708,-3.07241316537981,-7.3305043185801,0.0499894808689978,-0.086608612749819,0.0165242309053153,-0.0268929623904626
4.59393806508356,-3.18049871320893,-7.3370492091379,0.049421570363335,-0.0869339311363631,0.00851651719314162,-0.021151616692757
4.64332951136371,-3.29350663227006,-7.48090731166719,0.0364479993311055,-0.0931211219045375,0.0129434469490441,-0.0198867971565875
4.69631640630916,-3.39946870583091,-7.40009878121683,0.0438458549955645,-0.0898751411665536,0.00914103994988325,-0.0160869323942983
4.70059377323621,-3.53002981098316,-7.86413875320174,-0.0010156944581449,-0.0999948416907977,0.00529306138520191,-0.0305662634614503
4.70763467260909,-3.66668478005684,-7.87161872542829,-0.0017636177081857,-0.0999844470534261,0.00880451708106622,-0.0366705220202519
4.71042984872003,-3.80020693784254,-7.96420971451545,-0.0110005000024356,-0.099393103380951,0.0137956761133744,-0.0341290544047492
4.71709316038425,-3.92464279351443,-7.85550679683868,-0.000152516227290991,-0.0999998836939344,0.00681582789150914,-0.0244359719779581
4.70494725248389,-4.05913691398723,-8.02354416827562,-0.016875117336316,-0.098565868407302,0.00472920943596111,-0.0359282520655047
4.70006060424359,-4.19270864571207,-7.90532379265486,-0.00513196051837586,-0.0998682280870039,0.000245312278066345,-0.0337035036378275
4.71010726410796,-4.32165780708388,-7.66872787981543,0.0184195951764783,-0.0982889541786597,-0.0083729353121027,-0.0306602071931579
4.6794444441485,-4.4560374079598,-8.0430754764297,-0.018796896701358,-0.0982174967834066,-0.0118659232581055,-0.0361621040925044
4.70629328999451,-4.58700672533603,-7.54662790571076,0.0302537437850571,-0.0953137502514098,-0.00340489793904541,-0.0356555671248238
4.79031926457329,-4.67350725261036,-6.81271477398844,0.0863044845208868,-0.0505127305892684,-0.00227850994210133,-0.0359877966850615
4.87961920392502,-4.735068188129,-6.47099748418843,0.0982415074405364,-0.0186709993254521,-0.00894156808881563,-0.0428899361931894
4.95391405249921,-4.82579866692975,-6.99170730792907,0.0759324457151078,-0.0650712201185917,-0.0016375971409136,-0.0256592586821558
5.05544301884395,-4.85378461837693,-6.25453369411974,0.0999589570612988,0.00286476931312583,0.00157000928343898,-0.0308507207603128
5.13943544474195,-4.94991741122003,-6.96908482729241,0.0773849631764674,-0.0633369360971684,0.006607462721539,-0.0327958567459259
5.21314983158087,-5.04044083060269,-6.94791323612015,0.0787084639933496,-0.0616845012609131,-0.00499407715442779,-0.0288389181217514
5.2775557638607,-5.13828275468884,-7.02243492014042,0.0738974327682966,-0.0673733584605597,-0.00949150048846958,-0.0304685656255845
5.33387938150127,-5.24962873730498,-7.161831682914,0.0638193851003383,-0.0769875709800921,-0.00749576745976488,-0.0343584116360525
5.33775540530666,-5.37892834172129,-7.72673876774569,0.0126899784574769,-0.0991915543115883,-0.00881395465209256,-0.0301080501047153
5.31190749957572,-5.51018883644677,-8.01369032271591,-0.015903060943585,-0.0987273652673089,-0.0099448447873538,-0.032533129458173
5.27086009997907,-5.63216318465696,-8.13439457920998,-0.0276752488254534,-0.096094123662424,-0.0133721507711938,-0.0258802245477732
5.2650932698867,-5.76362983343958,-7.87847679451404,-0.00244927110443633,-0.0999700008555415,-0.00331755898793629,-0.0314966479270744
5.30079720882073,-5.89378582746201,-7.61160096773629,0.0240014382167406,-0.0970769332206575,0.0117025007172927,-0.0330790608017768
5.33655664928749,-6.0182226530852,-7.56077476065736,0.0289023716183141,-0.095732193722054,0.00685706884844128,-0.0287046319011282
5.4038090458701,-6.12922926406338,-7.11998573281534,0.066984194631565,-0.0742503715112633,0.000268201951050928,-0.0367562394669179
5.4362250875757,-6.26019015779313,-7.52879140813274,0.0319489047735791,-0.0947589968486833,0.000467136932016499,-0.0362018968810727
5.50475796908457,-6.36203225757985,-7.07997649358354,0.0699004980562767,-0.0715116799654746,-0.00136761654741036,-0.0303304198212455
5.55598351686954,-6.48441918640079,-7.24253568508279,0.0574052029964045,-0.0818818824218251,-0.00617965521143415,-0.0405050463991099
5.60814462035542,-6.60830204363987,-7.3133171532019,0.0514705809033985,-0.0857366858553951,0.000690522582480924,-0.0381461713836799
5.65636271767815,-6.73583029817538,-7.35253752352841,0.0480692364398524,-0.0876889303623301,0.000148860882885682,-0.0398393241731885
5.64655068783064,-6.8846115406922,-7.93772081068572,-0.00836413443490941,-0.0996495923481615,-0.00144789541260437,-0.0491316501686523
5.65314498229777,-7.02655419787861,-7.79864204259491,0.00553113497278642,-0.0998469155553281,0.00106315949433822,-0.0420957416310834
5.65709025679579,-7.16932721009772,-7.83783174195395,0.00161491899965369,-0.0999869593328278,0.00233035549837191,-0.0427860528862851
5.65298062989108,-7.30872811438603,-8.00672942831423,-0.015215450446935,-0.0988356720404979,0.0111058235422279,-0.0405652322478058
5.63685533492962,-7.43684934060638,-8.24883118296964,-0.0384669318693034,-0.0923054448695329,0.0223416369078381,-0.0358157813508218
5.60427849174753,-7.56589675750048,-8.27963620302637,-0.0412917031128887,-0.0910768645378016,0.00871485993079912,-0.0379705523562972
5.56156806405528,-7.68272684335036,-8.31373283908697,-0.0443725159947539,-0.0896162921811392,0.00166208830250125,-0.0272137936687376
5.50311034459724,-7.79988229749186,-8.43740946968404,-0.0550887968064619,-0.0834579203336409,-0.0033689226515764,-0.033697533807862
5.48345605555311,-7.93163695006557,-8.02545227414552,-0.0170631606142425,-0.0985334894837921,-0.0025911284298874,-0.0332211630899213
5.49359458792481,-8.05680551766013,-7.73470160364408,0.0118997384218355,-0.0992894567690442,-0.00176120605013375,-0.0258791108255103
5.50008272555938,-8.19564778357951,-7.66614474771472,0.0186734267938105,-0.0982410460641386,-0.0121852891592441,-0.0406012198552492
5.55181090820985,-8.32343273132125,-7.28403887765232,0.0539583854341657,-0.0841931864306015,-0.00223020278368957,-0.0435917613111325
5.57518403571746,-8.45650861131209,-7.61521739006995,0.0236502108412461,-0.0971630975585104,-0.000277083333641959,-0.035912782432332
5.64306122275833,-8.5629795042885,-7.13345059563306,0.0659783816646384,-0.0751455464609534,0.00189880537623621,-0.0313253465154606
5.73685019991953,-8.6434250876351,-6.69521251499303,0.0916310874939709,-0.0400467702152402,0.0021578896672243,-0.0403988131313575
5.84549363518047,-8.68532689943409,-6.34118682280412,0.0998318383609705,-0.0057968999878432,0.00881159689997224,-0.0361049118111421
5.95485427166792,-8.74566447858673,-6.52894205472067,0.0969953493305071,-0.024329040430171,0.0123652871569401,-0.0360085387224771
6.04346878672696,-8.81505510842761,-6.65094917679838,0.0933133633238387,-0.0359529724110993,-0.00469884826479694,-0.0334376574297721
6.14166224551705,-8.87997245117311,-6.59295785231957,0.0952402932319736,-0.0304842015655272,0.00295316555812164,-0.0344331411799796
6.24390315182467,-8.91357267413465,-6.29338905659565,0.0999947942200602,-0.00102035723538684,0.0022461120875602,-0.032579865726154
6.34671094507038,-8.95821480010017,-6.42474893939174,0.0989996591680585,-0.0141091277054343,0.00380813407764569,-0.0305329982600799
6.44211828009242,-9.02800447857349,-6.7052796658047,0.0912232941757134,-0.0409671893071914,0.00418404084632662,-0.0288224891661315
6.53129391743436,-9.09264907897998,-6.63064378053223,0.0940241161953594,-0.0340509261794969,-0.00484847885341844,-0.0305936742269992
6.60973430119795,-9.05607284752763,-5.53527376359279,0.0733110844993961,0.0680109174289129,0.00512929926419647,-0.0314346859765582
6.65515585389466,-8.9907339554119,-5.13326824824606,0.0408563145093681,0.0912730056737018,0.00456523818733712,-0.0259341135579696
6.69723635884787,-8.93426831413561,-5.1532352459341,0.0426704972616427,0.0904390881391677,-0.000589992308428822,-0.033973446862877
6.73489893572702,-8.88216210928725,-5.10588341324165,0.0383418119904272,0.0923574872616765,-0.000679235111272325,-0.0402512824133208
6.79676878464279,-8.85001200327496,-5.3961790942226,0.0631735589795162,0.0775183942420222,-0.0013037100637493,-0.0453682882297262
6.8833207106554,-8.83938703778329,-5.78277498735713,0.087738577021808,0.0479785587756476,-0.00118665100920101,-0.0373535932839761
6.96831628532937,-8.81204347643581,-5.58905241069426,0.0768608693450173,0.0639719216807513,0.00813470532895122,-0.0366283603332764
7.07341085225126,-8.83626048925698,-6.15537881586561,0.0991843861665272,0.0127458832871324,0.00591018075536209,-0.0369628961083048
7.1558941350046,-8.80931792340858,-5.61561118457631,0.0785325793925413,0.0619082706425741,0.00395070336080761,-0.0349657047941747
7.25836170843049,-8.80398610768073,-5.90735666179345,0.0930203792437763,0.036704346409438,0.00944719418211093,-0.0313725306815851
7.34570701952729,-8.77342462519218,-5.56835361200006,0.0755203574088067,0.0655490321579662,0.0118249536879914,-0.0349875496694132
7.44688524071867,-8.76614616584873,-5.74878700294961,0.0860575242728177,0.0509323327173751,0.0151206969185623,-0.0436538733739322
7.52508139273129,-8.74322288760101,-5.51808328346761,0.0721311698487081,0.0692610593064878,0.00606498216391049,-0.0463377810587655
7.59094223121421,-8.70687053520204,-5.47012385724103,0.0687277836338843,0.0726394641828668,-0.00286694515096064,-0.0362871117838992
7.68483535245592,-8.70617078298576,-6.03879556351631,0.0970285165851892,0.0241964247209721,-0.00313539534347862,-0.0234966725046899
7.77969560455063,-8.71331729565875,-6.12265995181732,0.0987143448468824,0.0159836829751715,-0.0038540927521723,-0.0231301956481573
7.88136928675081,-8.7130730129919,-6.06391792770443,0.097605706691921,0.021751460207781,0.00406797550826044,-0.0215071775409381
7.98163916490264,-8.70503497437442,-5.98759419782607,0.0956630116127933,0.0291305373992753,0.00460686653903641,-0.0210924987817958
8.03937839743689,-8.64506108715813,-5.29695500677151,0.0551837521296612,0.0833951647332872,0.00255548040458653,-0.0234212775169951
8.09331445369747,-8.58938230751679,-5.20642362283003,0.0474181945616394,0.0880426875130156,0.00651786169893631,-0.0323639078716749
8.11269293555133,-8.52146306248616,-4.84672471333889,0.013393205826176,0.0990990516488311,0.00598527602768339,-0.0311798066181961
8.13650452437783,-8.45420316921244,-4.95090437275399,0.0236260309232055,0.0971689799412124,0.000185557903294553,-0.029909086667498
8.18499851018502,-8.39729777021777,-5.19306205704172,0.0462376086473424,0.0886683909100374,0.00225637715984739,-0.0317629919153681
8.27047881663793,-8.36862652212395,-5.56584085250265,0.0753554102128898,0.0657385895167146,0.0101248962400248,-0.0370673414228886
8.37576359431354,-8.36744050147648,-6.02601242316136,0.0967112911728867,0.0254347431611396,0.00857348650272205,-0.0242487225136774
8.46874084864185,-8.41134147462125,-6.42610526540106,0.0989804315361755,-0.0142433904991918,-0.00600317720786125,-0.0296575826455729
8.57191497042367,-8.45255931336437,-6.38788423164456,0.0994524072548827,-0.0104507746702793,0.00372171452693548,-0.0307670640728404
8.67883725538181,-8.47656145543399,-6.28089204099887,0.0999997370466265,0.000229326417064453,0.00692254791151459,-0.0242314684866827
8.78525629231295,-8.52873123376692,-6.52951588111204,0.0969813727166425,-0.0243846949129094,0.00943766421448811,-0.0277850834200279
8.88296196866211,-8.51282895090424,-5.81329788043056,0.0891619265427384,0.0452785915768956,0.00854374980642425,-0.029376308714216
8.94609258713856,-8.46124472311138,-5.37033965924223,0.061149661786601,0.079124704507406,0.00198095668984832,-0.0275404767145471
9.02605757894083,-8.43234424938233,-5.54783483086828,0.0741595682933532,0.0670847108553319,0.00580542350891844,-0.0381842371262717
9.09447010934742,-8.39080356469952,-5.38616621703734,0.0623942229963103,0.0781470468839783,0.0060183074102832,-0.0366063622011783
9.17367255042657,-8.36218285015851,-5.58926311547896,0.0768743468287248,0.0639557253078794,0.00232809425042546,-0.0353350107668682
9.25329602808785,-8.33131315747324,-5.59412314893144,0.0771842646882096,0.0635813595681974,0.00243921297306249,-0.0327116668829248
9.33218694501948,-8.29845465654942,-5.61397276585833,0.0784310423614746,0.0620368567393012,0.000459874570163721,-0.0291783558154766
9.41113661019073,-8.28346665379748,-5.82174388607685,0.0895411650715572,0.0445239234303103,-0.0105914999003153,-0.0295359206783719
9.4959559239771,-8.26605090855398,-5.78816688378737,0.0879959957992437,0.0475047863199014,-0.00317668201286392,-0.030089041076403
9.5943167847365,-8.28509851360298,-6.20846472481909,0.0997209715866502,0.00746510722056324,-0.00136011082725873,-0.0265127122695628
9.687483894617,-8.34340430416415,-6.60672647994997,0.094811553421705,-0.0317925987890763,-0.00164444354120208,-0.0265131917720964
9.77633273355223,-8.41205632697748,-6.72848064092289,0.0902483497297096,-0.0430724432910885,-0.00139951079447631,-0.0255795795222387
9.86140073785808,-8.48868492375636,-6.79607866183998,0.0871328386615837,-0.0490700359361436,-0.00206483435573357,-0.0275585608427384
9.92487808624238,-8.57387589752167,-7.03014322748447,0.0733759079493993,-0.0679409753580362,-0.00989855956510566,-0.0172499984072729
9.99896699324852,-8.64425357797351,-6.81137031714907,0.0863723186861075,-0.0503966523172471,-0.0122834116799683,-0.0199810281345894
10.0905753958713,-8.70179313114951,-6.55183721188771,0.0964129599891324,-0.0265431939700925,-0.00480455736635155,-0.0309963592059077
10.174662022242,-8.76216456125272,-6.61986213780033,0.0943857691952097,-0.0330352323047471,-0.0102991428245118,-0.0273361977984674
10.2583706621349,-8.83848414560242,-6.73817419461377,0.0898265911676985,-0.0439452331793921,-0.0061179512748375,-0.0323743511703096
10.3544030245148,-8.88366541178773,-6.43476183314157,0.0988534256175653,-0.0150996769393418,-0.00282106323758091,-0.0300815892459685
10.4501502500155,-8.91837963366775,-6.38273497067857,0.0995049023013148,-0.00993853198444308,-0.00375767680062722,-0.0247756898955789
10.539636301602,-8.99080790375981,-6.7608677777542,0.0888062726650289,-0.0459722300453713,0.000679778921426788,-0.0264560400466838
10.6093183662095,-9.07381373500944,-6.88365682609853,0.0825069283562428,-0.0565031571969019,-0.0128248637487469,-0.026502674052729
10.6487872070899,-9.18208642274712,-7.18023132172615,0.0623921189110082,-0.07814872678294,-0.0229232780305478,-0.030123960954743
10.7032578278694,-9.28924847160504,-7.04141106521421,0.0726057182570516,-0.0687634326977475,-0.0181350974775603,-0.0383986161601726
10.7581095244129,-9.39537674097388,-7.05267839486785,0.0718263456881734,-0.06957712314463,-0.0169746491446552,-0.0365511462242054
10.8117907563428,-9.50968781437646,-7.1809155987506,0.0623386289298659,-0.0781914019771003,-0.00865739700001378,-0.036119671425487
10.8984463035006,-9.57610417707846,-6.69376133681691,0.0916891059887678,-0.0399137550598851,-0.00503355883098888,-0.0265026076421151
10.9911396371486,-9.64969812520828,-6.72570276185399,0.0903676514089612,-0.042821578425234,0.00232568223902185,-0.0307723697045841
11.0450598712619,-9.74773170449483,-7.22600246568042,0.058751066848287,-0.0809216420013096,-0.00483083273492135,-0.0171119372852342
11.0703059688715,-9.86588634245319,-7.48151143910021,0.0363917356589794,-0.0931431241462673,-0.0111456380494285,-0.0250115138120961
11.072224401479,-9.99346401743956,-7.81898041964203,0.00349940681930632,-0.0999387520029793,-0.00158097421179426,-0.0276389229833924
11.1045047884148,-10.115549860198,-7.42549792884679,0.0415492063627824,-0.0909596803568643,-0.00926881942698743,-0.0311261624016019
11.1502691043194,-10.2292187579445,-7.33741002785795,0.0493901997571533,-0.0869517577047669,-0.00362588385255058,-0.0267171400417059
11.1909984451618,-10.3448642627855,-7.40691045976218,0.0432326419617504,-0.0901717176780342,-0.00250330111934594,-0.0254737871630102
11.239535529695,-10.4430119104235,-7.20587948889658,0.0603674465191536,-0.0797230920170382,-0.0118303619859551,-0.018424555620868
11.2866735276881,-10.5356313223625,-7.19936737849776,0.0608853284120949,-0.0793282848935445,-0.0137473304190068,-0.0132911270454841
11.3445854672776,-10.6318373108571,-7.18992342536062,0.0616317747731041,-0.0787497577032296,-0.00371983518357788,-0.0174562307913817
11.4113618767491,-10.7207943142608,-7.00854279441959,0.0748262311684029,-0.0663402979276754,-0.00804982169694346,-0.0226167054760271
11.4277857275406,-10.839555598963,-7.60923910399823,0.0242306535471604,-0.0970199743799053,-0.00780680275565115,-0.0217413103223176
11.4999117406396,-10.9318619324817,-6.98302831237578,0.0764943316687819,-0.064409760304991,-0.00436831856973496,-0.0278965732136829
11.5658406395911,-11.0176477524105,-7.10688578949138,0.0679510950235856,-0.0733665365483177,-0.00202219607211651,-0.0124192833805026
11.6378679404091,-11.1008434353074,-7.03951251557001,0.0727361381160249,-0.0686254632914529,-0.000708837298063814,-0.014570219605444
11.6883244457623,-11.2085676194372,-7.2861667964516,0.053779107142418,-0.0843078147917756,-0.00332260178913901,-0.023416369338026
11.7076569611051,-11.3410022417999,-7.68560687474862,0.01675803137829,-0.0985858427175234,0.00257448396448601,-0.0338487796451599
11.6953135134257,-11.4767168980261,-7.86656603322588,-0.00125840670948849,-0.0999920817492741,-0.0110850409699187,-0.0357225744769671
11.6981229378753,-11.6015805446845,-7.80569842294725,0.00482644530259703,-0.0998834592199381,-0.0020170208529644,-0.0249801874384445
11.7030531896838,-11.731271360672,-7.7982368274316,0.00557159400176709,-0.09984466605823,-0.000641342193330341,-0.0298461499292149
11.6850351457985,-11.8599271106197,-8.03765936644938,-0.018264666841807,-0.0983178617808473,0.000246622956538545,-0.0303378881669207
11.6778254383054,-11.9981718217335,-7.96707766683775,-0.0112855090529744,-0.0993611457533338,0.00407580155985354,-0.0388835653603916
11.640229918424,-12.1250707639334,-8.21439952150262,-0.0352665302115124,-0.0935749530955826,-0.00232898966984985,-0.0333239891043249
11.5956775246982,-12.2434393126947,-8.32241022307056,-0.0451484706662772,-0.0892278857560589,0.000596076940490353,-0.0291406630053164
11.5027566923463,-12.2846854399091,-9.23082076796592,-0.0981249197231512,-0.0192743386222493,0.00520408737126821,-0.0219717885920829
11.4041611925516,-12.3584729514832,-8.96016601817425,-0.0893995512091319,-0.0448075913613508,-0.00919594858565964,-0.028979920212814
11.306485970223,-12.4275835302155,-8.98394127955363,-0.0904394971032973,-0.0426696304612858,-0.00723572522528404,-0.0264409482709649
11.2109206437894,-12.489676149203,-9.02882288363795,-0.0922628621951945,-0.0385689546079557,-0.00330246423838698,-0.0235236643795123
11.1290315336826,-12.5731718939793,-8.86028236712981,-0.0844858560112417,-0.0534989732055461,0.00259674590444259,-0.0299967715708291
11.0270876424045,-12.6054140361446,-9.33982288626692,-0.0996393487567423,-0.0084852919414881,-0.00230454252135859,-0.0237568502237746
10.9348101396805,-12.6050796203432,-9.73268600945353,-0.0952969653407127,0.0303065734924126,0.00301946261668296,-0.0299721576909988
10.8381324905039,-12.6587840749701,-9.26448656603197,-0.0987180816976129,-0.0159605872681249,0.002040432521073,-0.0377438673587562
10.7348258511641,-12.7130399415012,-9.21815663440772,-0.0978729649033265,-0.0205154269034844,-0.00543367443651022,-0.0337404396276533
10.6424772818057,-12.7730982958894,-9.04235053866359,-0.092776151989357,-0.0373173635463136,0.000427582630969314,-0.0227409908418732
10.5570631613302,-12.8457218239384,-8.8693984356559,-0.0849700390849291,-0.0527265820806319,-0.000444081390555073,-0.0198969459683838
10.4734271376943,-12.9155408354037,-8.95543702943845,-0.0891866577699138,-0.0452298582336079,0.00555063413403034,-0.0245891532317142
10.3950495056122,-12.985538323766,-8.81709570841488,-0.082097357730873,-0.0570966185829692,0.00371972564871048,-0.0129008697792781
10.3007632588475,-13.0186448048888,-9.32265147679349,-0.099478962160648,-0.0101949049745628,0.00519271539597965,-0.0229115761482799
10.2295532673845,-13.1041451381302,-8.7299037749608,-0.0768134265289285,-0.0640288802407547,0.00560343506588279,-0.0214714530005935
10.1583964741416,-13.1754592807872,-8.89759773405747,-0.0864229127897885,-0.0503098414321553,0.0152661195469298,-0.021004301224842
10.0710096994012,-13.2412319360803,-8.9212554804184,-0.0875888353884626,-0.0482513825220875,0.000202060648015423,-0.0175212727710115
9.97659773156028,-13.3036506700598,-8.9592832219636,-0.0893599604065721,-0.0448864954762106,-0.00505200743430034,-0.0175322385033336
9.87557850938857,-13.3460435585295,-9.1516028522606,-0.0962919138500225,-0.0269790164220241,-0.00472730832169121,-0.0154138720477146
9.77119389655424,-13.3777286270545,-9.19677416586696,-0.0974119544648527,-0.0226033432778753,-0.0069726583694727,-0.00908172524703232
9.66997487223879,-13.4101494246243,-9.38605834684381,-0.0999250489395136,-0.00387099398550327,-0.0012939753759369,-0.0285498035843652
9.59975598191544,-13.5234925134481,-8.5850432132988,-0.06676603208291,-0.0744466047573953,-0.00345285824043495,-0.0388964840663881
9.50572381050068,-13.59248961144,-9.06104921787579,-0.0934576780553584,-0.0355761494895243,-0.000574493359406292,-0.0334209485024051
9.43200188699052,-13.6898721203879,-8.67728612560856,-0.0733396227965979,-0.0679801421596979,-0.000382300713559824,-0.0294023667881831
9.36977932001888,-13.7948748605576,-8.56883809650232,-0.0655509025768576,-0.0755187339099334,0.00332833560521484,-0.0294840062597821
9.30666061600027,-13.9032800022882,-8.43812584010006,-0.0551485694510435,-0.0834184349379886,-0.00797013456756845,-0.0249867067925429
9.2525606963422,-14.0133412001813,-8.39920562105008,-0.0518609614959468,-0.0855011150378516,-0.00223895816212305,-0.0245600828552845
9.17577974151039,-14.1005416485552,-8.74657815076907,-0.0778703405119854,-0.0627392227282698,0.00108938568017769,-0.0244612256456662
9.11178503789737,-14.2029290851937,-8.65854554101226,-0.0720528313534322,-0.0693425518275313,0.00805812774041281,-0.0330448848109821
9.06639034673267,-14.3238527590538,-8.38324768106681,-0.0504899945341457,-0.0863177875755742,0.00509530336944342,-0.0346058862844973
9.05511888243212,-14.4530414935647,-8.08772753966214,-0.0231623178025797,-0.0972805583557799,0.0118908535020311,-0.0319081761551026
9.05415309643958,-14.5846079901412,-7.97848351924564,-0.0124180489666659,-0.0992259646456586,0.0114522629741246,-0.0323405319308758
9.02027330228766,-14.6929185350572,-8.36068108928674,-0.0485294060864082,-0.0874351001880851,0.0146496119344836,-0.0208754447279063
9.00344223110333,-14.821593786157,-8.07517891483307,-0.0219397889723705,-0.0975635467777174,0.00510871778804534,-0.0311117043220381
8.95127319777376,-14.933248023005,-8.36031734822036,-0.0484975991401244,-0.0874527465414541,-0.00367143418944538,-0.0242014903065453
8.95689276061436,-15.0490762925046,-7.88621998568711,-0.00322327677221559,-0.0999480389344868,0.00884283961281518,-0.01588023056512
8.95988882080141,-15.1659154570479,-7.83845260526912,0.00155284045734434,-0.0999879427056785,0.00144321972970762,-0.0168512218376851
8.94988043741929,-15.2865273005972,-7.92087165952004,-0.00668401559694286,-0.0997763696247755,-0.00332436778517764,-0.0208354739245262
8.96076023566717,-15.4107692439823,-7.71338247311908,0.0140136388224514,-0.0990132209705041,-0.00313384057457688,-0.0252287224145906
8.91000046848389,-15.5177053001273,-8.3845700119034,-0.0506040910307826,-0.0862509476524651,-0.000155676152494344,-0.0206851084924597
8.84111742270297,-15.6184468597034,-8.57718313368945,-0.0661788194475573,-0.0749690860056838,-0.00270422633336254,-0.0257724735704485
8.75202346255851,-15.7004212192104,-8.82928781235621,-0.0827873666894545,-0.0560914602825225,-0.0063065934550034,-0.0258828992245164
8.64633428660523,-15.7319409673725,-9.39456160496884,-0.0999543520654195,-0.00302117579464951,-0.00573482388786073,-0.028498572367365
8.54413164405571,-15.7582247490686,-9.42638825615773,-0.0999998703474661,0.000161029469241787,-0.00220277220205833,-0.0264448111653941
8.45495715438129,-15.7630437201132,-9.65631332058592,-0.0973315219988023,0.022947218249641,0.00815703232438514,-0.027766189294244
8.36662292508788,-15.7779244469525,-9.60199531907319,-0.0984338058306046,0.0176291199355732,0.0100995765371895,-0.0325098467748877
8.30422724569679,-15.7375099183638,-10.2041494113797,-0.071135544340103,0.0702832436035591,0.00873986494901102,-0.0298687150148815
8.28403650335151,-15.6778664666105,-10.7705007278493,-0.0223178067104704,0.0974777692791238,0.0021270643651915,-0.0378343175257569
8.26467371528018,-15.6092131912388,-10.8871282669835,-0.0108233581589867,0.0994125490980002,-0.00853942991234258,-0.0307592737262823
8.22481807328468,-15.5473709168111,-10.5934834047926,-0.0391343320242,0.0920244753151012,-0.000721309971301487,-0.0301822008874666
8.18410220230817,-15.4900226440691,-10.5537412640477,-0.0427597179639815,0.0903969386629921,0.00204384698747628,-0.0330486659209441
8.16705982107032,-15.4250216963875,-10.7655297625336,-0.0228020875835316,0.0973656243334009,0.00575970634567569,-0.0323646766518593
8.08820076928522,-15.414473269296,-10.0172032383942,-0.0829588906699224,0.0558374646524703,0.00409983888482979,-0.045289037560968
8.00272546284115,-15.4062332211805,-9.94642841046724,-0.0866997922413983,0.0498311752349708,0.00122448579732903,-0.0415911271194389
7.90324581886195,-15.4161539884861,-9.69809942594095,-0.0962879642599281,0.0269931090961898,-0.00319167971927592,-0.0369138764017496
7.80675864327001,-15.4476475172804,-9.43926130222745,-0.099989511824352,0.0014482835108431,0.00350233623241558,-0.0329418123051521
7.71127435244427,-15.4957467419405,-9.32757827035802,-0.0995279828110207,-0.00970467091503705,0.00404369198527499,-0.0383945537450501
7.61159821331501,-15.5447870605325,-9.2940745833123,-0.099147046670614,-0.0130331552777938,-0.000529092458640967,-0.036007163314256
7.51459700082549,-15.5833267473842,-9.41813382520338,-0.0999977927812488,-0.000664408668238849,0.00299658029172312,-0.0378752781834812
7.42510525873565,-15.5613461601896,-9.99500460337099,-0.0841778649928968,0.0539822845500044,-0.0053138770969382,-0.032001697355339
7.33635928181647,-15.5362932923494,-10.0506379333252,-0.0810459652094995,0.0585794462525943,-0.00770001170967616,-0.0335265784124736
7.23585520705611,-15.5366626570027,-9.74415361380243,-0.0949431631737394,0.031397384708996,-0.00556091158662408,-0.0317667493622409
7.13865160734734,-15.5441973124321,-9.7564528899377,-0.0945498267654633,0.0325627127036566,-0.00265377294330604,-0.0400973681330239
7.03617437093107,-15.5833268704226,-9.33964535579765,-0.0996378407887198,-0.00850298082802242,-0.00283939562755553,-0.0306265771624794
6.93709659810588,-15.581766744621,-9.68913422474795,-0.096526090133468,0.026128794911852,-0.00255168269172124,-0.024568669110332
6.85033683453637,-15.653053869392,-8.90976706680653,-0.0870287356590078,-0.0492544329943463,0.000268972089501496,-0.0220326917765661
6.76054918293822,-15.7428300879215,-8.85825533701142,-0.0843772384856727,-0.0536701185533618,-0.00541041311248069,-0.0361060999761467
6.73004909945041,-15.8730533783819,-8.12849105038756,-0.0271074754292547,-0.0962558298278725,-0.00339260805855313,-0.0339674606325548
6.69732461780409,-15.99583545191,-8.16177830458764,-0.0302959593122859,-0.0953003402373167,-0.00242852233403368,-0.0274817332907666
6.70217816402418,-16.1254133445015,-7.77969027815107,0.00742230364690074,-0.0997241666226056,-0.0025687574268084,-0.0298537259689429
6.69151626092871,-16.2498532372728,-7.95408539461233,-0.00999366583760753,-0.0994993801142813,-0.00066823725786247,-0.0249405126569897
6.69400278582217,-16.3643910210283,-7.72591454001109,0.0127717305678448,-0.0991810611876198,-0.0102852056743837,-0.0153567225679261
6.67299412012778,-16.4869465762847,-8.02632093640625,-0.0171487464895011,-0.0985186301865735,-0.00385991920489481,-0.024036925069792
6.63389241514879,-16.6106595851142,-8.1563604982096,-0.0297791984151068,-0.0954630784217317,-0.00932250656388078,-0.0282499304078012
6.58561174597893,-16.7404660372297,-8.10740829551477,-0.0250722635180024,-0.0968058965253866,-0.0232084056518523,-0.0330005555900481
6.54545085208352,-16.869436534603,-8.12048880823614,-0.0263363532703163,-0.0964696661983501,-0.013824540625102,-0.0325008311749961
6.49022443664708,-16.9816529133585,-8.35870323712447,-0.0483563775761517,-0.0875309130976745,-0.00687003786028317,-0.0246854656577753
6.40698436121043,-17.06722968139,-8.70745567082841,-0.0753568672728592,-0.0657369192677956,-0.00788320816379484,-0.019839848763791
6.34891618111088,-17.1780501864734,-8.46078226710197,-0.0570242177940401,-0.082147663295908,-0.00104396230550807,-0.0286728417874826
6.24865931785322,-17.2528905457274,-9.06260277104927,-0.093512834691752,-0.035430915143601,-0.00674402856590439,-0.0394094441103761
6.1532824845623,-17.3254484755021,-9.00878415658163,-0.0914715176813514,-0.0404099177562912,-0.0039053156095743,-0.032148012018359
6.06060684501567,-17.3878863677013,-9.08406246450739,-0.0942515815466358,-0.0334161544160584,0.00157594200000533,-0.0290217377831876
5.9731076633135,-17.4557152433137,-8.95385596117614,-0.0891150348329981,-0.0453708118366152,0.00161585313083101,-0.0224580637757636
5.90797307476506,-17.5588747358782,-8.56562113586851,-0.0653076230143116,-0.0757292174541673,0.000173034465875688,-0.027430275110353
5.86591017298827,-17.6798322493536,-8.27774572280175,-0.0411194504176123,-0.0911547628890204,-0.000943451359176728,-0.0298027505863594
5.78786860680332,-17.7654859189743,-8.72484894531162,-0.0764887914855133,-0.0644163393642146,-0.00155277469944037,-0.0212373302565361
5.78094107667584,-17.8835619590553,-7.92196484805294,-0.00679308596444248,-0.0997690031176001,-0.000134444163038094,-0.0183070369634155
5.74985085301914,-17.9915051836048,-8.19987001367331,-0.0339032576009455,-0.0940774634226706,0.00281303394424881,-0.0138657611267305
5.78462576020102,-18.10630065441,-7.5847370932128,0.0266003271016506,-0.0963972126053715,0.00817458008023098,-0.0183982581998912
5.82186959407869,-18.2205968748881,-7.55229303407624,0.0297132965674467,-0.0954836111963459,0.00753053731022213,-0.0188126092817225
5.82914111534297,-18.3437283487807,-7.83812642259286,0.00158545470890442,-0.0999874308769158,0.00568606655537318,-0.0231440430156908
5.83562933996957,-18.4643106652789,-7.89743008562424,-0.00434347828409122,-0.0999056264501436,0.0108317029106892,-0.0206766900481039
5.78910886496684,-18.5605682150018,-8.57529091570582,-0.0660368432032255,-0.0750941764703003,0.0195163682004976,-0.021163373252584
5.74630365008049,-18.6724418235437,-8.47169435347808,-0.0579172073953879,-0.0815205316930626,0.0151119925090359,-0.0303530768488294
5.70768224888064,-18.7938142278182,-8.35497353274054,-0.0480295775677171,-0.0877106588657653,0.00940817636786151,-0.0336617454087218
5.62946378632217,-18.8873610649694,-8.8017518885111,-0.0812116478579786,-0.058349535149748,0.00299318529950909,-0.0351973020014817
5.53616915780528,-18.9478731499001,-9.2129777488239,-0.0977654058142189,-0.0210220224046376,0.0044707772973368,-0.0394900625260668
5.46374602894142,-19.0497242847956,-8.74534828363887,-0.0777931207313432,-0.0628349454275139,0.00536999186747666,-0.0390161894679721
5.39339164849105,-19.1567809611465,-8.72016080550802,-0.0761859592283362,-0.0647742203076062,0.00583157877796658,-0.0422824560432531
5.30668163113375,-19.2432127924725,-8.89321190794821,-0.0862014320896975,-0.0506883922183893,-0.000508585267597339,-0.0357434391076161
5.21307288611174,-19.3231783209343,-9.03747811109974,-0.0925932252817693,-0.0377689638714054,-0.00101551974024583,-0.0421965645904407
5.1162272384502,-19.3823732457722,-9.19550982941463,-0.0973832983828488,-0.0227264866637376,0.000537650721312843,-0.0364684381741682
5.02623138200507,-19.4373861804917,-9.29790757431268,-0.0991962741907861,-0.0126530307304768,0.00920041774564739,-0.0423599039889382
4.9380759827648,-19.4387629824966,-9.80534193341309,-0.0928455298901939,0.0371444151846427,0.00469013064993085,-0.0385212171896114
4.87881206791555,-19.3976207554881,-10.3368853808363,-0.0612080571807163,0.0790795405662057,0.00194414233146101,-0.0379373135577161
4.82124369325656,-19.3535512431017,-10.3941801629565,-0.0565792544997921,0.0824547631143754,-0.000989120159197499,-0.0383852507278952
4.81981302111747,-19.2856542303174,-10.9533201410457,-0.00422415741245909,0.099910742636389,0.00279348527337531,-0.0320137298521281
4.82381750161514,-19.2254890276769,-11.0724984912422,0.00768483617642809,0.0997042792107814,-0.00368035567876268,-0.0395390765702359
4.8192574852419,-19.1613664916842,-10.9242553005144,-0.00712585429662209,0.0997457878837162,0.00256583792338716,-0.035623251891046
4.85678955049644,-19.1036259137265,-11.3262621744766,0.0324693721823483,0.0945819214759573,0.00506269307218388,-0.0368413435182937
4.90936585797481,-19.0467281669941,-11.497601615134,0.048120369947503,0.087660880648756,0.00445593753086959,-0.0307631339163166
4.9408689561646,-18.9746619460361,-11.3035137333308,0.0303095655241475,0.0952960137557569,0.00119353266564037,-0.0232297927978209
4.98306030029445,-18.9047329768978,-11.3844399820494,0.0379139041316245,0.0925339714564224,0.00427743999822994,-0.0226050023180626
5.02555302822377,-18.8393446012119,-11.4371977841011,0.0427407764279773,0.090405895993202,-0.000248048498654341,-0.0250175203073084
5.09943877642848,-18.7907691014929,-11.718846558501,0.0661841249356298,0.07496440226204,0.00770162326907819,-0.0263889025430473
5.12604689553969,-18.7159429096889,-11.2763454213584,0.0277096668650111,0.0960842045407574,-0.00110154775380378,-0.021258012736773
5.16883309920506,-18.645644197579,-11.3410110370988,0.033860765924507,0.0940927655614699,0.00892543774085897,-0.0237940534515886
5.25806971221565,-18.5982862959282,-11.7267403520504,0.0667738102839944,0.0744396282913686,0.0224628027265978,-0.0270817266405388
5.31643985468665,-18.5322275031919,-11.4074448855125,0.040032419391926,0.0916373580895311,0.0183377230790734,-0.0255785653532286
5.34897607439113,-18.4702110506495,-11.2463856760393,0.0248190042101175,0.0968711362069124,0.00771721549436599,-0.0348546836645269
5.41014741962838,-18.4023845992372,-11.4871949148541,0.0472055202221088,0.0881568991092591,0.0139658250151408,-0.0203304476969635
5.5068763708488,-18.3717350238276,-12.0295492393211,0.0859338591115366,0.0511407064694904,0.0107950921088799,-0.0204911310598526
5.60999917863514,-18.3386772526752,-12.1333870901813,0.0907717961863579,0.0419580864327999,0.0123510115999867,-0.00890031528037838
5.69035081622346,-18.2929557129852,-11.7161526887767,0.0659819406994572,0.0751424214510905,0.0143696968888624,-0.0294208817611405
5.77216293851041,-18.2520244143699,-11.8197906944527,0.0734015844224118,0.0679132343824056,0.0084105378645436,-0.0269819357670897
5.84474926135917,-18.191828240957,-11.6844325012459,0.0635656169346195,0.0771972301557589,0.00902070591414117,-0.0170010567428953
5.92724164498963,-18.1387905308842,-11.7497961199978,0.0684721743933719,0.0728804592043962,0.014020209237083,-0.0198427491315698
6.00094520151928,-18.086540572067,-11.6757614464234,0.0628938542627703,0.0777455020948055,0.0108097022668819,-0.0254955432775681
6.09513678176788,-18.0787643493636,-12.1249402965965,0.0904141509170645,0.0427233111304156,0.00377742933153435,-0.0349470884270886
6.19812645750379,-18.090063577592,-12.3711687120652,0.0981008527645959,0.0193964606786672,0.00488882297131454,-0.030695688906988
6.30567240221226,-18.074751784091,-12.2803555976585,0.0959375778847869,0.0282131378900053,0.0116083668236869,-0.0129013443890358
6.40854833560933,-18.1163979606084,-12.8489699471067,0.0960333852133922,-0.0278852815021873,0.00684254818367469,-0.013760895015217
6.50401413932553,-18.147943095235,-12.7568511273465,0.0981913372600131,-0.0189330738943882,-0.002725533543811,-0.0126120607322378
6.58958594173211,-18.123746364875,-12.1306184383733,0.0906552811005772,0.0422092407960073,-0.0050834786940035,-0.0180125104359696
6.69208409651919,-18.1121699411131,-12.313817491343,0.0968277611758568,0.0249876902828421,0.0056703936112239,-0.0134112665209614
6.79259990109308,-18.10143683693,-12.3855372302449,0.09836941507489,0.0179849430864824,0.0021463894990057,-0.0072518389034073
6.88205833467116,-18.1505209245252,-12.9543787731968,0.0925664499535326,-0.0378345390219064,-0.00310801637545333,-0.0112495485733106
6.97637057278585,-18.1785397271899,-12.7139613061527,0.0989128250315646,-0.0147055446779467,-0.00460058691687548,-0.013313257986713
7.06968579284855,-18.1800318318726,-12.3792038397171,0.0982535372858898,0.018607590139786,-0.0049383172231926,-0.0200996948224663
7.16206896382284,-18.2066471418256,-12.6644850892904,0.099519063485502,-0.00979571349972161,-0.00713589251121016,-0.016819596453292
7.25676034579162,-18.2324271051223,-12.7055051999702,0.099033638800968,-0.0138686115325003,-0.0043422568321867,-0.0119113517641622
7.34116330898317,-18.3059261744962,-13.1181440794646,0.0851596214313297,-0.0524198328657447,-0.000756658239783103,-0.021079236508168
7.40707727283013,-18.3994775359864,-13.4553562664438,0.0630199923744173,-0.0776432905094084,0.002893971472545,-0.0159080709808066
7.47247103657535,-18.4978533596492,-13.473091054127,0.0616331669342318,-0.0787486681389413,0.00376059681098895,-0.0196271555238603
7.50048159908556,-18.6126568489548,-13.8272514762153,0.0304978129776877,-0.0952359354633427,-0.00248725046747533,-0.0195675538422613
7.5366214630417,-18.7190493242293,-13.7063564991686,0.0417607329451676,-0.0908627601599379,-0.00562086898903424,-0.0155297151145852
7.56254084300129,-18.828897552422,-13.8008741273283,0.0329989841492294,-0.0943984483194449,-0.0070796041896346,-0.0154497798732685
7.52093941585796,-18.9405345373705,-14.5432023816478,-0.0394970224819593,-0.0918693921557098,-0.0021044046613764,-0.0197675927927357
7.45043743534596,-19.0317240763694,-14.8933351948856,-0.0686139006765127,-0.0727470455341909,-0.00188807983548411,-0.0184424934647716
7.36903881640754,-19.1087898201737,-15.0924852192083,-0.0816497539287501,-0.0577348913861848,0.000251134990325252,-0.019330852418058
7.27218052853018,-19.1750970315623,-15.2336602190491,-0.0889611248148375,-0.0456718542614475,-0.00789716306251376,-0.0206353571271976
7.17629120631125,-19.229581351455,-15.3229491238313,-0.0926793120627854,-0.0375572245456029,-0.00321001015614364,-0.0169270953471035
7.07938364262326,-19.248939286144,-15.6620759080161,-0.0998947359826274,-0.00458712578431967,0.00298717229463674,-0.014770808904693
6.98012390910041,-19.253076466592,-15.910523297376,-0.0979554767509454,0.0201177676319961,-0.00130425677190726,-0.0242549480799603
6.89585398681232,-19.2024223246172,-16.4055702873651,-0.0766381596352254,0.0642385591971497,-0.00763176265286425,-0.0135844172223152
6.7858182772435,-19.2092576039948,-15.8430190263799,-0.0990893825119634,0.0134645561901536,-0.0109463270568546,-0.0202998355678083
6.6828018217932,-19.2034889908305,-15.9948242085061,-0.0959136773953795,0.0282942836717077,-0.00710277805492732,-0.022525670507374
6.58238651678149,-19.2092601361491,-15.9664250165367,-0.0966784289156412,0.0255593697575531,-0.00373687609606632,-0.0313305150762133
6.4829132441352,-19.2102655913229,-15.9642483358673,-0.096733834429635,0.0253488713070221,-0.00273943821665323,-0.0263543264807673
6.38414991920379,-19.1911991513776,-16.1937108359726,-0.0884326179475331,0.0466869583818185,-0.0103307069838722,-0.027620518436489
6.27490222226355,-19.2085233955197,-15.7251280169978,-0.0999852689311927,0.00171639061902183,-0.00926242800904709,-0.0190406347611187
6.1690021194723,-19.2572377413427,-15.4834110621426,-0.0974893915066456,-0.0222669832636568,-0.00841071128461346,-0.0264473625593524
6.06485324899009,-19.2711589898412,-15.8689929315592,-0.0987062715912156,0.0160334633988162,-0.00544259889098675,-0.0299547118973038
5.9774090283906,-19.2432427004808,-16.3070185300318,-0.0825868685666325,0.0563862495681152,-0.00485735203286419,-0.0284699602077758
5.87614935875936,-19.2569559482294,-15.863443942047,-0.0987937210123284,0.0154854992989643,-0.00246594861891036,-0.0291987470474986
5.79179899899829,-19.220240163984,-16.3850356038383,-0.0779410278520653,0.0626513860769542,-0.00640933190899651,-0.025935601831641
5.70185456485051,-19.1823043004585,-16.3199971421027,-0.0818481183032712,0.0574533334995779,-0.00809631584451598,-0.0195174699740122
5.62660805606578,-19.1286486568513,-16.5405267184734,-0.0672981894185668,0.0739658955261322,-0.00794831936616003,-0.0203102519189251
5.5471714313562,-19.0729551184762,-16.5409526537043,-0.067266678634084,0.0739945534856375,-0.0121699460754976,-0.0183010151105272
5.44180707236857,-19.0573457528054,-16.1786800077049,-0.0891243457611099,0.0453525191434185,-0.0162400132265176,-0.029743153472662
5.32950401938424,-19.0800571339811,-15.7160795932959,-0.0999967062812243,0.000811623623705343,-0.0123063467031095,-0.0235230047994115
5.22793071820483,-19.0548423413866,-16.1931076850599,-0.0884607611418879,0.0466336116786794,-0.0131125400375212,-0.0214188190841789
5.11342957550248,-19.0595857481821,-15.9845842647018,-0.0961983756669343,0.0273106667630685,-0.0183027670354141,-0.0320540735585659
5.01941195859464,-19.0352751060589,-16.3290562854324,-0.081324288903498,0.0581924396665099,-0.0126933280043473,-0.0338817975433372
4.92933120495962,-19.0114500143735,-16.3186599236148,-0.0819248727616409,0.057343833347527,-0.00815588087337837,-0.0335187416620784
4.85694245751497,-18.9625909072738,-16.6728137735742,-0.0569539761638038,0.0821963782604372,-0.0154347712808391,-0.0333372711608
4.79597675660125,-18.9014706259966,-16.7620901990671,-0.0493987024951309,0.0869469274431107,-0.011566998418591,-0.0258266461658181
4.76670866550779,-18.8323402878859,-17.1302220410382,-0.0147991948584892,0.0988988565734734,-0.0144688962349776,-0.0297685184628698
4.75012092309956,-18.7615151230686,-17.2610960677973,-0.00176626084569937,0.0999844003963866,-0.0148214815625309,-0.0291592355790868
4.77165497832367,-18.7033555447726,-17.6751228367932,0.0386066098577135,0.09224711201601,-0.017072554633602,-0.0340875337199229
4.80423726762953,-18.6447653274931,-17.8115400697717,0.0507930397478793,0.0861398114298514,-0.0182107504420194,-0.0275495941503685
4.85692679437591,-18.5981933784127,-18.0105866733009,0.0668230013340834,0.0743954736036077,-0.0141334745877048,-0.027823524523221
4.92597431032223,-18.555047354901,-18.0778271105152,0.0716706111095026,0.0697375329588769,-0.00262309516318204,-0.0265915094471723
4.96787391803496,-18.4983572863579,-17.8005660107084,0.0498446968717512,0.0866920192045568,-0.00794508915901893,-0.0300019506615037
4.98011703249548,-18.4329796157839,-17.5036624745414,0.0223011688878663,0.0974815770606675,-0.0100580544273405,-0.0321039064866611
4.9843194365194,-18.3686801075787,-17.3847258606398,0.0105768063998871,0.0994390826907575,-0.00637440237596998,-0.0351395744854841
4.94984355612622,-18.3036427975628,-17.0437458606811,-0.023285634206349,0.0972511143360739,-0.0111902461868352,-0.0322138043201754
4.98080103030183,-18.2456469626417,-17.7082079652587,0.0416369326720276,0.090919556959243,-0.0106794584964127,-0.0329237220382055
5.00581864166914,-18.1805086754882,-17.6187284242048,0.0333457705807686,0.0942765060042784,-0.00832815921346064,-0.0291382188507718
5.05943641088774,-18.134027574487,-17.9404924430405,0.0614484867458932,0.078892860745696,-0.00783071752728759,-0.0324117597444875
5.12105261507631,-18.1011278455807,-18.0930161122381,0.0727215466363666,0.0686409255096022,-0.0111053424478003,-0.0357411966032863
5.18386425449884,-18.0552702057582,-18.0372831949753,0.0687850546940566,0.0725852343850707,-0.00597341527152662,-0.026727594562594
5.19865272179147,-17.9933575609686,-17.6225751978544,0.0337081833459134,0.0941475351537059,-0.0189197160532885,-0.0322348903640588
5.16260262310766,-17.9265713249549,-17.0245453572481,-0.0251484977307144,0.0967861201923512,-0.0109016009530958,-0.0299998841787179
5.09787490344683,-17.8794608867031,-16.6909605082047,-0.0554530848352041,0.0832163168030144,-0.00927463482561874,-0.0361058785511936
5.02134013087886,-17.8336820554032,-16.5106068568259,-0.0694807882485662,0.0719195388219217,-0.00705398431940585,-0.0261407075219928
4.95213137372769,-17.7886892078712,-16.5161535131247,-0.0690808085317545,0.0723038165839057,-0.000127948619414786,-0.0273109690519675
4.8776899238462,-17.7631400245106,-16.3144259489714,-0.0821669300588742,0.056996452562419,0.00772548017738334,-0.0314472692018199
4.78168041140014,-17.7588720704576,-16.0901508372949,-0.0927850999932328,0.0372951098570013,-0.00322441245282573,-0.0330271558039748
4.68438210186488,-17.7601014546486,-16.0532353900483,-0.0940983386974308,0.0338452752150667,-0.00319997083782997,-0.035074659406078
4.5870610489288,-17.8147686992782,-15.4595226638,-0.0969297044202466,-0.0245892741048536,-0.000391348515833057,-0.0300779705246903
4.48861554046494,-17.8805002085738,-15.332349941008,-0.0930282802102087,-0.0366843165553195,-0.00541722825365365,-0.0290471927403182
4.38249712536065,-17.9278765491665,-15.6230617384496,-0.0996398029588887,-0.00847995674009222,-0.00647861214540313,-0.0388963838526379
4.31553780475265,-17.8858214569277,-16.6121345726435,-0.0618337074599424,0.0785913011837714,-0.00512561314805354,-0.0365362089448986
4.23317376647412,-17.8536039122245,-16.3696694934119,-0.0788944966505844,0.0614463863726007,-0.00346954162794411,-0.0292288416694539
4.1724718413062,-17.8011543628484,-16.638802841372,-0.0597160752867003,0.0802121583823372,-0.000985849881225853,-0.0277626090062633
4.13692520789538,-17.7441440514765,-16.9326353585904,-0.0339254454347312,0.0940694645039243,-0.00162118797608896,-0.0370591531319278
4.08858923713829,-17.6872465448485,-16.7173569272405,-0.0532374092194466,0.0846509200162714,0.00490143846235902,-0.0277534133883357
4.04047168229471,-17.6299632727707,-16.8243901503071,-0.0438895822989636,0.0898537954992581,-0.00422797254461782,-0.0325705234214411
3.9718894701713,-17.5947127017155,-16.5900463651065,-0.0635544238999405,0.0772064453445869,-0.0050277882234635,-0.0419558742894033
3.88058387070649,-17.5815795971741,-16.2508147082648,-0.085623916836735,0.0516579603307747,-0.00568168262808266,-0.0385248557893263
3.78460692538791,-17.5752652207987,-16.1847152514261,-0.0888490107812473,0.0458895770648827,-0.00712793453733035,-0.0395752006895336
3.69295246558351,-17.5634276320862,-16.1972646845994,-0.0882661414695286,0.0470009390340359,-0.00338831833487163,-0.0351633503215325
3.58687272391158,-17.5873594573825,-15.8806504749932,-0.0985126580964618,0.0171830205368444,-0.00756708357546332,-0.0411148458331141
3.47974250438721,-17.6208606637115,-15.6882510537497,-0.0999805720596754,-0.00197109376237011,-0.00714964746469782,-0.0315301125666352
3.38638053400583,-17.6223648194498,-16.1753273530282,-0.0892758959202397,0.0450534616609927,-0.00408607446113812,-0.0465576173992872
3.28905540034071,-17.6413616708676,-15.9170621247451,-0.0978218369811337,0.0207578469412536,0.000496703316013314,-0.0397546983590686
3.19091028207501,-17.6689073949363,-15.7555604908514,-0.0998867466022776,0.0047579253054656,0.0017416283365797,-0.032303649374164
3.10020498019337,-17.6887071167007,-15.8824625214263,-0.0984813599487101,0.0173615017395556,0.00777605806706194,-0.0371612235039223
3.0052220127516,-17.727111120968,-15.6698224864738,-0.0999272728565288,-0.00381315347931818,0.00494430541476087,-0.0345908507879962
2.91704898386418,-17.7135847933824,-16.257868919191,-0.0852573833155838,0.0522606791974579,-0.0029156455718351,-0.0387343516119323
2.81923692637244,-17.7226275283773,-16.0704504886318,-0.0935017745970104,0.0354600923181238,-0.00431028289472607,-0.0445028273130177
2.7310119082026,-17.7164511015763,-16.2085494650881,-0.0877301373246751,0.0479939892590068,-0.000494880845169465,-0.041817562457922
2.62827539201246,-17.726475050322,-15.9548722075139,-0.0969672532274693,0.0244407815243263,-0.00576926296266517,-0.0344647302700913
2.52780399904644,-17.7417705105234,-15.8953264100314,-0.0982498814667289,0.0186268835765335,-0.00222151149929467,-0.033922343777931
2.43140304517375,-17.7581330348601,-15.8935240804305,-0.0982832936551755,0.0184497747490459,0.00188233978249047,-0.0348122990857291
2.33999799290221,-17.7464880071905,-16.1068450351715,-0.0921495878398847,0.0388388138456799,0.000744535568343807,-0.0271937861760669
2.25736970820816,-17.7247973922006,-16.2191542966116,-0.0872162455674265,0.0489216364109212,0.00458796087337254,-0.0272310214210059
2.17736940788059,-17.7228598288385,-16.1160245422273,-0.0917891892918586,0.0396830534251506,0.011788888964294,-0.0377454900630596
2.09142311473832,-17.7640608947822,-15.6521310843383,-0.099844178847539,-0.00558031811464561,0.0138978857052664,-0.035620747829082
1.99504780910775,-17.7823634256353,-15.7782884992488,-0.0997528199892351,0.0070267278441155,0.00337751435866163,-0.025329258697159
1.89715820897433,-17.7975696655068,-15.7336002730451,-0.0999671389983852,0.00256341968423845,0.00207753886496476,-0.0177696595558317
1.80158529220302,-17.8194353448167,-15.6451617286672,-0.0998028631388341,-0.00627602655277668,0.0042299463675291,-0.0155896527570469
1.69508156443076,-17.848043653843,-15.6982664324575,-0.0999952986059115,-0.000969668352885273,-0.00650842916634981,-0.0276386406734055
1.59011790769496,-17.882731548112,-15.7096718962838,-0.0999998540294962,0.000170862750348815,-0.00496380270630586,-0.0348587570194283
1.50250706686546,-17.949466786406,-15.3435641699546,-0.0934338084050526,-0.0356387913224892,0.00582296757555623,-0.0310964469714463
1.40569400594092,-17.9817095833028,-15.6313839539645,-0.099706923701665,-0.00765044874176446,0.00289386277712594,-0.0245923481550321
1.2985558653538,-18.0115248412686,-15.7563442182905,-0.0998829870093926,0.00483620782033906,-0.00725515357773365,-0.0346514657861832
1.19639390268643,-18.0371495669536,-15.8066102096311,-0.0995138334861438,0.00984870270096759,-0.00264812918122737,-0.0354734283859344
1.0918893938578,-18.0580745632445,-15.8865346573867,-0.0984098452263709,0.0177623861719567,-0.00609466360225697,-0.0386873824628324
0.991937975314338,-18.1093411213101,-15.5799112033237,-0.099181253127076,-0.0127702399406934,-0.000770165416384971,-0.0384963181249596
0.899298577106386,-18.1838817263876,-15.4436854735894,-0.096528140152869,-0.0261212204658985,0.00388874194491723,-0.0484193846115737
0.85402810356619,-18.3178923977463,-14.7111740154766,-0.0543001267151397,-0.083973187617952,0.00902965317494286,-0.0500374837407982
0.772001970293176,-18.4206498875055,-15.0446492430132,-0.0787956012536593,-0.0615731534280511,-0.00323053201935447,-0.0411843363310922
0.695501466513989,-18.5227325400662,-14.9822075852698,-0.0747998088328252,-0.0663700881314227,-0.00170069494636133,-0.0357125644293248
0.595067400764862,-18.5935050550678,-15.3841785183161,-0.0948038066677473,-0.0318156917464385,-0.0056302590813796,-0.0389568232551127
0.487607669457945,-18.6547816626249,-15.4729724401382,-0.0972516476971652,-0.0232834065417082,-0.0102080836097523,-0.0379932010154107
0.393303262661519,-18.7505555382527,-15.0787704062183,-0.0808502766337139,-0.0588492376182729,-0.0134541301627115,-0.036924638009534
0.31054616046187,-18.8533732099118,-15.0024102786874,-0.076125307958216,-0.0648454893440305,-0.00663179424143306,-0.037972182315027
0.219995353308633,-18.9325093873871,-15.2096540085533,-0.0878391891398931,-0.0477941089596416,-0.00271161801334457,-0.0313420685157162
0.118024698550104,-19.0032056813749,-15.3637838730477,-0.0941352661636441,-0.0337424312150131,-0.00783538859488492,-0.036953862772819
0.0298979115979301,-19.076074042208,-15.2621703699042,-0.0902269072490338,-0.0431173423145984,0.00210012029686013,-0.0297510185184642
-0.0572488610103795,-19.1594038049779,-15.1803127159051,-0.0863992412391598,-0.0503504827513845,-0.00074753136914979,-0.0329792800184663
-0.150185340510973,-19.1987195099704,-15.6641440973285,-0.0999040093752392,-0.00438051489577704,0.00696752987464588,-0.0349351900967889
-0.250869272893041,-19.2242784368197,-15.715367777576,-0.0999972586743841,0.000740444196630037,-0.000686673707684216,-0.0262993710459192
-0.347922278628359,-19.2251359538589,-16.0393461981822,-0.0945593310119439,0.0325351028671131,-0.00249367472337403,-0.0333926199062695
-0.444027639526821,-19.2321878116088,-15.8951514445592,-0.098253139024336,0.0186096929546005,0.00214777812587424,-0.0256615507045552
-0.530925001324807,-19.2166859856356,-16.0580941962477,-0.0939327809769467,0.0343020794987266,0.00703541917896061,-0.018800253525459
-0.571434714213057,-19.153214800494,-16.748065372461,-0.0506132199231355,0.0862455910120182,0.0101035070348854,-0.0227744058704857
-0.570573919726345,-19.0830412126746,-17.1192571463988,-0.0158826990345603,0.0987306430211896,0.016743493521272,-0.0285570552017447
-0.525400151335215,-19.0019771538455,-17.519028706437,0.0237964016223697,0.0971273971123847,0.0213773667687605,-0.0160633382833488
-0.474219352325312,-18.9274066808121,-17.6492696012972,0.0362090877971194,0.0932142798121645,0.0149717112127836,-0.0186438067786945
-0.464375039811426,-18.8538469614384,-17.3449633550903,0.0066155409782014,0.099780933136375,0.00322877153568507,-0.0262212137626712
-0.453383726409228,-18.7788419748765,-17.3419610500567,0.00631593881475433,0.0998003452743941,0.00467537458744322,-0.0247953587125522
-0.40471122086119,-18.718524825275,-17.6684579535561,0.0379909407163826,0.0925023698263148,0.0106815648316558,-0.0321852202247541
-0.324121508950619,-18.6739994997769,-18.0511157243413,0.0697824795396209,0.0716268493604346,0.01080723237095,-0.0271015238623669
-0.254892203732799,-18.6235325800636,-17.9635985703179,0.0632548302932151,0.0774520912860108,0.00597447492460412,-0.0269851715727292
-0.202736783846613,-18.5605166149099,-17.804904122665,0.0502203063589112,0.0864749722706929,0.00193511352727527,-0.0234590071169833
-0.16087079831419,-18.4898102230134,-17.6617860315972,0.0373729311311731,0.0927537816946813,0.00449305440124981,-0.0220473897981819
-0.0892266720507464,-18.4389074623979,-17.9954754738857,0.0656912099656398,0.0753967169925205,0.00595291629780381,-0.0244939563770288
3.62415663071186e-05,-18.4068199408753,-18.2706345371232,0.0837053270384308,0.054712139652817,0.00555758657862271,-0.0226246181302301
0.0805109764341058,-18.3613383046713,-18.1360462638509,0.0756069496650265,0.0654491341604315,0.0048677852027722,-0.0199674979564115
0.190484592126776,-18.4040203059514,-19.0289627696016,0.0983949711447702,-0.017844597317391,0.0115786445479004,-0.0248374039627457
0.285073518756078,-18.476714360459,-19.3575857102876,0.0873704625448094,-0.048645680946062,0.00721846408449178,-0.0240483735615342
0.355740248438786,-18.5759659188819,-19.6940185583544,0.0664133118776919,-0.0747614339444906,0.00425341780501676,-0.024490124478401
0.423472499137354,-18.6785074324828,-19.7069391477219,0.0654418334693539,-0.0756132688895895,0.00229041722921364,-0.0269282447112857
0.491968918724943,-18.7847211343248,-19.7531542162017,0.0618787309101937,-0.0785558569486951,0.00661768867739521,-0.0276578448932518
0.600654643909528,-18.8533136792601,-19.2251553099619,0.0930287915261726,-0.0366830198754126,0.0156569336584133,-0.0319095250599091
0.693425085112352,-18.9317563753333,-19.3603650933362,0.0872349202709892,-0.0488883287228574,0.00553552093183429,-0.0295543673503786
0.764423792316915,-19.0391060010423,-19.6679995646978,0.0683358304388207,-0.0730083165004971,0.00266287676574217,-0.0343413092084646
0.860638522602518,-19.1199760388294,-19.3200377765053,0.0891349959193858,-0.0453315839393583,0.00707973436621789,-0.0355384538477352
0.941111799661095,-19.2010672867905,-19.3233324284083,0.0889851606325184,-0.0456250061611493,-0.00851188357394173,-0.035466241800016
0.992494703839103,-19.3249879703126,-19.8310113914329,0.0555813193276957,-0.0831307220093313,-0.00419841514968766,-0.0407899615127292
1.03273710225329,-19.4579230435116,-19.905523291946,0.049238598382103,-0.0870376954506837,-0.00899619996791934,-0.0458973777483322
1.07802456899283,-19.5865061167376,-19.9135410437089,0.0485391765957054,-0.0874296765143903,-0.00325170985615852,-0.0411533967116178
1.15238306284692,-19.6897682862519,-19.5752343496009,0.0748049360053506,-0.0663643093027827,-0.000446442151262993,-0.0368978602114822
1.22534480360737,-19.7901161458643,-19.6527814580003,0.0694389230837376,-0.0719599608182965,0.00352281767670881,-0.0283878987941613
1.32509819964081,-19.8392918754239,-19.0627870999137,0.0977352239207652,-0.0211618998475535,0.00201817211267385,-0.0280138297119805
1.41233778131909,-19.9316551917268,-19.4305252420135,0.0835931046213145,-0.0548834479581046,0.00364647705697252,-0.0374798683448496
1.47960182412629,-20.034487546779,-19.5973240498133,0.0733208375523934,-0.0680004027974506,-0.00605679474519716,-0.0348319522547555
1.51166246890942,-20.153884796913,-20.0421014864817,0.0369295447156677,-0.0929312042701132,-0.00486889993253914,-0.0264660458638204
1.42500755598561,-20.2370535547008,-21.3993441463376,-0.0829935413041258,-0.0557859489638777,-0.00366137161968583,-0.0273828088239725
1.3430662288148,-20.3196887697228,-21.3633570538716,-0.0809326650401807,-0.0587358811076663,-0.00100866213063,-0.0238993339143292
1.26630219319702,-20.4199338560805,-21.2154820125274,-0.0713954470812554,-0.0700192126210204,-0.00536858853651712,-0.0302258737366543
1.1798710143904,-20.5093709538997,-21.3375867641728,-0.0793923193784443,-0.0608018060892199,-0.00703885942817983,-0.028635291730037
1.10325453013494,-20.6063089903457,-21.3327058200547,-0.0790946046348329,-0.0611885897668795,0.00247812037937756,-0.0357494466790271
1.01235446916425,-20.6838792945933,-21.4516376179351,-0.0857960013296078,-0.0513716473927976,-0.00510405964109129,-0.0261986568548984
0.919833001269178,-20.7597246358899,-21.5037372107104,-0.0883548179899687,-0.0468340275650034,-0.00416664990509841,-0.0290113137315196
0.825851009272855,-20.8244717240649,-21.6743296144663,-0.0950231262340603,-0.0311545418952976,0.00104113423773666,-0.0335925462797313
0.728049970311316,-20.901176920492,-21.5663671990936,-0.0911128854385308,-0.0412121596991125,-0.00668815352300789,-0.0354930367279778
0.618879383584877,-20.9049661539721,-22.3082373353205,-0.0950147172949607,0.0311801779558536,-0.0141558694314787,-0.0349694114360055
0.509114026498826,-20.9674656021747,-21.6903408465433,-0.0955097477390215,-0.0296291762765771,-0.014255609347029,-0.0328702719259759
0.398322148679734,-21.0214140372566,-21.7811031234791,-0.0978021438867631,-0.0208504352749024,-0.0129897339323292,-0.0330979998069871
0.2952713613415,-21.0924452359677,-21.6813258860821,-0.0952387645152867,-0.0304889772475524,-0.00781202282294746,-0.0405422214635252
0.189771405068306,-21.1355771065496,-21.9077571851602,-0.0996524952565859,-0.00832947712261296,-0.00584746101660827,-0.0348023934593087
0.0815812550545156,-21.1522527395419,-22.1551358798402,-0.0986584187068123,0.0163253305715781,-0.00953173130697765,-0.0330009635639037
-0.00928822152063401,-21.1333953076409,-22.6077601398381,-0.0815842580672336,0.0578274055757219,-0.00928521850791603,-0.0389699736747211
-0.0827571406785507,-21.1093693669673,-22.6903311818358,-0.0765368510934823,0.0643592295222225,0.00306793193556559,-0.0403332888486503
-0.165430866188184,-21.1083365572266,-22.3705915299668,-0.09288711109367,0.0370403103749444,0.0102133855840367,-0.036007500634188
-0.266402004954417,-21.1273476039485,-22.1668249232753,-0.0984608555967707,0.0174774115689903,-0.002510283169462,-0.0364884582908935
-0.370089961726762,-21.1391497187988,-22.1994727515287,-0.0978378883237202,0.0206820600607205,-0.00585006844862496,-0.0324841749110476
-0.473657499088448,-21.1852376052245,-21.9668344892726,-0.0999704427176193,-0.00243116902810248,-0.00359709464406682,-0.0436567173975426
-0.577720967783164,-21.2486019704714,-21.7542545789189,-0.0972071593552565,-0.0234684505257968,-0.00685630933945941,-0.0398959147211464
-0.678142884752,-21.3301818572797,-21.5284342956762,-0.0894844199032919,-0.0446378605510092,-0.0109374970655442,-0.0369420262572753
-0.743538861826075,-21.4526864120084,-21.0191805516577,-0.0563675043028615,-0.0825996637926989,-0.00902847277121305,-0.0399048909360253
-0.826170622260192,-21.5423973042321,-21.4011092484039,-0.083091879860085,-0.0556393700657835,0.000460119425967132,-0.0340715221578911
-0.923641792214529,-21.5963225735936,-21.7488772078436,-0.0970795559728734,-0.0239908276662092,-0.000391613981462757,-0.0299344416953176
-1.02973093021756,-21.6511743099393,-21.8037110567897,-0.0982484957971105,-0.0186341909833824,-0.00784064220592062,-0.0362175453623408
-1.12690186240714,-21.6855259351387,-21.9261301839558,-0.0997887048917916,-0.00649725911588326,0.00261777270220864,-0.027854366083524
-1.23449326236031,-21.7341969852027,-21.845101952867,-0.0989354134945123,-0.0145527989290679,-0.00865598645865862,-0.0341182511348919
-1.35125742380693,-21.7515451938233,-22.0605200601765,-0.0997594763343926,0.00693158578449135,-0.0170046851122272,-0.0242797944050572
-1.45597533997338,-21.8245994950627,-21.6499207411071,-0.0942344488196531,-0.0334644386723605,-0.0104834673467962,-0.0395898625671052
-1.56409211057934,-21.8541810783701,-22.0922683530986,-0.0994891750221614,0.0100947537567655,-0.00862759558379622,-0.0396763370641402
-1.6723835906895,-21.8774029895788,-22.1172608831076,-0.099205837676937,0.0125778285414146,-0.0090856424332203,-0.035799739750086
-1.77461851646555,-21.9227891251036,-21.9244243431884,-0.0997774764205121,-0.00666747322110454,-0.00245744935553827,-0.0387186623036939
-1.88334089981392,-21.9702213688338,-21.9304945097215,-0.0998161106039827,-0.00606168820490635,-0.00890627274438616,-0.0413705555253152
-1.99178411478433,-22.0110955650364,-22.0138325075517,-0.0999742730636922,0.00226819870961735,-0.00846894190672304,-0.0431423949122198
-2.09115032841446,-22.0422647191886,-22.1288069953114,-0.0990540032580962,0.0137224064414765,-0.000312210372027943,-0.0448915605936868
-2.15799089508189,-22.0064812852475,-22.8910318619303,-0.0621701388625616,0.078325435420493,-0.00467042780487703,-0.0425420014793509
-2.2440522829222,-22.0084993915338,-22.3818420470569,-0.0924645187489172,0.0380829722124094,0.00640313090861372,-0.0401010784987861
-2.32483097449089,-21.9995038022757,-22.4584436227304,-0.0892790060848236,0.0450472981709895,0.00850031451613387,-0.0360517089128614
-2.38921895938294,-21.966645122681,-22.7430102746242,-0.0730418595082142,0.0682999762780507,0.00865387461615758,-0.0354412966833131
-2.45417063319515,-21.9319230898866,-22.8625904837607,-0.0643723784800316,0.0765257923109821,-0.000579295332178376,-0.041803759516565
-2.54144423510017,-21.9276983424826,-22.3432363886841,-0.093865475933107,0.0344858293774606,0.00659187402809197,-0.030261081973542
-2.63912579174313,-21.9320129624631,-22.3048139795279,-0.0951209011737646,0.0308547267025802,-0.00256065546919748,-0.0351693466829914
-2.72755547394797,-21.9446969871523,-22.2768305805326,-0.0959469678586725,0.028181188029018,0.00751728565383436,-0.0408652127182307
-2.80364243779011,-21.9310678699255,-22.4908614799245,-0.0877720166494537,0.0479173569104977,0.0116850528073147,-0.0342882396836899
-2.90091077000442,-21.9460278500915,-22.2336548749994,-0.0970739170666705,0.0240136341550622,-0.000194415147644178,-0.0389736143210868
-3.00580093545583,-21.9707811470688,-22.1871170407339,-0.09808595532795,0.019471655486974,-0.0068042101234555,-0.0442249524642619
-3.0708434126596,-21.9356507599129,-22.8709606249005,-0.0637295993492046,0.0770619112583503,-0.00131287785457096,-0.041931524102484
-3.10205215127253,-21.8827491796666,-23.1965545575182,-0.0357313897257692,0.0933984356842511,0.00452265111284655,-0.0404968554379117
-3.07439135410574,-21.8252019204937,-23.7199633652003,0.0157361667997943,0.0987541039878802,0.011924630366994,-0.0412068448150507
-3.02990271053716,-21.7700122291526,-23.9077607869861,0.0338964374003835,0.0940799209797813,0.0105922061681931,-0.0388902296386355
-2.98355650863396,-21.7316659402511,-24.0575397679509,0.0475555030682072,0.0879685973966263,-0.00120930116500906,-0.0496223084951346
-2.98009213267174,-21.6817258915971,-23.5960124780244,0.00340609866799954,0.0999419756251789,5.82772942221421e-05,-0.05000192697117
-2.97505835704812,-21.6294966166017,-23.6449509223117,0.00829107346480771,0.0996556977839258,-0.00325729784118833,-0.0474264227885399
-2.99297971051875,-21.5767916694263,-23.3584559923444,-0.0202087478380612,0.0979367474996881,0.00228739436743014,-0.0452318003242311
-2.98336794632732,-21.5187916503628,-23.6547724946632,0.0092694334860496,0.0995694611959295,0.000342330705385196,-0.0415694421325057
-2.96435780428104,-21.4586645016342,-23.806973818169,0.0242584377416312,0.0970130310748788,-0.00524829569535074,-0.0368858823462794
-2.94442098258514,-21.400670877916,-23.8113657287877,0.0246842749745595,0.0969055548922782,-0.00474745327865905,-0.0389119311740167
-2.90340283663779,-21.3562900926645,-24.1408823582088,0.0547134849468688,0.0837044477012348,-0.0136953389995244,-0.039323662449803
-2.83643957646069,-21.3270967921823,-24.437728735381,0.076804570118077,0.0640395035035204,-0.00984130994097931,-0.0348462030212673
-2.76813144524236,-21.3073959635625,-24.5254874407913,0.082121814064328,0.0570614375457186,-0.0138136828459917,-0.0373606089259724
-2.70576197887689,-21.2787234735592,-24.4212792172151,0.0757408077367923,0.0652941807772964,-0.0133713413713205,-0.0366216907739236
-2.66698746684382,-21.2268256733805,-24.0131769502616,0.0436074598060177,0.0899910520511153,-0.00483294777294924,-0.0380932518724784
-2.63948481753346,-21.1763859739903,-23.9055992623638,0.0336930023078258,0.0941529691272923,-0.0061903529974664,-0.043713269737097
-2.66816196671086,-21.1182676483655,-23.3950939532805,-0.0166077858299061,0.0986112643151277,-0.0120693633474914,-0.0404929386902815
-2.69593482538819,-21.0560362369353,-23.3908175411707,-0.0170293350905841,0.0985393411098968,-0.0107435235867477,-0.0363079296797402
-2.75642436092391,-21.004843434847,-22.9570244337981,-0.0568696659326436,0.0822547329745195,-0.00361986960308214,-0.0310619308862066
-2.82237606650948,-20.9484452642954,-23.0210675370817,-0.0514888317115077,0.0857257266459961,-0.0144628738740591,-0.0293275560943833
-2.84094551287284,-20.8725869300226,-23.5186960357039,-0.00432353849027391,0.0999064913552824,-0.0142459078730842,-0.0240481570825075
-2.88565731978407,-20.806105876689,-23.2200326329947,-0.0335289281753384,0.0942115225193447,-0.0111828787358972,-0.0277304691857481
-2.92383108837355,-20.7402798658812,-23.3107895218993,-0.0248523255932507,0.0968625929479851,-0.0133214429962229,-0.0310365821401852
-2.95049621057512,-20.6747913332802,-23.3862571053974,-0.017478538785057,0.098460655502283,-0.00918658341651746,-0.032972122901235
-3.00962572116936,-20.6306219504135,-22.9527644793487,-0.057219550276402,0.0820117251749181,-0.00190996031783264,-0.0378423423082381
-3.08203243879692,-20.5946219710764,-22.7620691561285,-0.071726951662377,0.0696795838479467,-0.00067976596518976,-0.0336796045108336
-3.11588975735369,-20.528313095382,-23.308029571755,-0.025119566527179,0.0967936329387766,-0.00873775202959029,-0.0304847572443663
-3.1088927267743,-20.4668915203544,-23.757993035866,0.0194794697701428,0.0980844037422571,-0.0124824391907503,-0.0366628287146256
-3.12954687501589,-20.3992378810521,-23.4806816805166,-0.00811738111270003,0.0996699961065073,-0.0125367671288923,-0.0320163568042702
-3.12654961969546,-20.3286559011923,-23.7158724102619,0.0153320376579048,0.0988176533887371,-0.0123347823374704,-0.02823567352889
-3.1108504252377,-20.2612892623126,-23.7861497191583,0.0222331152203121,0.0974971209195447,-0.00653392076255496,-0.0301304820398443
-3.09748061575854,-20.1910601192166,-23.7532050691907,0.019009623428635,0.0981765461660854,-0.00563981394947172,-0.027947403070069
-3.09390174289384,-20.114872611809,-23.6757625380855,0.0113572054390544,0.0993529762242436,-0.00777833257435576,-0.0231654688166429
-3.13768370852281,-20.0474149628584,-23.2170137901472,-0.033813184742899,0.0941098748141904,-0.0099687808860727,-0.0266522258636606
-3.22169753264642,-19.9995690763502,-22.7844825634706,-0.0701473098725684,0.0712695932192816,-0.0138665142510429,-0.0234237067110179
-3.27345653779265,-19.9336171180836,-23.198569555853,-0.0355431196221449,0.0934702447173746,-0.0162158855240822,-0.0275182864508494
-3.31498117817379,-19.8704303804715,-23.3260412539887,-0.0233721700901445,0.097230353621065,-0.018152470290991,-0.0340436160089368
-3.39474670323173,-19.8230313349303,-22.8786433010017,-0.0631356827061718,0.0775492460906333,-0.0166298423517732,-0.0301502005494179
-3.42506022657048,-19.7581980798508,-23.305852447347,-0.0253302386097943,0.0967387151660125,-0.00498328472895418,-0.0319054600865201
-3.43980786067953,-19.7017675719718,-23.481494666879,-0.0080363480914778,0.099676562487641,-0.00671128601756808,-0.0432460546086517
-3.43825141356487,-19.6368832710882,-23.5947795723071,0.00328287707734069,0.0999460990639208,-0.00172642996268868,-0.035061798180287
-3.44384532990097,-19.5661190446086,-23.4945153587432,-0.00673784573248555,0.0997727489592485,0.00114392939639138,-0.0290085224796357
-3.5136954499079,-19.5139594577552,-22.9084851736876,-0.0607937011885307,0.0793985257785032,-0.00905641881840218,-0.0272389389251906
-3.55861275425049,-19.4472314073773,-23.1324036227162,-0.0416453797094554,0.0909156881338709,-0.00327192463313869,-0.0241876377559649
-3.55351532041099,-19.3695949720886,-23.6587190502466,0.009662316691989,0.0995321035452568,-0.0045648828524856,-0.0218956682565263
-3.5691575526333,-19.2949372983618,-23.4746006855922,-0.00872332003392545,0.0996187918396209,-0.00691891218838565,-0.0249611181127847
-3.61181517346063,-19.2256453513599,-23.0884584057128,-0.0455991975977726,0.0889983886283302,0.00294157677044504,-0.0197064416264929
-3.63537965573622,-19.1569475626624,-23.2561448774246,-0.030105617995839,0.095360640544664,0.00654113572024632,-0.0266628518470924
-3.62830866803693,-19.072214821898,-23.6090593803603,0.00470970497883545,0.0998890318253828,0.00236128272045583,-0.015156291060979
-3.57831338106858,-19.010543673229,-24.0978940301401,0.0510657314892336,0.0859784337346843,-0.00107044452088213,-0.02430728506571
-3.54649864326165,-18.9421620959956,-23.898606301204,0.0330337758019039,0.0943862789618785,-0.00121903799497561,-0.0260047017285032
-3.54045063538902,-18.8702275160859,-23.6972450919204,0.0134887763606265,0.0990860883893042,-0.00744076848799083,-0.0271515084796334
-3.52667377140635,-18.7931124395974,-23.7265216097482,0.016383477311654,0.0986487793699371,-0.00260661332898747,-0.0215337028813707
-3.55194061454565,-18.715466820023,-23.3452458616706,-0.021500704178307,0.0976612498375734,-0.00376613896099275,-0.0200156302631918
-3.63011980435951,-18.6624479617929,-22.7755892900437,-0.0707783475292504,0.0706429438870483,-0.00740084228461269,-0.017624085656923
-3.70278205674275,-18.6110569395653,-22.8427034442612,-0.0658814205850309,0.0752305683994097,-0.00678083179820456,-0.0238395461718852
-3.74321304554273,-18.5382119895253,-23.2078208348719,-0.0346768916541401,0.0937950594925289,-0.00575409714584754,-0.0209501094524391
-3.73489615655641,-18.4509827715315,-23.6870997713904,0.0124828393013264,0.0992178347021203,-0.00416595031500677,-0.0119886167083969
-3.72489167227668,-18.3607385529683,-23.7271304019112,0.016443530875633,0.0986387869569679,-0.00643904659590109,-0.00839456839376496
-3.75350409379845,-18.286181153915,-23.2475644184798,-0.0309227377712911,0.0950988132876955,0.00231031624952794,-0.0205414142343727
-3.78863645822343,-18.2127736319331,-23.2797044376509,-0.0278508163527965,0.0960433861777208,-0.007281548072188,-0.0226358641958448
-3.84133094545024,-18.1489410655593,-23.0225825060702,-0.0513589008570054,0.0858036322235853,-0.00133558636980922,-0.0219710658497654
-3.89731061131706,-18.0858955755465,-22.9970424317757,-0.053533344086343,0.0844640815431815,-0.00244632178047477,-0.0214185915303311
-3.98175374979588,-18.0465276687678,-22.581975501549,-0.0830480325421816,0.0557047959413976,-0.00139510593663949,-0.0163368891627371
-4.06488407515392,-18.0056033391919,-22.6941670183315,-0.0762894171502333,0.0646523381702294,-0.00684090820779924,-0.0237280085943219
-4.1674821549012,-17.9970317081278,-22.3150818269252,-0.0947990809233511,0.0318297699659915,-0.00779899882393265,-0.0232581389018627
-4.24722436378959,-17.947931823079,-22.8514259200641,-0.065222725927718,0.07580234839738,-0.0145194829606759,-0.0267024633486486
-4.26305569090095,-17.878777473284,-23.488678943774,-0.00732004283426766,0.0997317250071635,-0.00851128427708544,-0.0305773752120864
-4.23032508605891,-17.8153237714731,-23.8978411674006,0.0329615480068564,0.0944115265896686,-0.00023094316481551,-0.0309578247788131
-4.19816140710873,-17.7514060840748,-23.8945715469909,0.0326526825164136,0.0945187934988714,-0.000489003566239164,-0.0306011061005655
-4.19048223563001,-17.6838908794934,-23.6486824417673,0.00866288205358641,0.0996240657397883,-0.000983710574863817,-0.0321088611583846
-4.18137310258978,-17.6240608442445,-23.7001549081905,0.0137770411609889,0.0990464191015931,-0.00466790812075493,-0.0392163838527289
-4.15294965704385,-17.5678927567107,-23.9310741211542,0.036080344224527,0.093264187985741,-0.00765689867860149,-0.0370961004518726
-4.10857686748355,-17.5204008227912,-24.1525141990205,0.0556833984845588,0.0830623809748423,-0.0113106089242608,-0.0355704470554166
-4.02292037854987,-17.5182260598489,-24.7127903463333,0.0913108967431811,0.0407715603816694,-0.00565440780950134,-0.0385967974393502
-3.9410732669621,-17.5006281250566,-24.6329911342642,0.0877702345586319,0.0479206210886581,-0.00592312297085417,-0.0303226862963584
-3.86009167635585,-17.5128479624765,-24.9995508502999,0.0991143266136234,0.0132796935178484,-0.0181327360073783,-0.0254995309377115
-3.78265285011197,-17.5553930100446,-25.301251481868,0.0985835712011539,-0.0167713890070867,-0.0211447449572778,-0.0257736585610076
-3.71502364346732,-17.6579555961103,-25.9133194026733,0.0710506801367775,-0.0703690333321507,-0.0034214734921276,-0.0321935527336095
-3.66048970514498,-17.7738442381525,-26.1036839857109,0.0564521613284785,-0.0825418286770013,-0.00191822300613068,-0.0333468133651813
-3.62719201947152,-17.8918185105862,-26.3187880917327,0.0375326928387764,-0.0926892494751687,-0.00423500716531659,-0.02528502295851
-3.63730721654598,-18.0251463679538,-26.7544038925189,-0.00508444047167265,-0.0998706586795642,-0.00503075660278957,-0.0334571986880547
-3.61487151958448,-18.1509589278036,-26.4151036131782,0.0284451209898031,-0.0958690517939729,-0.00600942402830769,-0.0299435080558546
-3.54234224185153,-18.23495346095,-25.7079807112478,0.0839062039426,-0.0544035746982017,-0.0113769262096497,-0.0295909584481535
-3.47845527623958,-18.327330617331,-25.9291149452397,0.0699303459368809,-0.0714824923820384,-0.00604338032492872,-0.0208946639989556
-3.38305737024136,-18.355952845912,-25.2073550353191,0.0997217681106815,-0.00745445939552079,-0.00432386211245736,-0.0211677691855314
-3.29217932672628,-18.4248654297771,-25.501304764014,0.0932845831335609,-0.0360275804016556,-0.00240653961848175,-0.0328850034633703
-3.20368672834129,-18.4181085896681,-24.7449864657059,0.0925760340958487,0.0378110818555123,-0.00408343571086539,-0.0310542417465065
-3.11402559888687,-18.4456973541994,-25.0579030095904,0.0997200927255805,0.00747683802162576,-0.0100589632711524,-0.0350656025529297
-3.01607629237093,-18.470932987449,-25.1809740965825,0.0998837020718868,-0.00482141684720938,-0.00193439555595323,-0.020414216402429
-2.93545614398154,-18.4562244246796,-24.78219838648,0.0939186435037111,0.0343407688094316,-0.0132984951143221,-0.0196322060400824
-2.87068658519152,-18.4190271837628,-24.5528074503996,0.083649893914756,0.0547968543627283,-0.0188803351247303,-0.0175996134458991
-2.80081885311213,-18.3852849304969,-24.4868947628763,0.0798590586781992,0.0601874633709707,-0.00999132659881602,-0.0264452101050345
-2.70770536239043,-18.4170875593377,-25.1618488473515,0.0999576403177843,-0.00291035085521778,-0.00684414959608115,-0.0288922779855838
-2.61591722405881,-18.4244282650677,-24.9242516215946,0.0978344655367925,0.0206982451703078,-0.00604632720517431,-0.0280389509003172
-2.53927749313354,-18.3929016691703,-24.5487599219034,0.0834274174950888,0.0551349799138456,-0.0067876865698199,-0.0236083840164376
-2.45190305332008,-18.4006607067675,-24.8301782306855,0.0954575934465152,0.0297967758893443,-0.00808315363305159,-0.037555813486609
-2.36592480598574,-18.4121875774765,-24.8685721349602,0.0965309789749584,0.0261107276447085,-0.0105527316406206,-0.0376375983536441
-2.2844809882137,-18.4447117578962,-24.9991017589952,0.0991083528240984,0.0133242035594641,-0.0176645350520523,-0.0458483839791484
-2.2049209877054,-18.4516026457489,-24.7152335278995,0.091410236445377,0.0405483498184608,-0.0118502359370835,-0.0474392376711563
-2.11249031526028,-18.5057702740107,-25.1708123706342,0.0999275381605495,-0.00380619457883186,-0.00749686571542832,-0.0503614336829941
-2.01617401607781,-18.5656707365256,-25.2802142145527,0.0989145552765988,-0.0146939019471578,-0.00259825609412134,-0.0452065605677348
-1.92084858445257,-18.5849231454267,-24.9171345152026,0.097684677363338,0.0213940133780591,-0.00235924573810486,-0.0406464222792273
-1.8517261945337,-18.5482499554503,-24.2848111481192,0.0661536820790274,0.0749912684743162,0.00296870783984038,-0.038318078497916
-1.80595654592856,-18.497008379997,-24.054420743472,0.04728089598719,0.0881164960415955,-0.00151124738204172,-0.036874920588275
-1.79089471198271,-18.4425347217972,-23.7325227055662,0.0169751795262465,0.0985486848215221,-0.00191334558040546,-0.0440750266216909
-1.81129006077434,-18.3830217869968,-23.3823867364035,-0.0178594859898621,0.0983922698192186,-0.00253586280175921,-0.0388793350188301
-1.8822547808383,-18.3572305193789,-22.7389847743144,-0.0733162085331363,0.0680053936561334,0.00235148846916883,-0.0422141260382176
-1.97665628380495,-18.361922751558,-22.4316078129747,-0.0904555960298516,0.0426354916341339,-0.00394590693679164,-0.0473277238132432
-2.07784855112828,-18.3990977946337,-22.0780019619341,-0.099623061502722,0.00867442314075503,-0.00156920582061126,-0.0458494662164135
-2.17917089880506,-18.4175010052361,-22.221787275077,-0.0973520587185185,0.0228599357668852,-0.00397028895826307,-0.0412631463693174
-2.27272718898023,-18.4317998998923,-22.1717441940396,-0.0983736884879747,0.0179615537543644,0.00481739831280692,-0.0322604484106179
-2.36945060679233,-18.4577257361519,-22.0545767507039,-0.0997989107581276,0.0063385654127169,0.00307549294602744,-0.0322644016722897
-2.47224674131067,-18.4637037312798,-22.2475412989533,-0.0967311049133613,0.0253592851287314,-0.00606502960498412,-0.031337280256615
-2.5638337311522,-18.4954885676298,-22.0551736412731,-0.0997951095503396,0.00639813330868607,0.00820811970881102,-0.0381829696586387
-2.65597699222755,-18.5588784064551,-21.6589066037843,-0.0945313471343627,-0.0326163212052281,0.00238808605901986,-0.0307735176200978
-2.74516118734596,-18.6224572943965,-21.7557527026102,-0.0972422088992184,-0.0233227958958779,0.00805801378080356,-0.0402560920455564
-2.82375527073424,-18.6913485986762,-21.5969716389103,-0.0923312973375868,-0.038404837351018,0.0137372139493123,-0.0304864669286928
-2.91616890849689,-18.71621956635,-22.0251642668544,-0.0999421522139583,0.00340091323646941,0.00752851445130243,-0.028271880910264
-3.00856304826892,-18.7606766537372,-21.8290633782417,-0.0986892927533855,-0.0161376422019007,0.00629515298135452,-0.0283194451852324
-3.09572997697892,-18.7814865589723,-22.0625911466283,-0.0997449064772206,0.00713818127050067,0.0125779777672212,-0.0279480865056172
-3.18164499368068,-18.8113341462731,-22.1141822250728,-0.099244090305862,0.0122723485674878,0.0133290736041049,-0.0421199358682713
-3.27078516015947,-18.8236424641838,-22.1695045333501,-0.0984136695151662,0.0177411852072982,0.00927350303637542,-0.0300495031180681
-3.35747872739433,-18.8371727986235,-22.1411023911048,-0.098877797853579,0.0149392466887316,0.0121842306187164,-0.0284695811283875
-3.42275899745679,-18.7967531580221,-22.7451153015129,-0.0728979244986028,0.0684535799195046,0.00761765443614784,-0.0280339393181634
-3.49626970911112,-18.781731778172,-22.4532293124259,-0.0895126819093344,0.0445811594443025,0.0160019702549978,-0.0295597795941767
-3.57392120344779,-18.7732560790646,-22.3724656396184,-0.0928175304080877,0.037214325856365,0.0151660360714188,-0.028738626748968
-3.64159885163131,-18.7347766939289,-22.5847136590767,-0.0828951929000485,0.0559319854293029,0.0152175447165299,-0.0174526002935664
-3.71651821467725,-18.693105387207,-22.7167862178005,-0.0748076426373793,0.066361258299087,-0.000111720408564622,-0.0246899515772299
-3.77911730129978,-18.653335856216,-22.8528382644699,-0.0651156018901822,0.0758943897167591,0.00251651526765334,-0.0361248587257208
-3.83349222046824,-18.5977301493044,-23.052508543376,-0.0487685254382031,0.0873019525931885,-0.00560639373025396,-0.0316962456816263
-3.89500513886178,-18.5452615726364,-23.0385789606586,-0.0499798346001239,0.0866141797475694,-0.0115330837934156,-0.0341456030795193
-3.94319283387401,-18.4913600275819,-23.1593685374811,-0.0391790036066306,0.0920054654702188,-0.00900869140560406,-0.0381039204157609
-3.98297448316299,-18.4369383255087,-23.1661905887957,-0.0385504307691875,0.0922706035935069,-0.00123121851978295,-0.0378489015203094
-4.01596874125455,-18.3750176833207,-23.0714415542959,-0.0471069948684903,0.0882095858422429,0.014112736776922,-0.0262889436542473
-4.10813905930363,-18.3746504976806,-22.3146945381683,-0.0948114011255055,0.0317930529615905,0.00264108307643016,-0.0314258673214702
-4.18491505043368,-18.3471925331883,-22.6633738807307,-0.0782437842689762,0.0622728690785154,0.00146779313892029,-0.0348149045862307
-4.20910198802087,-18.2812044350119,-23.3131777571362,-0.0246209242808735,0.0969216698553811,0.000433986693691046,-0.0309335716790073
-4.29390636716541,-18.2421210969454,-22.7322953799881,-0.0737694796642653,0.0675134347375658,-0.011034899480273,-0.0284300966710092
-4.38270983423814,-18.2109943388878,-22.6210653063963,-0.0808076562847876,0.0589077472473665,-0.00799581078794523,-0.0277809891897718
-4.48262962410285,-18.2023447140408,-22.4410206183895,-0.0900502751752395,0.0434850312275804,-0.00986951468946867,-0.0348354063806191
-4.55811166606668,-18.1701439684978,-22.8085018328271,-0.0684153970062422,0.0729337607180534,-0.0070666449575936,-0.0407330151749825
-4.65058262673339,-18.1808909220861,-22.2909953744318,-0.0955381751815903,0.029537384497815,0.00306721451488023,-0.0402843380861881
-4.74687526774017,-18.1948190790586,-22.2749688514655,-0.0959992672875312,0.0280025120347647,-0.000293373719245732,-0.0419306690072183
-4.8546356528602,-18.1987066785323,-22.2814508366199,-0.0958157399394449,0.0286241852260751,-0.0119446451805878,-0.03251178469975
-4.96434440508713,-18.2475966665683,-21.8370322889165,-0.0988147572785003,-0.0153506919710828,-0.0108939949484302,-0.0335392960649799
-5.05782946706652,-18.3276769220274,-21.4208153341501,-0.0841721100907318,-0.0539912574670541,-0.00931295188865339,-0.0260889979919945
-5.12840670360379,-18.4386602172359,-21.1226250496866,-0.0645954356206026,-0.0763376034270436,-0.00598180091666567,-0.0346456917814564
-5.15474483368111,-18.576893203982,-20.6294800712667,-0.020760680453266,-0.0978212356654596,-0.00557744962405385,-0.0404117510806969
-5.14851583195964,-18.721259397694,-20.3398889230131,0.00803765288451061,-0.0996764572810858,-0.00180865116304388,-0.044689736430918
-5.18174715849461,-18.8698230251673,-20.6810911911895,-0.0257794588609741,-0.0966199746472506,-0.00745186767399048,-0.0519436528260293
-5.19302457715847,-19.0146602772286,-20.4549628851094,-0.0034603727198015,-0.0999401111698404,-0.00781704594405974,-0.0448971408914929
-5.27973222745385,-19.1230291706718,-21.3272118152877,-0.0787572422258632,-0.0616222102571525,-0.00795040806952252,-0.0467466831859937
-5.37272306013957,-19.2249165442811,-21.4220357564838,-0.0842379395265569,-0.0538884917614155,-0.00875289315916156,-0.0479988818478603
-5.42511773867811,-19.3535818908415,-20.9919364812007,-0.054096513818927,-0.0841045016193464,0.00170183528038567,-0.0445608449410635
-5.51563264336787,-19.4525933818229,-21.4260929017916,-0.0844558790729339,-0.0535462836247108,-0.00605902561682148,-0.0454652073566777
-5.61465921840444,-19.5017010853659,-21.9678510026984,-0.099972862383449,-0.00232954649234063,0.00094628734687266,-0.0467781570506567
-5.71633691959727,-19.533358710635,-22.1122442632567,-0.0992676872686342,0.0120799943847937,-0.0024100139241956,-0.0437376196538928
-5.81753990471459,-19.5836629675209,-21.9447465815623,-0.0998923620650736,-0.00463853436553431,-0.00131062305223903,-0.0456657225203756
-5.91618014480921,-19.6148769549882,-22.1665583581756,-0.0984655109665098,0.0174511647205607,-0.000174729128118195,-0.0486651521879011
-6.01855650153125,-19.6393656397687,-22.1518675399589,-0.0987112484044078,0.0160027947072788,-0.00366510831762737,-0.0404914794877982
-6.12366080224589,-19.6560624526459,-22.2016807738188,-0.0977919834137208,0.0208980377071762,-0.00731231730092213,-0.0375948505843766
-6.20408506370262,-19.6252855783611,-22.7028146397445,-0.0757274826792208,0.065309634565417,-0.00469677877750296,-0.034532760280559
-6.27548580511416,-19.5815558156898,-22.9133022788844,-0.0604105262741215,0.0796904531000023,-0.0109902151374263,-0.035960690428702
-6.3382087811261,-19.541084110247,-22.9228701772979,-0.0596453026375789,0.0802647984690152,-0.00307767337436193,-0.039793093026244
-6.44287857000915,-19.5674203699823,-22.1189419635314,-0.0991845531661893,0.0127445836818381,-0.00548523571685228,-0.0390808434171106
-6.55607304874082,-19.5924882604538,-22.0662531322757,-0.0997180978225063,0.00750339700809305,-0.0134763809091624,-0.0325712874795947
-6.67023807996379,-19.6537538846016,-21.76107028749,-0.0973648544199665,-0.0228053748879233,-0.0168001768030115,-0.0384602492599058
-6.78847116693203,-19.7032178120973,-21.8293382212104,-0.098693724343392,-0.016110517534535,-0.0195393626248405,-0.0333534099611192
-6.90248644680764,-19.7577290572105,-21.8499676240709,-0.0990050512162108,-0.0140712413693845,-0.0150102286593986,-0.0404400037438961
-7.0060395487713,-19.800895566846,-21.9836318101939,-0.0999971749255477,-0.000751669414979974,-0.0035559270381133,-0.042414840220534
-7.11341610337467,-19.8479260571065,-21.9570053464527,-0.0999417176590451,-0.00341365952604008,-0.00743483694432467,-0.0436168307344609
-7.21898809218971,-19.9050382067035,-21.7967751608416,-0.0981168888299711,-0.0193151786511826,-0.00745509998507282,-0.0377969709457595
-7.32376011297707,-19.9712278077001,-21.7918867420285,-0.0980212961937535,-0.019794582402679,-0.00675072459360193,-0.0463950185939623
-7.42149559051044,-20.0472486959676,-21.6767320840751,-0.0950976997721697,-0.0309261620322062,-0.0026377777612015,-0.0450947262353054
-7.49875755257814,-20.1551847262817,-21.3545142498355,-0.0804101176709296,-0.0594492470612308,0.0031481556032269,-0.0484867832528622
-7.55061088404803,-20.2936360968987,-20.9817712081602,-0.0532387883725245,-0.0846500526439621,0.00138545690263309,-0.0538013179729582
-7.60649287312943,-20.4239556067936,-21.0179119185302,-0.0562626703013885,-0.0826711069876124,0.000380681219995682,-0.0476484029073028
-7.6683621356559,-20.5510700833721,-21.0385252250892,-0.0579547216754589,-0.0814938662447678,-0.003914540851019,-0.0456206103337955
-7.66171642043816,-20.6941129650459,-20.2854724859725,0.0134471166398354,-0.0990917506862941,-0.00680140142209273,-0.043951130987498
-7.66073410844799,-20.8418550797644,-20.3247695194056,0.009543725383705,-0.0995435447721269,-0.00856141339353494,-0.0481985699462975
-7.65538351658785,-20.9690979481095,-20.2349379612788,0.0184353735495102,-0.0982859959612254,-0.0130847816893674,-0.0289568723839153
-7.61017957142224,-21.0827084147932,-19.825936267141,0.0560025004639029,-0.0828475705243706,-0.0107985552983009,-0.0307628961593096
-7.59777558814493,-21.2122412879045,-20.1418474401677,0.0274918377945975,-0.0961467568598938,-0.0150878545172842,-0.0333861162513998
-7.57365569186558,-21.3383075742216,-20.0143922706666,0.0394900896454876,-0.0918723724510876,-0.0153701933661337,-0.0341939138660692
-7.51410526933134,-21.45388156688,-19.6388879335072,0.070431966607041,-0.0709882953722983,-0.0108815440728022,-0.0445856972861094
-7.46454862955654,-21.5741381639738,-19.6677051747682,0.0683573203904869,-0.072988195956828,-0.0188006806156889,-0.0472684011369537
-7.42812002732224,-21.6914944993439,-19.8440940739982,0.0544890210176586,-0.083850739940308,-0.0180604187833623,-0.0335055954297729
-7.36987521322623,-21.7858904306736,-19.5447173606136,0.0767950308550888,-0.0640509425064609,-0.0185502167590775,-0.0303449888231988
-7.29270520449478,-21.8572932995208,-19.3505694212186,0.0877096213625383,-0.0480314721868918,-0.0105396126310837,-0.0233713966603624
-7.23184617773234,-21.9692049418153,-19.6969193113359,0.0661961683165879,-0.0749537677518747,-0.0053371415541541,-0.0369578745425905
-7.16315077119067,-22.0745257314702,-19.5320532077668,0.0776000019582954,-0.0630732882928467,-0.00890459541661914,-0.042247501362052
-7.10380004561996,-22.1765597743978,-19.4946430589854,0.0799047377012424,-0.0601268067744799,-0.0205540121305386,-0.0419072361530972
-7.08029283734709,-22.3114551756673,-20.0600816218443,0.0352527498843783,-0.0935801454668108,-0.0117455416115059,-0.0413152558027576
-7.09140995005353,-22.4474603283137,-20.4133932498192,0.000695894234662032,-0.0999975786267556,-0.0118130069410977,-0.036007574019596
-7.12536724748707,-22.587385624378,-20.756122777405,-0.0329496767803155,-0.0944156703099265,-0.00100762065323001,-0.0455096257544199
-7.12945562307254,-22.7419834699116,-20.3770317668192,0.00433069331202282,-0.0999061814676009,-0.00841906889749489,-0.0546916640659312
-7.11048103986732,-22.8916132610297,-20.1916659573467,0.0226698212858924,-0.0973965050854788,-0.00369523808066452,-0.0522332860326493
-7.095670272914,-23.0394685569426,-20.2050156272751,0.0213676287034971,-0.0976904521618643,-0.00655686175018522,-0.0501648437510127
-7.10704930777606,-23.1860552864821,-20.4382620151275,-0.00179088093538435,-0.09998396244136,-0.00958815392666812,-0.0466027670981681
-7.07876715753375,-23.3293532403721,-20.0996039212781,0.0315276811017635,-0.0948999753653577,-0.00324553085945756,-0.0483979785246262
-7.02722708918818,-23.4640040552783,-19.8984371323811,0.0498541199987048,-0.086686600574453,0.00168594834686131,-0.0479642143317349
-6.98669680105177,-23.5958659905326,-19.9148031035104,0.0484287964883348,-0.0874908662129451,-0.00789850835192107,-0.0443710690413717
-6.97106977752192,-23.734866774207,-20.1649194784621,0.0252664160519997,-0.0967554040862176,-0.00963939252215207,-0.0422453795882376
-6.92586873019367,-23.8551001039727,-19.7924896016906,0.0587416373261389,-0.0809284872232539,-0.0135405899978879,-0.039304842542375
-6.9212360740833,-24.0018048522195,-20.2866103453763,0.013334355478653,-0.0991069874628874,-0.0087016993682798,-0.0475977607839155
-6.95746785447661,-24.147505773703,-20.6503860607511,-0.0228010445419439,-0.0973658685977601,-0.013430735851372,-0.0483350528857436
-6.92053595069479,-24.2847299257179,-19.9814826022572,0.0424916503580023,-0.0905232547462435,-0.00555974657617975,-0.0467008972686429
-6.90878249780539,-24.4393052251318,-20.2670350264946,0.0152717277266832,-0.0988269919214486,-0.00351827483728595,-0.0557483074924505
-6.83163913647375,-24.5337237743962,-19.3985311119927,0.0853059729152198,-0.0521813279343079,-0.00816261158357767,-0.0422372213301045
-6.76318164353415,-24.6325626844277,-19.4757607000414,0.081025761850652,-0.058607387900515,-0.0125682689110466,-0.0402315221310268
-6.6969651141635,-24.7374199040242,-19.5840455214031,0.0742172924536118,-0.0670208437790443,-0.00800076308296838,-0.0378363758174451
-6.60998069513951,-24.7881012423713,-18.9213389384079,0.0997424705361388,-0.00717213854770618,-0.0127580515121483,-0.0435091997994341
-6.52423648042527,-24.8160391544226,-18.6109704107123,0.0971673230815066,0.0236328442040757,-0.0114231083672625,-0.0515707562553303
-6.43998609114913,-24.8476026714642,-18.7062921532781,0.0989755286656181,0.0142774201227465,-0.0147251393894783,-0.0458409371643178
-6.36271287694634,-24.9305011482027,-19.1994538862417,0.0939407695636979,-0.0342801956496782,-0.016667555360911,-0.0486182810888316
-6.2783229943736,-25.0155160103709,-19.3295484182254,0.0886998387628195,-0.0461772520127586,-0.00430995619008046,-0.0388376101554471
-6.21639375233382,-25.1060112261963,-19.5204833415893,0.0783245414022356,-0.0621712651803828,-0.0163952993624483,-0.0283239506450244
-6.14056382203125,-25.1768308190578,-19.2951293402129,0.0902363684429402,-0.04309753833144,-0.0144064381403767,-0.0277220545301127
-6.0634419634343,-25.2503379705147,-19.2441108536284,0.0923167738717838,-0.0384397354557226,-0.0151949152748267,-0.0350674160011764
-5.98072926114383,-25.3097366246455,-19.1103813712007,0.0966177441870798,-0.0257878170499173,-0.0139050418966161,-0.0336108370808716
-5.87939846178481,-25.3427085065481,-18.9640554237427,0.0993452090354739,-0.0114249482142369,0.0019855903235485,-0.0215469336883807
-5.79148957049452,-25.3692493030507,-18.8331237607951,0.0999864995084478,0.00164314212628066,-0.0120776082181554,-0.0281839386288283
-5.71803984126477,-25.4715457139986,-19.5537220703022,0.0762151650732271,-0.0647398533583507,-0.00276543584348421,-0.0375565575895358
-5.6309214399516,-25.5440788990051,-19.2939889113172,0.0902854594306196,-0.042994602165876,-0.003167058117443,-0.0295385828406474
-5.55011716393052,-25.6199177669584,-19.3514055561076,0.0876694299177124,-0.0481047924629481,-0.00686515389663855,-0.027734075490315
-5.45215385797811,-25.6711250259268,-19.0589717438274,0.0978152525461263,-0.0207888520447265,0.000148053406290649,-0.0304184069237365
-5.38627413655359,-25.761628671562,-19.6194133509241,0.0718009910743176,-0.0696032878587339,-0.00592126964979867,-0.0209003577764513
-5.30181605482966,-25.8314796390825,-19.3634000932393,0.0870861426559361,-0.0491528611304566,-0.00262806093200918,-0.0206981063900322
-5.22643380609444,-25.9297715797842,-19.5736185022703,0.0749120728942953,-0.0662433493618777,0.000470175840929232,-0.0320485913397945
-5.14449398133864,-26.0121235275187,-19.3183332121176,0.0892121369929804,-0.0451795818168528,-0.00727231223718117,-0.0371723659176659
-5.05757585557189,-26.0359287099789,-18.7337799051043,0.0993305439895262,0.0115517544444472,-0.0124124182227772,-0.0353569369046127
-4.96642071156926,-26.060577383739,-18.6934968782266,0.0987847481529767,0.0155426359525331,-0.00762960415034852,-0.0401913097126894
