X,Y,Theta,FmPi_x,FmPi_y,Xi_x,Xi_y
0,0,4.77015975908083,0,0,0,0
0.0290570136200034,-0.115440270289867,-1.14104091596734,0.0416648466781528,-0.0909067684569528,-0.0126078330581494,-0.0245335018329143
-0.0534327915160499,-0.208080746075359,10.1904132958856,-0.0720942218798524,-0.0692995178304915,-0.0103955832562009,-0.0233409579550009
-0.00207636629740189,-0.309623632370043,11.5548730924683,0.0530591976255315,-0.0847627367853044,-0.00170277240688344,-0.016780149509379
0.0194814463540502,-0.228193580906024,13.8603929388073,0.02732538533293,0.0961941958561269,-0.00576757268147794,-0.0147641443921075
0.114875131397932,-0.227556027552459,12.6928806967769,0.0992008266899847,0.0126172890917037,-0.00380714164610328,-0.0119797357381391
0.140143746862236,-0.150164654949645,13.8465602338949,0.0286533545955864,0.0958070209870842,-0.00338473913128189,-0.0184156483842699
0.131340564738137,-0.0751429612367996,7.81824002201988,0.00357340026772215,0.0999361336580851,-0.0123765823918216,-0.02491443994524
0.166613733919861,-0.18569072533358,5.20950131755436,0.0476889380714878,-0.0878963320373143,-0.0124157688897638,-0.0226514320594661
0.0673377564072406,-0.258551046078086,10.0229235953093,-0.0826381248781018,-0.0563111029605286,-0.0166378526345183,-0.0165492177839773
0.122279181547611,-0.205708307691901,13.3067607858979,0.0738205414574309,0.067457598970996,-0.0188791163170603,-0.0146148605848113
0.154185752293015,-0.306403514842308,11.5415642305978,0.0519264363648975,-0.0854613667480356,-0.0200198656194934,-0.0152338404023714
0.222801144792429,-0.37117003322436,12.0604614984129,0.0874734275765627,-0.0484602875353401,-0.018858035077149,-0.0163062308467118
0.280018960705082,-0.333962943969835,6.94811568806695,0.0786959742330636,0.0617004346784445,-0.0214781583204109,-0.0244933454239194
0.201162639143502,-0.278005941672212,8.63914087943582,-0.0706937820513924,0.0707275701496258,-0.00816253951018744,-0.0147705678520033
0.194290101379702,-0.204326355439217,1.48515355136169,0.00855381200248105,0.0996334898526907,-0.0154263497662811,-0.0259539036196951
0.0759391400859123,-0.250870583854989,3.35025205194355,-0.0978309497460654,-0.0207148563061108,-0.0205200115477241,-0.0258293721096609
-0.0344261588707961,-0.285723818873262,-2.91843177055795,-0.0975202776986381,-0.022131322544767,-0.0128450212580702,-0.0127219124735066
-0.087035564267579,-0.214754979085957,1.97599095610385,-0.0394197637171237,0.0919025692159155,-0.0131896416796592,-0.0209337294286103
-0.170084044365656,-0.303827333820993,-2.29826725128156,-0.066498290195632,-0.0746858581061871,-0.016550189902445,-0.0143864966288488
-0.0867945886068524,-0.337697211255613,6.088422713826,0.0981093643365536,-0.0193533622266879,-0.01481990857775,-0.0145165152079325
-0.0147603936423576,-0.364206816183484,6.17145262937881,0.0993764395613614,-0.0111500340854676,-0.0273422445968666,-0.015359570842403
-0.128007803712789,-0.437770755916041,16.2662642092062,-0.0848156404204803,-0.0529745895695643,-0.0284317696499513,-0.020589350162993
-0.0756896863419161,-0.526401627540914,18.1375035363834,0.0757022465756759,-0.065338884773124,-0.0233841292048028,-0.0232919868517486
-0.071637588155513,-0.45136997768962,20.1728492919672,0.024498377386522,0.0969527178857176,-0.0204462792001189,-0.0219210680344235
-0.112245633039429,-0.574775574455036,17.0766626894136,-0.0200723999344585,-0.0979647832686377,-0.0205356449494578,-0.0254408134967788
-0.0366356460769744,-0.557216166917286,12.9792285176351,0.0915977892122512,0.0401228739178539,-0.0159878022497963,-0.0225634663801033
0.0299714542188263,-0.536818219395282,13.0367738060436,0.0891385615747777,0.0453245721477828,-0.022531461278977,-0.0249266246257792
0.0892874337935884,-0.622037545853096,5.73801016834195,0.0855036482524292,-0.0518567848552613,-0.0261876686776671,-0.0333625416025523
0.0684899268411506,-0.550734748874968,-4.69423890517807,-0.00181490787075866,0.0999835291906655,-0.0189825990816792,-0.0286807322125379
-0.0321039473489122,-0.62804000466848,-8.82417454256022,-0.0824994749122315,-0.0565140393106535,-0.0180943992778313,-0.0207912164828584
0.0461552294045515,-0.651798053177802,-12.5202405775331,0.0998936198517001,0.00461136779318516,-0.0216344430982364,-0.0283694163025069
0.122896043726397,-0.720891390680659,-12.9099957816653,0.0941539526915121,-0.033690253673199,-0.0174131383696666,-0.0354030838296578
0.214416848635823,-0.738466884533901,-12.3622818385034,0.0979246073333362,0.0202674931506568,-0.00640380242390992,-0.0378429870038992
0.0942600416785561,-0.749406207218654,-15.9130491330905,-0.0979043501587304,0.0203651226364267,-0.0222524567985367,-0.0313044453211798
0.173538401571104,-0.763053579571979,-12.343146798191,0.0975188847119812,0.0221374597578704,-0.0182405248194337,-0.0357848321111954
0.239285425510676,-0.759178542464266,-11.9850943235463,0.0835762530924787,0.0549091059754386,-0.0178292291529059,-0.0510340688677255
0.29138794026438,-0.883770108363754,-13.4534549428098,0.0631675033991467,-0.0775233288392519,-0.0110649886454436,-0.047068237060236
0.191532537313421,-0.890129897400712,-9.79255701616881,-0.0933128173391271,0.0359543894432196,-0.00654258561183141,-0.0423141784801778
0.278332280357323,-0.965281423657066,-13.063782990298,0.0878820195508896,-0.0477153082318144,-0.00108227650698767,-0.0274362180245393
0.287266085434411,-0.898181849452687,-11.0682896498282,0.00726512985004549,0.0997357402752994,0.00166867522704217,-0.0326361660709206
0.196864189407313,-0.865864045040376,-22.6758080114535,-0.0774634467623699,0.0632409235834953,-0.012938449264728,-0.0309231191711836
0.127721125241769,-0.812035385593791,-22.8711301291326,-0.0637165361136446,0.07707271258804,-0.0054265280518988,-0.0232440531414557
0.124693835588906,-0.74015424372778,-23.5642789742473,0.000233407020455989,0.099999727605443,-0.00326069667331974,-0.0281185857394322
0.208482955092444,-0.824596964779013,-19.4300640911373,0.0836184052820708,-0.0548448930902719,0.000170714221467527,-0.0295978279609606
0.239733802549272,-0.956505053768896,-26.4381320623197,0.0262300585046888,-0.0964986219116139,0.00502078895213887,-0.035409467078269
0.30238853885109,-0.921921952320928,-17.9764815734994,0.0642473690448577,0.0766307743065008,-0.00159263274303889,-0.0420476728585331
0.395099731367251,-0.965009977948423,-18.9780795658744,0.0991752199129145,-0.0128170103856185,-0.00646402739675411,-0.0302710152418766
0.449996059739039,-0.919535532957653,-18.0100122736906,0.0667802575817675,0.0744338444345903,-0.0118839292099794,-0.0289593994438198
0.355650675059833,-0.892764924348383,-16.3820348491302,-0.0781286781008098,0.0624172224487765,-0.0162167065783964,-0.0356466138395066
0.258804244786258,-0.869583103707229,-16.3024235063375,-0.0828450919296002,0.056006167010215,-0.0140013383439741,-0.0328243463690614
0.296630128437869,-0.818385517828552,-17.782173662654,0.0482418865191176,0.0875940659238774,-0.0104160028675073,-0.0363964800452006
0.228077527724717,-0.945428688947329,-27.2934006215808,-0.0556247233722189,-0.0831016856012207,-0.0129278773409329,-0.0439414855175564
0.131751055873153,-0.930034358197706,-28.8426388708254,-0.0842814447825983,0.0538204242398538,-0.0120450270689652,-0.0384260934902305
0.0315591924589614,-0.972316906850661,-34.4018535824538,-0.0987908555441129,-0.0155037692469355,-0.00140100787007924,-0.0267787794060197
0.0414248337640461,-1.1053487385397,-32.9002211708965,0.00863938567147749,-0.0996261060928283,0.00122625563360723,-0.0334057255962072
-0.00467035025250437,-1.22257994437704,-33.5460320159589,-0.0530600747781803,-0.0847621877049779,0.00696489076162987,-0.0324690181323641
-0.0841273304096179,-1.20268525044729,-28.7343429378843,-0.0896048477282909,0.0443956221218917,0.0101478675711774,-0.024500928192138
-0.161058505561053,-1.17648367802184,-28.838364941414,-0.0845106990152176,0.0534597208369002,0.00757952386378236,-0.0272581484114549
-0.189451354449633,-1.29956542832826,-33.2179913229072,-0.0229212396881237,-0.0973376431354262,-0.0054716092004562,-0.0257441071709894
-0.276391842490247,-1.26194918555183,-28.9334053079641,-0.0790561215408693,0.061238302123061,-0.00788436649974456,-0.0236220593466381
-0.307431712749254,-1.37469421792547,-27.0008482069995,-0.0292949908302865,-0.0956127790217052,-0.00174487942872026,-0.0171322533519338
-0.239242469222833,-1.46332370364848,-25.7981914440651,0.0786638895894833,-0.0617413352192321,-0.0104746460630621,-0.0268881505037719
-0.266960088049611,-1.59684814831262,-14.3400792835109,-0.0201522773637356,-0.0979483829221038,-0.00756534146304266,-0.0355760617420382
-0.184888230597414,-1.58852059016463,-12.1912157749473,0.0930450897334985,0.036641660394764,-0.0109732322813013,-0.0283141022467812
-0.109331556083813,-1.68915878385032,-13.1603504432074,0.0828719882654688,-0.0559663609762865,-0.00731531375186778,-0.0446718327093936
-0.213646298096791,-1.75410840136551,-2.91555446002954,-0.0974561954183282,-0.0224118266677355,-0.00685854659465024,-0.0425377908474602
-0.275133012743224,-1.70933981369779,2.18816092678896,-0.0578888249990392,0.0815406888628653,-0.0035978896473936,-0.0367721011951423
-0.201567183920246,-1.81299232151899,5.54403763111439,0.0739043002153557,-0.0673658252356384,-0.000338471392377526,-0.036286682585559
-0.122420667603207,-1.78757314951667,13.2165710385421,0.0795962488569713,0.0605345948024689,-0.000449732539932968,-0.0351154228001564
-0.0366808450610885,-1.76402364902939,19.4237650624459,0.083962213662526,0.0543170937816848,0.001777608879593,-0.0307675932944032
-0.10659887337442,-1.87221000173951,22.8627391372303,-0.0643610019442843,-0.0765353606428286,-0.00555702636904754,-0.0316509920672947
-0.199970981610333,-1.93947921583413,22.3529846502567,-0.0935248444549256,-0.0353992015401757,0.000152736219012906,-0.0318700125544433
-0.126786470624936,-1.90549169585888,25.8962609133705,0.0722406739815602,0.0691468366788382,0.000943837003836934,-0.0351593167035809
-0.18129527847682,-1.85909618618909,27.2836922071285,-0.0548153290537718,0.0836377887125593,0.000306521201887566,-0.0372422790427684
-0.108505826449998,-1.82318856320288,25.8419113049027,0.0758902587129046,0.0651204164029101,-0.00310080668608259,-0.0292127934167095
-0.189672143686665,-1.90094644244224,28.7875090188581,-0.0871190081551031,-0.0490945864436303,0.00595269091843631,-0.0286632927957293
-0.269550134591898,-1.85679272571824,27.4867994930151,-0.0705594629091996,0.0708615706428053,-0.00931852799603361,-0.026707853918797
-0.23077266327784,-1.97385376784014,30.3716264058145,0.0502507138017798,-0.0864573060094496,-0.0114732424877217,-0.030603736112456
-0.342728306737223,-1.99940935293272,34.4334245841219,-0.0992310140376772,0.0123776351963657,-0.0127246294217063,-0.0379332202889464
-0.330854091260921,-1.93833915774437,38.9572938187175,0.0307547325463933,0.0951532785877598,-0.018880517070091,-0.0340830833994055
-0.445013682400715,-1.97060636255265,40.8452129305541,-0.0999989837029159,-0.000450841861379066,-0.0141606074368779,-0.0318163629469059
-0.367302882465989,-2.03592650425104,43.5218921519931,0.089587262583093,-0.0444310970252586,-0.0118764626483671,-0.0208890446731265
-0.273157721354086,-2.04523557951352,37.8246858548088,0.0992125939014371,0.0125244245915142,-0.00506743278953459,-0.0218334998540008
-0.327176328076795,-1.98010622140646,39.7933646599269,-0.0499876772043607,0.0866096537789676,-0.00403092951834805,-0.021480295671902
-0.421308169277421,-2.03756614876857,41.2055803274873,-0.093416807606459,-0.035683330234408,-0.000715033594166692,-0.0217765971276993
-0.325484952068989,-2.05957495293876,37.6860992674026,0.0999915337631798,-0.00130122084477204,-0.00416831655474792,-0.020707583325418
-0.427287661495722,-2.1140762096509,41.097068790301,-0.0967318258435896,-0.0253565350346897,-0.00507088358314312,-0.029144721677453
-0.536514671627514,-2.1440312848833,53.4349793377428,-0.0999610702327086,-0.00279006056054478,-0.00926593989908397,-0.0271650146718518
-0.471775594933721,-2.22897214448373,49.5907267796323,0.0780859604113879,-0.0624706554042069,-0.0133468837175944,-0.0224702041962286
-0.431925965586454,-2.34288804451892,55.537801039094,0.0531126550923057,-0.0847292503746243,-0.0132630257450392,-0.0291866496605619
-0.466594106254917,-2.48014790833708,54.7226135246888,-0.0252494973313918,-0.0967598206101688,-0.00941864333707121,-0.0405000432079969
-0.396468803391347,-2.55965143486905,43.5045474035109,0.0888031796284231,-0.0459782044873658,-0.0186778767648528,-0.033525322044599
-0.381593928420417,-2.49633079024802,38.9460658162273,0.0318211527732827,0.0948019737989637,-0.0169462778023524,-0.0314813291779323
-0.4989457671469,-2.48364096001863,34.1029647153712,-0.0898456730858272,0.0439062071665803,-0.027506165640656,-0.0312163769371914
-0.535331229205883,-2.41667585956029,33.1057292078775,-0.0118725639270595,0.0992927098320813,-0.0245128981319238,-0.0323276093737399
-0.643684481396014,-2.46964562712439,34.7707881424811,-0.0977344244683444,-0.0211655917432393,-0.0106188277217866,-0.0318041758208603
-0.562935745461041,-2.4469562482835,31.9094151710964,0.0880685650657789,0.0473701155503623,-0.00731982913080576,-0.0246807367094797
-0.493059869459442,-2.41253660044666,32.0549895909556,0.080265494498458,0.0596443659780034,-0.010389618496859,-0.0252247181411569
-0.594050483874811,-2.48329682987314,28.7848463070295,-0.0872494238984744,-0.0488624398631948,-0.0137411905168943,-0.0218977895632935
-0.663480303337084,-2.44245969597161,27.3736878523815,-0.0621103785964007,0.0783728324779178,-0.00731944086587211,-0.0375356985763808
-0.569603955425259,-2.45279196252987,31.6487031109848,0.0973029645932037,0.0230680099135955,-0.00342661668137967,-0.0334002764718537
-0.594472024634843,-2.58140598285381,35.9620598550525,-0.0165490808463414,-0.0986211332481089,-0.00831898836324196,-0.0299928870758341
-0.649958089894908,-2.5255017914005,33.3770103302465,-0.0380454280755409,0.0924799729809046,-0.0174406371845242,-0.036575781527592
-0.77446524527569,-2.58412612611827,34.8125334500079,-0.0967659698439439,-0.0252259207990698,-0.0277411855368381,-0.0333984139187082
-0.875617767863515,-2.53729005123758,33.7314471806669,-0.0677769134173011,0.0735274779087632,-0.0333756091705242,-0.0266914030280669
-0.801344377635641,-2.6087160976208,30.9768429968276,0.0905141640092746,-0.042511011675825,-0.0162407737814001,-0.0289150347073934
-0.902909926535733,-2.58828617765611,21.4737362402113,-0.0869102032164152,0.0494632851404092,-0.0146553456836767,-0.0290333651757271
-0.967356111630163,-2.5269747697205,20.8690260134167,-0.0433770947543151,0.0901023176764903,-0.0210690903401149,-0.0287909097408763
-0.970091909084122,-2.65310502075232,30.0249419584356,0.017884436102285,-0.0983877377791729,-0.0206202335562446,-0.0277425132526457
-1.04473752531342,-2.77917033310386,23.0461946993917,-0.0493187606178272,-0.0869922976539961,-0.0253268556114694,-0.0390730146975429
-1.16483945108492,-2.82721123302607,28.4260730827305,-0.0988509679778007,-0.0151157576671439,-0.0212509577937026,-0.0329251422550731
-1.19429714905862,-2.76790943690247,33.1107294290351,-0.0123688989468216,0.0992321033680296,-0.0170887990268793,-0.0399303072444241
-1.19784164868328,-2.88874861017077,36.2808906480647,0.0151983850002958,-0.0988382977058123,-0.0187428846249513,-0.0220008755624868
-1.16952657377985,-2.82287850073635,19.9877604466238,0.0419225258625173,0.0907882251468029,-0.0136074509590915,-0.0249181157123806
-1.26503266094306,-2.79127194751591,15.1045971527127,-0.0823430291042392,0.0567417444033792,-0.0131630580589674,-0.0251351911829443
-1.37323492535639,-2.8306085262509,15.8484521682682,-0.0990147655199604,-0.0140027214864566,-0.00918749889336801,-0.0253338572485324
-1.30218518272597,-2.92177001548237,11.9642119754972,0.0824114833753676,-0.0566422758006024,-0.011361740744946,-0.0345192134308707
-1.39562512535378,-3.00438874767208,16.2396665096011,-0.0861944773972602,-0.0507002176150478,-0.00724546523055603,-0.0319185145746581
-1.33697763690285,-2.96225380072326,19.7068885464574,0.0654456595125893,0.0756099573532628,-0.00679817106165981,-0.0334750104044406
-1.23948228166274,-3.03063932073997,18.4849568629922,0.0934266801847686,-0.0356574736857924,0.00406867505534447,-0.0327280463309254
-1.14169296369325,-3.05416574190815,19.041515453271,0.0981632275024532,0.019078279961821,-0.000373909532959127,-0.0426047011299922
-1.09178232457341,-3.00330147275634,13.6580708280685,0.0460977243907303,0.088741195653407,0.00381291472910505,-0.0378769265016055
-1.05550812491699,-2.94048047966944,20.0908227313311,0.0323597895709692,0.0946194695552802,0.0039144100854549,-0.031798476468373
-0.948294692008456,-2.97888299172094,12.4963221493647,0.0997547609302022,-0.00699911935590481,0.00745867197832872,-0.0314033926956014
-0.846956918540038,-3.01521901119333,12.5755333918676,0.0999958022047861,0.000916264929647659,0.00134197126363156,-0.0372522844020398
-0.752351053203668,-3.04192156770584,6.44814764802919,0.0986424540250107,0.016421518319682,-0.00403658868864065,-0.0431240748321833
-0.786364859915971,-3.18287787836084,4.44083073827188,-0.02682329006512,-0.0963354094301905,-0.00719051664718329,-0.0446209012248087
-0.743050758039364,-3.31979472542034,11.4451427692333,0.0434576934195478,-0.0900634714112919,-0.000143591542939969,-0.0468533756482157
-0.81848739711227,-3.43893987212477,16.5584197188368,-0.0659640154536026,-0.0751581576759096,-0.00947262361930346,-0.0439869890285172
-0.90769341035533,-3.5283499842233,10.0316669617166,-0.0821426238693763,-0.0570314767812844,-0.00706338937368378,-0.0323786353172415
-1.0135392016899,-3.53984566989817,9.20300830695862,-0.0975509730551838,0.0219956281107589,-0.00829481827938605,-0.0334913137856367
-1.02776215785961,-3.47383690966001,8.02951307531259,-0.0174631437371801,0.0984633871589566,0.00324018756747302,-0.0324546269207926
-1.06061594379003,-3.60852379921128,10.7080509449388,-0.0283578108779133,-0.0958949141623919,-0.00449597505250643,-0.0387919753888779
-0.976537190103825,-3.69141365115536,12.0992412550515,0.0892864686693107,-0.0450325050664983,-0.00520771498310957,-0.0378573468775847
-0.932300640328844,-3.6341348203691,13.5945615410086,0.0516368918443264,0.0856366241783114,-0.0074003420693447,-0.0283577933920443
-1.0106163867481,-3.58898598868638,8.53131716261104,-0.0626718974200132,0.0779245357623345,-0.0156438489992448,-0.0327757040796186
-1.12839198123724,-3.63436253049232,9.51196300097795,-0.0996201791218525,-0.00870746299044796,-0.0181554153672825,-0.0366690788154909
-1.10911323214985,-3.76554262218686,11.3655759745128,0.0361617004752666,-0.0932326735578097,-0.0168829513878843,-0.0379474181367279
-1.07673156561733,-3.8895966883848,11.5052900668715,0.0487929175119863,-0.0872883222468419,-0.0164112509794627,-0.0367657439511051
-1.01084041863987,-3.99962344336306,11.7916674691241,0.0714628716625541,-0.0699503965231171,-0.00557172468509148,-0.0400763584551385
-1.08153300190379,-3.96158442589264,14.8805591650399,-0.0676789077934225,0.0736176978714318,-0.00301367547049636,-0.0355786804010121
-1.10704831592935,-3.8957653372216,14.4200453398584,-0.0279120800645408,0.096025599641297,0.00239676603897787,-0.030206510970257
-1.08891878392611,-4.01652145566194,17.576978751969,0.0293818434869988,-0.0955861248995141,-0.0112523114837573,-0.0251699935408229
-1.14346236745584,-3.96393059934698,14.5803046729999,-0.042877623175178,0.0903410727789273,-0.011665960354557,-0.0377502164639738
-1.09450802203069,-3.92173492414114,13.5203606459225,0.0578432914243814,0.08157299575959,-0.00888894599922962,-0.0393773205537524
-1.00111666321853,-3.94456815463778,12.7591576456577,0.0981474066269568,0.0191595034487537,-0.00475604781479544,-0.0419927339453849
-0.91106987968885,-3.98969493152992,12.5374006627407,0.099958040029888,-0.00289658995774538,-0.00991125650020774,-0.0422301869343968
-0.846810607698032,-3.97334160085244,0.65233485439845,0.0794668607749235,0.0607043494206052,-0.015207588784105,-0.0443510187431224
-0.953668497133852,-3.97311192268301,-3.63969175738074,-0.0878492313999646,0.0477756480064424,-0.0190086580358559,-0.0475459698370209
-0.885702332301632,-4.04868226757649,-6.7115339409872,0.0909652916332526,-0.041536919939703,-0.0229991268010326,-0.0340334249537726
-0.975903151930094,-4.14785590321598,-8.78706412683175,-0.0803458948547658,-0.0595360158222476,-0.00985492477369609,-0.0396376198172375
-1.08717758197448,-4.17831717716375,-9.49846449667717,-0.0997286375394923,0.00736198713096928,-0.011545792504891,-0.0378232610787448
-1.08562000112143,-4.1184882971523,-11.1720821424984,0.0175592763872945,0.0984462889740116,-0.016001695534251,-0.0386174089625655
-1.00819559846718,-4.12839550818352,-5.94000799432013,0.0941690315785244,0.033648083029541,-0.0167446289242714,-0.0435552940607584
-1.12174415977213,-4.18179600429419,-3.00977539638966,-0.0991324677987079,-0.0131435850565263,-0.0144160935062376,-0.0402569110541373
-1.13991451411238,-4.32710685889508,-1.59532153475716,-0.00245227494420466,-0.0999699272161285,-0.0157180793960507,-0.0453409273847631
-1.15176723588415,-4.47551399196375,-7.81530178725513,0.00386702024241595,-0.0999252027991174,-0.0157197420141855,-0.0484819302695509
-1.26220624083674,-4.51124455782847,-15.7818486712133,-0.0997271715085369,0.00738181975578302,-0.0107118334440475,-0.0431123856205105
-1.21604649498128,-4.46521367514989,-17.8262055542629,0.0520508144381989,0.0853856704390156,-0.00589106858274469,-0.0393547877604314
-1.20892243683408,-4.59615596592073,-20.2358333853617,0.0183473585228791,-0.098302464034392,-0.0112233003756823,-0.0326398267364496
-1.29829414592095,-4.69409163825825,-21.2530564205543,-0.0739753651091085,-0.0672877801459827,-0.0153963439777549,-0.0306478921915359
-1.40569521852137,-4.72576555716523,-15.797584021037,-0.0995986747550361,0.00895008307450441,-0.00780239784538539,-0.0406240019814836
-1.32253502427814,-4.74133076759995,-18.585329425255,0.0965294799942104,0.0261162687236777,-0.0133692857509797,-0.0416814791583979
-1.43014479855774,-4.81655815754503,-15.4311850282171,-0.0961940800670826,-0.0273257929445368,-0.0114156942125148,-0.0479015970005481
-1.48608849218555,-4.76848945636359,-16.7882311127839,-0.0471092119426623,0.088208401811513,-0.00883448168514822,-0.0401397006300686
-1.59146200962498,-4.83994092825156,-21.7169166273335,-0.0962633475962097,-0.0270807664140309,-0.00911016984322677,-0.0443707054739368
-1.52737557235027,-4.9403587193534,-19.5237529636064,0.0781208465658829,-0.0624270240507249,-0.0140344092911724,-0.0379907670511139
-1.46065587328725,-4.92634316744716,-18.2424836198481,0.082132168577381,0.0570465326271166,-0.0154124695143603,-0.0430309807208804
-1.40897974659546,-4.88538905920079,-17.9315649726467,0.0607417337253017,0.0794382891560773,-0.00906560703351023,-0.0384841809097063
-1.38814677448064,-4.81835460847129,-17.6402048061664,0.0353626433697925,0.0935386735735593,-0.0145296712549694,-0.0265042228440606
-1.42391409612612,-4.96333760349601,-26.9019884401149,-0.0197150856796021,-0.0980373163476334,-0.0160522359658781,-0.0469456786770888
-1.49075520186162,-5.08522720551401,-33.5642662622723,-0.0545967430731059,-0.0837806400417738,-0.0122443626623936,-0.038108961976226
-1.53322244698253,-5.01919824422421,-23.2148662020472,-0.0340152158593323,0.0940370410532096,-0.00845202926158128,-0.028008079763409
-1.63856278356097,-5.08723765336476,-27.9423545630647,-0.0945399106188718,-0.0325914912235654,-0.0108004259595649,-0.03544791791699
-1.60745173761623,-5.21644554740851,-26.3212288494066,0.0373063492697969,-0.0927805815036742,-0.00619530332505969,-0.0364273125400665
-1.53992556051102,-5.18435041181829,-30.651096259901,0.0721499887197537,0.0692414552687869,-0.0046238116145445,-0.0371463196785724
-1.65833406237116,-5.19338408367832,-28.5912099685596,-0.0950213463574539,0.0311599700965321,-0.0233871555026861,-0.0401936419565594
-1.73160586022559,-5.30683055169423,-33.493950226839,-0.0485755570837764,-0.0874094689035506,-0.0246962407706497,-0.0260369991123639
-1.8516808859755,-5.3437411042438,-34.4524100479835,-0.0994481118013331,-0.0104915708618655,-0.0206269139485817,-0.0264189816877058
-1.87187452337415,-5.47725695264045,-39.2039476477326,0.00659127024749941,-0.0997825393369222,-0.0267849076461519,-0.0337333090597234
-1.98894691651218,-5.55997477332715,-34.1139437068785,-0.0903222944114148,-0.0429171659392568,-0.0267500987266085,-0.0398006547474452
-2.10163285793022,-5.54025452485729,-35.1549034000779,-0.0826809775409886,0.0562481639955167,-0.0300049638770516,-0.036527915525653
-2.22834472665701,-5.56318745549953,-40.9922061733228,-0.0988545555410029,0.0150922777866952,-0.0278573131857847,-0.038025208428941
-2.1975595532033,-5.67768016085834,-44.9361044129537,0.0578581994621767,-0.0815624224443768,-0.0270730260084671,-0.0329302829144309
-2.17384767177466,-5.62479070029295,-49.2552799576495,0.053168922720239,0.084693952893753,-0.0294570412916046,-0.0318044923283631
-2.19424394292011,-5.75673789807415,-39.2663820309916,0.000352613157372241,-0.0999993783178738,-0.020748884302821,-0.0319478194633209
-2.29134185080185,-5.73131753955521,-47.7669687013439,-0.0800253255465285,0.0599662177494307,-0.0170725823352065,-0.0345458592304917
-2.26709472386403,-5.85664162411557,-51.494390343479,0.0335266832770601,-0.0942123214258077,-0.0092795563392416,-0.0311117631345494
-2.28176307429944,-5.9912231569856,-51.9013449840722,-0.00650202987350388,-0.0997883941524467,-0.00816632056191091,-0.0347931387175882
-2.17977997038783,-6.06623522078209,-50.5974292458345,0.0945409707976188,-0.0325884157430794,0.00744213311399688,-0.0424236480534121
-2.25266148772052,-6.16545077663437,-52.6285376700258,-0.0711941364939279,-0.0702238914393383,-0.00168738083876363,-0.0289916644129411
-2.33806671615731,-6.25349909500495,-59.0449594620312,-0.0798918796374185,-0.0601438905292984,-0.00551334879937659,-0.0279044278412783
-2.43888111668071,-6.25900860664459,-59.8769706599236,-0.098262022024025,0.0185627322275044,-0.00255237849937506,-0.0240722438671499
-2.55771134686261,-6.25992067743993,-59.9370982044095,-0.0969689920257667,0.0244338819164452,-0.0218612381561334,-0.0253459527117794
-2.63080222423315,-6.19523866636781,-60.674665309289,-0.0553358904170974,0.0832942929122217,-0.0177549869534448,-0.0186122818400998
-2.59680446740342,-6.30857912140455,-63.9470996579431,0.0439956057974386,-0.0898019302159836,-0.00999784896770617,-0.0235385248207622
-2.51621829721554,-6.35757042996016,-63.0144483336807,0.0983375751400737,-0.0181582299679884,-0.0177514049521923,-0.0308330785876176
-2.53390782193698,-6.28532884126927,-61.220529612059,-0.00405160398981762,0.0999178888143144,-0.0136379207316226,-0.0276763001234244
-2.45368333982607,-6.35198457029796,-63.2318990516388,0.0921043087635051,-0.0389460692136822,-0.0118798266525912,-0.0277096598150113
-2.50192983964529,-6.27829844163773,-67.1652640128817,-0.0369971217120766,0.0929043216703173,-0.0112493781071499,-0.0192181930100856
-2.41724995693894,-6.25257503590047,-62.4274869130728,0.0919351957876392,0.0393436116223263,-0.00725531308129046,-0.0136202058850676
-2.37076875074174,-6.20245344150718,-61.8877349078819,0.0586457376622429,0.080998008951155,-0.0121645314650376,-0.0308764145578646
-2.30226755886439,-6.29549122699402,-57.2684324268826,0.0751960886414822,-0.0659207725457033,-0.00669489676413448,-0.0271170129411376
-2.20163032502833,-6.34538531378724,-63.0221955995653,0.0981939488095543,-0.0189195247611201,0.00244328502650415,-0.0309745620320996
-2.3037751024956,-6.38587509590513,-65.8446493161441,-0.0991717201929736,-0.0128440614280121,-0.00297305727429675,-0.0276457206898764
-2.28649420799199,-6.3169626116257,-67.8903089162626,0.0339200484188701,0.0940714107221823,-0.0166391539152522,-0.0251589264427476
-2.29646262919173,-6.43960619788813,-64.3784145773433,0.00242324490247497,-0.0999706351092291,-0.0123916661022161,-0.0226729511532096
-2.32781622200612,-6.56443321658426,-58.3081279184856,-0.0187546599304809,-0.0982255706569934,-0.012598932883916,-0.0266014480391377
-2.43703026217959,-6.57407551630608,-53.5847699152294,-0.0984253776606873,0.0176761147413981,-0.0107886625127778,-0.0273184144632168
-2.55393766877139,-6.63120430358199,-53.156715752532,-0.096882345243627,-0.024775213018149,-0.0200250613481745,-0.032353574257761
-2.5957553453169,-6.77383244470134,-58.3140834201532,-0.0193393064281503,-0.0981121359816313,-0.0224783701173594,-0.0445160051377194
-2.71468706877865,-6.7818722018116,-59.9322073146771,-0.0970873351857841,0.0239593269213308,-0.0218443882759685,-0.0319990840315842
-2.6784194613348,-6.73020918480121,-55.648195365834,0.0621239856246748,0.0783620470004785,-0.0258563781808241,-0.0266990299900902
-2.72429315686913,-6.66259713203767,-54.6403903630102,-0.0331111308193572,0.094359170279647,-0.0127625647149707,-0.0267471175161109
-2.83198701653013,-6.63172196383265,-53.9458816877773,-0.0858321652264273,0.0513112016283315,-0.0218616944345773,-0.0204360334233069
-2.85722186844824,-6.76417357136437,-51.842302535385,-0.000602371472430716,-0.0999981857265881,-0.0246324804456779,-0.0324534218051351
-2.96652359488384,-6.73018937687954,-47.8923505809794,-0.0718981326026692,0.0695029389900096,-0.0374035938329285,-0.035518744505179
-2.92116885383248,-6.70106586386832,-49.6166475327797,0.0796788345846555,0.0604258497601076,-0.0343240935332969,-0.031302336748892
-2.97178297647648,-6.63859538719548,-48.5311329785362,-0.0162824962247649,0.0986654970934142,-0.0343316264192364,-0.0361950204205685
-3.10654345928118,-6.62734328160165,-41.2633673514722,-0.0911999897452201,0.0410190427785895,-0.0435604930594744,-0.0297669371847578
-3.18704976893688,-6.5746027540704,-41.9590082108462,-0.0437208646349051,0.0899360105607109,-0.0367854450208016,-0.0371954830294632
-3.12226300420882,-6.61293947912293,-31.4606412730623,0.0999000462697029,-0.00446998381554432,-0.0351132815416419,-0.0338667412369871
-3.11887791287498,-6.54818492700074,-30.0301548630479,0.0183970766728241,0.0982931715323818,-0.015011985338981,-0.0335386194101899
-3.08581389831537,-6.66327233041194,-19.9494301505439,0.0453708205873991,-0.0891150303777429,-0.0123068060277922,-0.025972373033456
-3.05392519868192,-6.60732341972629,-24.1433701422916,0.0549215540120202,0.0835680734784807,-0.0230328543785618,-0.0276191627928357
-3.11770138757484,-6.7258264629091,-20.8548845197585,-0.0420986186253426,-0.0907067048780737,-0.0216775702675864,-0.0277963383047304
-3.08770003642809,-6.84432811719672,-19.8915798250227,0.0504473798718676,-0.0863427001202967,-0.02044602872511,-0.0321589541673282
-3.21635732586468,-6.87545265877854,-22.0413005720728,-0.0998742652176892,0.00501309756803821,-0.0287830242189036,-0.0361376391498549
-3.27769957031055,-6.8116780646276,-16.8677629605447,-0.0399523163844656,0.0916723099715261,-0.0213899280614043,-0.0278977158205906
-3.2049485768513,-6.84114592384781,-18.8829695253413,0.0999441817476148,-0.00334073866079705,-0.0271931882883667,-0.0261271205594102
-3.16708233238633,-6.94968731188971,-13.533168362106,0.056793812037323,-0.0823071255376424,-0.0189275675723555,-0.0262342625042606
-3.12163903465011,-7.05802327321611,-13.5606396040652,0.0545115885395998,-0.0838360704881221,-0.00906829080337079,-0.0244998908382756
-3.0704434999282,-7.16134227894678,-13.4755213077501,0.061441605879813,-0.0788982196688222,-0.0102460711579062,-0.0244207860618477
-3.11307517866452,-7.08930849186726,-10.7296026009974,-0.0262846911776841,0.09648375515958,-0.0163469875586402,-0.024449968080055
-3.20401753025353,-7.06403148803365,-3.72749348513232,-0.0833214309055351,0.0552950192318815,-0.00762092068346831,-0.0300180153982748
-3.15291061893359,-7.01199468687923,7.17885236019114,0.0624998236447126,0.078062616176886,-0.0113929123247729,-0.0260258150224706
-3.18729493803326,-7.1291807321421,10.7744633714578,-0.0219313628390285,-0.0975654412382934,-0.0124529562606468,-0.0196206040245777
-3.26891639081166,-7.22096948618847,10.2748568873501,-0.0659923847835867,-0.0751332493013249,-0.0156290679948068,-0.0166555047450458
-3.20652655835568,-7.17608100666317,13.2247250534933,0.0791000082541723,0.0611816042139291,-0.0167101757982011,-0.0162931246886249
-3.1764153015093,-7.28351359010547,5.15582202709654,0.0429043003668949,-0.0903284064402072,-0.0127930435205088,-0.0171041770020901
-3.17577559734324,-7.39229555719307,4.93671673008265,0.022245100613504,-0.0974943870112279,-0.0216053964474452,-0.0112875800763765
-3.16724083301592,-7.31018722139347,7.56903796512865,0.0281103392000736,0.0959677489058528,-0.0195755748727571,-0.0138594131062462
-3.1996511358529,-7.23092223885914,7.97767424892042,-0.0123377442803472,0.0992359817106314,-0.0200725585566297,-0.019970999176306
-3.32221750836642,-7.2166649933844,9.09275619969917,-0.0945385272913008,0.0325955036407167,-0.0280278452222182,-0.018338258165981
-3.36442657765082,-7.13873592151222,8.02187664588269,-0.0167107331580081,0.0985938709926832,-0.0254983361263963,-0.0206647991204978
-3.29170085530496,-7.15822306757207,0.0573468465710016,0.0998356120181865,0.00573154193512886,-0.0271098896723272,-0.0252186879949763
-3.4060544132523,-7.14088460693552,-3.60296052593522,-0.0895444395086102,0.0445173376684731,-0.0248091184387249,-0.0271788770319228
-3.47136208015941,-7.07725803275886,-4.23676688429023,-0.0457891584176423,0.088900804109997,-0.0195185084894645,-0.0252742299333439
-3.56473553054987,-7.16354630201951,3.83036415753569,-0.0772027416233909,-0.0635589229442409,-0.0161707087670715,-0.0227293463164049
-3.58283809800412,-7.08754798622047,1.59621426219307,-0.00254151985195674,0.0999676981671685,-0.0155610476022918,-0.0239693823681328
-3.62419018239164,-7.01433272213872,1.76796907231316,-0.0195897642843926,0.0980624348835064,-0.0217623201031292,-0.0248471708017588
-3.65071717145772,-6.93388382116408,1.62550902579377,-0.00546854061943651,0.0998503633618505,-0.0210584484466407,-0.019401462387207
-3.5669438718829,-6.91950679490748,6.63634491336355,0.0938284603689887,0.0345864138757564,-0.0100551607941775,-0.0202093876191576
-3.50412696124031,-7.00222492052034,5.52897201012162,0.0728810436374678,-0.0684715523287848,-0.0100641329948714,-0.0142465732840744
-3.4115915533006,-7.01525885587457,12.5243226039297,0.0999116112649634,-0.00420356211311809,-0.00737620332525424,-0.00883037324111324
-3.32351830141814,-7.04821993757466,12.3290656499291,0.0971975063592847,-0.0235083975961104,-0.00912425447682264,-0.00945268410397393
-3.40551412002761,-6.98950590035292,14.8196418793049,-0.0630715540662632,0.077601411505632,-0.0189242645432071,-0.0188873742838958
-3.44129130914743,-6.90933968232084,14.4048066592598,-0.0264455924833188,0.0964397772612848,-0.00933159663650684,-0.0162735592292087
-3.45819241056868,-6.83873615799668,14.2016301536353,-0.00644185755481925,0.0997922966528149,-0.0104592438664248,-0.0291887723286539
-3.51179829406052,-6.9500367385778,10.4893422669568,-0.0484885305859275,-0.0874577749637937,-0.00511735290591098,-0.0238428056173241
-3.47253252658563,-6.88975905316112,7.33383803038768,0.049700475466688,0.0867747816959809,-0.010434707991803,-0.026497096279301
-3.44156984591414,-7.01435175928602,17.6323726518924,0.0346289569243691,-0.0938127674803925,-0.00366627625287652,-0.0307799386445051
-3.35148670914249,-7.01279332294052,25.5073582676074,0.0930647821809784,0.0365916154003488,-0.00298164540932966,-0.0350331790548539
-3.27904273454666,-7.10344036384303,24.4231469268818,0.0758626261337256,-0.065152605136668,-0.00341865153789156,-0.0254944357658333
-3.35392406231132,-7.20425065185011,16.6017925295505,-0.0626431808235755,-0.0779476227751997,-0.0122381469410922,-0.02286266523189
-3.28197862770278,-7.16459508870445,19.549599448994,0.0764814145403393,0.0644250978261483,-0.00453597993179233,-0.0247695346804848
-3.40542310571449,-7.20294101784949,15.8261356034783,-0.0993025771312639,-0.0117897487288483,-0.0241419008804535,-0.0265561804161916
-3.31067990316199,-7.24049736658383,12.5505340693133,0.0999874604541263,-0.00158358830967246,-0.00524425790162608,-0.03597276042467
-3.26324029716155,-7.35365155807517,17.8214538386565,0.0516444999208253,-0.085632036224347,-0.00420489392038181,-0.027522155266988
-3.33478367267295,-7.30593059113761,21.0921757789396,-0.0622414276570926,0.0782687976348616,-0.0093019478543046,-0.0305478306973086
-3.4547856629909,-7.34673694088037,22.1339942075108,-0.0989814899147271,-0.0142360336562111,-0.0210205004032296,-0.0265703160865414
-3.5121877890043,-7.46538302354152,23.0885869474551,-0.0455877572131497,-0.0890042492933619,-0.011814368800247,-0.029641833367787
-3.61297919332153,-7.46321815995422,27.9923699984825,-0.0960510854953511,0.0278242515652219,-0.00474031882188086,-0.0256593879779281
-3.71808268927327,-7.5172989176958,28.5572294157154,-0.0960251213620001,-0.0279137254305682,-0.00907837458973448,-0.0261670323110046
-3.82387918102092,-7.51887162164137,28.0670804344485,-0.0978599771078834,0.0205772904057979,-0.0079365146397703,-0.0221499943513717
-3.74221731766708,-7.54353608863909,25.0720186992915,0.0998156953625068,-0.00606852200286378,-0.0181538320086663,-0.0185959449948605
-3.69711285752232,-7.47610907989738,26.0945998080105,0.0571996463904236,0.0820256085183798,-0.0120951862456629,-0.0145985997766704
-3.74634112989693,-7.40748204164831,20.7997705101915,-0.037038016704032,0.0928880257010119,-0.0121902556705802,-0.0242609874519406
-3.66243719195257,-7.40958762646722,19.0439569554033,0.0981163553154724,0.0193178885908368,-0.0142124173711071,-0.0214234734097385
-3.78618384651664,-7.45265398816006,15.8257836975334,-0.0993067198651386,-0.0117548028323269,-0.0244399346989388,-0.0313115588605157
-3.90045156331128,-7.4573772032561,9.13868990578136,-0.0959355169896239,0.0282201449311231,-0.018332199805009,-0.0329433600271667
-3.82160294406209,-7.4581743950142,6.68027912569183,0.0922188823199663,0.0386739931175488,-0.013370263070779,-0.0394711848756462
-3.85486657413367,-7.39161534948428,8.04877714873715,-0.0193565921147181,0.0981087271434322,-0.0139070379568662,-0.0315496816135141
-3.97305918108535,-7.45393086714514,9.71090298484162,-0.0959344736511515,-0.0282236915600445,-0.0222581333005207,-0.0340918261008145
-3.98926319525573,-7.58587480536213,11.0663578409094,0.00707244602098337,-0.099749589008077,-0.0232764601913646,-0.0321943492089165
-4.01622009123689,-7.51956078127161,14.263282688838,-0.0125781697801394,0.0992057944123325,-0.0143787262010187,-0.0328917703218075
-4.06008854448377,-7.46496442982977,8.19699232667452,-0.0336323921034861,0.0941746367202835,-0.0102360611433965,-0.0395782852784485
-4.13825090899847,-7.57035692379112,3.99124786552523,-0.0660242139167677,-0.0751052806177628,-0.0121381505979365,-0.0302872133435805
-4.2254863616626,-7.53721852304063,2.54878682117074,-0.0829376354484309,0.05586903101203,-0.00429781721570155,-0.0227306302615435
-4.13733519641901,-7.58525664211931,6.07741778035934,0.0978904452898762,-0.020431855543483,-0.00973928004628188,-0.0276062635351959
-4.06789129113304,-7.57824040086089,6.6907960201605,0.0918070596224374,0.0396416927423921,-0.0223631543364706,-0.032625451483975
-4.13085794791492,-7.5289115406188,14.7562696696738,-0.0580304656813175,0.0814399475245989,-0.00493619110055787,-0.0321110872825052
-4.04952379156815,-7.61753677719569,24.5075524007706,0.0810852622330749,-0.0585250395009988,0.000248894113696441,-0.0301001970758925
-4.06191388862304,-7.54770728827841,26.7260994437581,-0.00225599741475187,0.0999745491395917,-0.0101340996401418,-0.0301450602223152
-4.02317287804916,-7.66737502905375,30.2632053597175,0.0406002140074002,-0.0913872125767785,-0.00185920343351542,-0.0282805281985592
-4.11165188152051,-7.75798086494141,28.9038817993596,-0.0808293768030449,-0.0588779402291843,-0.00764962666831082,-0.0317278956584772
-4.16272971736407,-7.87213393569035,23.0623533742193,-0.0479067030454348,-0.0877778320723207,-0.00317113279812409,-0.0263752386766178
-4.11983790756227,-7.80786639588885,13.6128292849134,0.0500639752862303,0.0865655727095924,-0.00717216548442501,-0.0222980329080933
-4.04202409572591,-7.90037781118875,11.8210421606808,0.0734865180399042,-0.0678213216206441,0.00432729379644803,-0.0246900936792542
-3.95988639569781,-7.97234111604935,12.1412603317857,0.0910993255617096,-0.0412421250931817,-0.00896162553361002,-0.0307211797674167
-3.97201973639322,-8.10510172567038,11.0103015234233,0.00147267034961532,-0.0999891556222042,-0.0136060110450167,-0.0327714539988264
-3.92946841813979,-8.22244442332727,5.27323033923381,0.0531898855412607,-0.0846807892978542,-0.0106385672878342,-0.0326619083590405
-3.84713321523768,-8.296188718149,5.80311773203206,0.088696371595821,-0.0461839113299864,-0.00636116869371284,-0.0275603834917391
-3.9206488446047,-8.25833289286636,2.30099073180616,-0.0667014488039261,0.074504474546548,-0.00681418056309413,-0.0366486492639133
-3.89355672528744,-8.37638869203269,5.101387285881,0.0379261748217457,-0.0925289428416341,-0.0108340555044837,-0.0255268563246975
-3.86639171258722,-8.48770964786536,5.08989642251553,0.0368604569229588,-0.0929586290530938,-0.0096954442227446,-0.0183623267795756
-3.80166153125379,-8.57640840168872,11.7937849651262,0.0716108310246825,-0.0697989174697887,-0.00688064969124813,-0.0188998363535706
-3.7548111650545,-8.53194189186754,13.4315652990759,0.0648491929779316,0.0761221529524158,-0.0179988267786442,-0.0316556431312343
-3.67218685533153,-8.59133423736099,18.5351167465634,0.0950969982210581,-0.030928319213046,-0.0124726884980846,-0.0284640262803997
-3.58758155733747,-8.60617565971764,25.2522547076867,0.0992866760857908,0.0119229170858168,-0.0146813780917268,-0.0267643394424706
-3.54086317643874,-8.55041262376293,25.9609709226566,0.0676181066243815,0.0736735478752976,-0.0208997257256547,-0.0179105119205847
-3.62414626370552,-8.65233307714451,29.1690422343492,-0.0625746336171095,-0.0780026616705129,-0.0207084536496689,-0.0239177917110709
-3.71989483886497,-8.6292879824951,27.7393837976478,-0.0860294077091692,0.050979809819276,-0.00971916745027945,-0.0279347151698612
-3.70700315734085,-8.55769782885837,32.6643958040165,0.0316774633417639,0.0948500833749302,-0.018785781817646,-0.0232599297381988
-3.81924354898197,-8.58198474095781,34.4103273025218,-0.0989186818078095,0.0146660965974365,-0.0133217098333134,-0.0389530086968808
-3.92172469764962,-8.63749201434212,34.681170240439,-0.0992364944308508,-0.0123336196258728,-0.00324465423679587,-0.0431736537584371
-3.82928044543812,-8.66136367892251,25.3058434622587,0.0985055182036059,0.0172239044191226,-0.00606126599211088,-0.0410955689995092
-3.93796534065395,-8.7313542454955,22.2639395602999,-0.0963022700156244,-0.0269420264612329,-0.0123826252002006,-0.0430485401117551
-3.96629269215726,-8.67134609429737,20.593830097094,-0.0172609033751072,0.0984990416941973,-0.0110664481282035,-0.038490890496071
-3.88060992158807,-8.68327116562489,19.0521899453712,0.0979539878805307,0.0201250157341764,-0.0122712173113473,-0.0320500870616929
-3.99683983506754,-8.70752197135171,15.6889607157943,-0.09998194569387,0.00190014085478842,-0.0162479677855956,-0.0261509465816161
-3.92018490235754,-8.78332167929601,18.3941238503846,0.08980710653492,-0.0439850385452318,-0.0131521738249187,-0.0318146693990595
-3.83127511646609,-8.77772210717014,19.2442626926883,0.0923109361543255,0.0384537523047107,-0.00340115026287346,-0.03285418017885
-3.83846448136561,-8.90103574610762,17.3701951420271,0.00913081933363527,-0.0995822681921662,-0.0163201842331624,-0.0237313707453044
-3.81984086239456,-9.02480433911378,17.439123233825,0.0159677190494932,-0.0987169283778443,0.00265589992155935,-0.0250516646283216
-3.91875192168415,-9.03439656739203,21.7735504808446,-0.0976418800757137,0.0215884982173364,-0.00126917921387815,-0.0311807264955899
-3.87161093712585,-9.14338907224344,17.9138563956144,0.0593255443217608,-0.0805014272601847,-0.0121845597634547,-0.028491077591223
-3.95725694625995,-9.24218676287907,10.1720289273598,-0.0733559949486007,-0.0679624749777469,-0.0122900141855018,-0.0308352156578788
-3.91256786439594,-9.18249351862568,0.978383604167359,0.0558364230994209,0.0829595917026021,-0.0111473412354153,-0.0232663474492139
-3.90134163698362,-9.30264806930601,-7.63723572391496,0.0215052815185847,-0.0976602419964564,-0.0102790541062578,-0.0224943086838767
-3.99408350530651,-9.27855621928735,-9.995883728908,-0.0841303752651939,0.0540562665908186,-0.00861149305770148,-0.0299644165721613
-3.92303325898785,-9.37369883777653,-6.85321107455827,0.084188706997943,-0.0539653742136057,-0.0131384606792784,-0.041177244275568
-3.98720812252298,-9.3180322617845,-4.28684145619561,-0.0412819535658658,0.0910812840806809,-0.0228929099692667,-0.0354147080886538
-3.92515896971905,-9.4030136310957,-6.89095832839696,0.082092174797538,-0.0571040702315559,-0.020043021993609,-0.0278772990796448
-3.87481796042222,-9.35535163823362,-11.6793572928267,0.063173007932565,0.0775188433140749,-0.0128319986357379,-0.0298568504519903
-3.78181039311537,-9.35632399359261,-12.3055804120207,0.0966186530785909,0.0257844115170174,-0.00361108577174107,-0.0267567668760123
-3.84493505597479,-9.29828459681775,-10.473732722379,-0.0498477439978805,0.0866902671487507,-0.01327691886154,-0.0286508703738839
-3.76772495151908,-9.38659288533905,-13.1535154130396,0.0832525812684214,-0.0553986255438246,-0.00604247681270387,-0.0329096629774792
-3.69281354065537,-9.36113481141297,-12.0037623385819,0.0845866750511033,0.0533394263542369,-0.00967526418739251,-0.0278813524281603
-3.7510711496223,-9.30480219514772,-16.5938033595139,-0.0632639118639023,0.0774446735139119,0.00500630289697312,-0.0211120572486614
-3.79102755831659,-9.23635853360635,-10.6393527041686,-0.0348735518984047,0.0937221178697391,-0.00508285679588916,-0.0252784563283619
-3.81067968688629,-9.16511129299246,-10.8543305828973,-0.0140774542659875,0.0990041680000849,-0.00557467430371439,-0.0277569273861964
-3.83838473418851,-9.29236270328669,-1.81300699468808,-0.0239849349520195,-0.0970810120226782,-0.00372011235020242,-0.0301703982715491
-3.76828487837026,-9.26024840691077,7.02137631280009,0.0739687132802277,0.0672950923594542,-0.00386885746197851,-0.0351807959835337
-3.82523974669363,-9.21225703299372,2.12651134359294,-0.0527550858543357,0.0849523449735302,-0.00419978246903074,-0.0369609710564855
-3.8779026727153,-9.34909712635114,4.31755230531274,-0.0384657435329067,-0.0923059400822106,-0.0141971824887674,-0.0445341532752046
-3.83997782763304,-9.30550787267318,1.01421211986658,0.052828905656825,0.0849064586889731,-0.0149040605745565,-0.0413172050110155
-3.95215231425814,-9.30249535180672,2.73239721877262,-0.0917441233131186,0.0397871315566639,-0.0204303633119896,-0.0367746106902072
-3.93356348199629,-9.42856164003858,-1.1612356695416,0.0398206359145841,-0.0917295860415719,-0.0212318036527259,-0.0343367021902878
-3.86448999107089,-9.41859601684915,0.438837476902731,0.0905246216206858,0.0424887382777092,-0.0214511306952865,-0.0325231150882761
-3.98123186699648,-9.48781355287709,3.53148865912296,-0.0924948592347392,-0.0380092227642947,-0.0242470166908539,-0.0312083132636491
-4.07238274063901,-9.45856961057292,2.40866855811977,-0.0743221228902043,0.0669045742015699,-0.0168287507523264,-0.0376606318974009
-4.14830664227446,-9.56773152722215,4.1336010082486,-0.054700971847458,-0.0837126255647475,-0.0212229297879958,-0.025449291084481
-4.17393521897657,-9.48835896830887,1.62752641877323,-0.00566996677670902,0.0998391279847286,-0.0199586099253928,-0.0204665690714467
-4.28826922984099,-9.54629523339252,-2.87801995987473,-0.0965465342454303,-0.0260531519244017,-0.0177874766189952,-0.0318831131592532
-4.34060929917284,-9.67230293152835,-1.9101871949751,-0.0332912768442509,-0.0942957628214515,-0.0190487924875979,-0.0317119353143767
-4.45732870302182,-9.67720105203398,-3.42520024233962,-0.0960052209028935,0.0279820935490292,-0.0207141829460857,-0.0328802140546589
-4.56559774552463,-9.65971950139649,-3.57735348465128,-0.0906549157730124,0.0422100254227361,-0.0176141267297965,-0.024728474785249
-4.48967298497071,-9.64704231626927,0.383932923526424,0.0927198655265905,0.0374569958316332,-0.0167951049726769,-0.0247798107044126
-4.41145474887072,-9.65333126643669,0.23799242813413,0.0971813222223919,0.0235752117934842,-0.0189630861223966,-0.029864161960905
-4.35929709002579,-9.75904563009004,-0.831488611061315,0.0673776519925763,-0.0738935180646265,-0.0152199931476504,-0.0318208455887241
-4.28253519600608,-9.80607348804336,-0.167357198236168,0.0986028439941919,-0.0166577056120297,-0.0218409499744778,-0.0303701523412858
-4.39521501047473,-9.80695504600111,-3.42525527875924,-0.0960036807232516,0.0279873772902709,-0.0166761337453991,-0.0288689352480205
-4.38065270635863,-9.73277595925861,-4.98889987694178,0.027300075137566,0.0962013819936245,-0.0127377710214667,-0.02202229525113
-4.41007696325393,-9.86553687865777,-7.97812410565455,-0.0123823850050802,-0.0992304214522238,-0.0170418718902186,-0.0335304979469271
-4.39008997240379,-9.80569068504319,-11.3771295277361,0.0372364316792207,0.0928086642280705,-0.017249440829084,-0.0329624706134908
-4.38377845170878,-9.74497657168891,-11.3158001602,0.0314780958895779,0.094916434189062,-0.0251665751945618,-0.0342023208347886
-4.48988476034789,-9.83037203203649,-15.1509755494861,-0.0848851347044606,-0.0528631620904916,-0.0212211739346575,-0.0325322982570864
-4.58360555219541,-9.79346132195093,-22.7053563168067,-0.0755612422535616,0.0655018982098884,-0.0181595495939497,-0.0285911881243273
-4.69687165176374,-9.85698562166231,-21.6396534010581,-0.0938858971122853,-0.0344301949373129,-0.0193802024560465,-0.0290941047740638
-4.63435350222551,-9.84490625802343,-24.7367106687531,0.0922599506383645,0.0385759187603685,-0.029741801100136,-0.0264965551214882
-4.7470320013224,-9.83957653168713,-22.3374090917545,-0.0940648402546575,0.0339382649507274,-0.0186136588422334,-0.0286085386144261
-4.81165253822446,-9.95794703847479,-20.8667866210739,-0.0431752117173066,-0.0901992300031755,-0.0214453251847582,-0.0281712767844873
-4.92558708103127,-10.0101690432586,-21.7013599084412,-0.0958304285344801,-0.0285749709868253,-0.0181041142723242,-0.0236470337970083
-4.84407323980181,-10.0183868952403,-24.972271852946,0.0987152394522284,0.0159781569615903,-0.0172013982227712,-0.0241960089432691
-4.80652242305187,-9.96263575804138,-24.1324387769327,0.0540047776757455,0.0841634361714949,-0.0164539609258032,-0.0284122989725777
-4.84800408769492,-10.0831402051165,-14.3975153303666,-0.0257417216127213,-0.096630035539749,-0.0157399430303276,-0.0238744115353402
-4.79040729167412,-10.0379901639278,-11.8137360892588,0.0729890537305291,0.0683564044952771,-0.0153922577097338,-0.023206363306624
-4.81567507988618,-10.1691076958947,-14.2333383636687,-0.00960232437298072,-0.0995379091936136,-0.0156654638390759,-0.0315796227732914
-4.85326269417966,-10.2966760466805,-14.3335487466495,-0.019512196660447,-0.0980778985372548,-0.0180754176330309,-0.0294904522485133
-4.94993480622895,-10.2613116034752,-10.1003148102347,-0.0780371362855454,0.0625316348766863,-0.0186349757637458,-0.0271671916713547
-4.9161690100604,-10.2133747364431,-11.618425101002,0.0583353011960765,0.0812218728814045,-0.0245695050275296,-0.0332850058493648
-4.98834376207239,-10.330275970251,-14.6948683168087,-0.05292372751043,-0.0848473869155777,-0.019251024501556,-0.0320538468922944
-4.92842910855228,-10.2964662335129,-18.1629974011715,0.0773432073190657,0.0633879190508729,-0.0174285537989602,-0.0295781823127754
-4.98031085515064,-10.2298439903789,-16.9039148355108,-0.0366128071956193,0.093056447112795,-0.0152689394027403,-0.0264342039787859
-5.09328258477932,-10.2333409467363,-15.9650787831277,-0.0967127501754367,0.0254291949047461,-0.0162589794532382,-0.0289261512621461
-5.20429176809449,-10.3100490503573,-21.467367769266,-0.0865934374304944,-0.0500157634548454,-0.0244157458846805,-0.0266923401661519
-5.30768939613163,-10.3841642867534,-15.1466151129065,-0.0846538219926832,-0.053232794610382,-0.0187438060444522,-0.0208824417857567
-5.41873744382997,-10.421492887771,-15.5418860922147,-0.0986240854481036,-0.0165314781409634,-0.0124239622502369,-0.0207971228765764
-5.53731632913661,-10.4478331351274,-15.7125667741466,-0.0999989403884057,0.000460348993787292,-0.0185799449182387,-0.0268005963502471
-5.47097923152615,-10.4175942481356,-18.2779214723906,0.084101784987562,0.0541007371660118,-0.0177646873770945,-0.023861850174228
-5.41831879710966,-10.5169295029648,-19.6241191523411,0.0714726580330933,-0.0699403971513209,-0.0188122236166102,-0.0293948576778806
-5.34239800962676,-10.488057211913,-18.3066406860208,0.0856206211324758,0.0516634226207386,-0.00969983364957461,-0.0227911315689315
-5.44734765886664,-10.5374116265164,-21.8055606095191,-0.0982827926498489,-0.0184524434410949,-0.00666685659003097,-0.030901971162308
-5.53817481035437,-10.6172263431196,-21.4512646623712,-0.0857768360213947,-0.0514036419153231,-0.00505031546633194,-0.0284110746878383
-5.52177250604488,-10.5574586601225,-17.6600496567004,0.0372118195343416,0.0928185352553227,-0.0208095152248529,-0.033050852258226
-5.46445017131425,-10.6625950573518,-13.3412284567235,0.0714520496819693,-0.0699614507871684,-0.0141297149513413,-0.0351749464421172
-5.46580061530577,-10.5970323575303,-17.3685499841117,0.00896697849431337,0.0995971550631971,-0.0103174224858273,-0.0340344552416791
-5.57401357867181,-10.6435838665664,-21.8523413578473,-0.0990381736383612,-0.0138361903130096,-0.00917478972768571,-0.032715318723076
-5.49520141892395,-10.7092327178533,-25.5228877266105,0.0924853353131056,-0.0380323908270624,-0.0136731755652386,-0.027616460459889
-5.56358727443531,-10.6551714121602,-23.1560117296038,-0.0394876269604419,0.0918734309636523,-0.0288982285509247,-0.0378121252705323
-5.6713238076791,-10.6298742037571,-28.950721044779,-0.0779839366178776,0.0625979682543998,-0.0297525966259062,-0.0373007598513269
-5.74693250243248,-10.7483690804972,-21.0319207857326,-0.0574152403427718,-0.0818748445884434,-0.018193454410607,-0.0366200321516832
-5.74948407785189,-10.8770688372767,-13.9254816410369,0.0210107878643405,-0.0977678208477599,-0.0235623632837498,-0.0309319359316955
-5.70623602275331,-10.9798611488923,-19.8162346215083,0.0568036101151963,-0.0823003637773295,-0.0135555550166186,-0.020491947838261
-5.82059605322736,-10.9731629527561,-22.2298921377913,-0.0971635866534608,0.023648201382672,-0.0171964438205929,-0.0169500052465175
-5.73623601357638,-10.9607451044112,-24.7891776691844,0.0941560280943019,0.0336844529940005,-0.00979598844331697,-0.0212666046490355
-5.67135392604076,-11.0507086472966,-19.5735209116859,0.0749185372647309,-0.0662360383334717,-0.0100364497291139,-0.0237275045519763
-5.65763770558002,-10.981555447775,-23.8392642842584,0.0273778436559051,0.0961792788325678,-0.0136616231951594,-0.0270260793109447
-5.73217070695034,-10.9241180153775,-22.9876434833074,-0.0543248413911299,0.0839572010480851,-0.0202081599791972,-0.0265197686505694
-5.74859119299054,-10.8452073326906,-29.8794855181008,0.0034348551207684,0.0999409914414467,-0.0198553411609694,-0.0210303087545327
-5.84505697236613,-10.9403721938682,-21.2311130927484,-0.0724811565712041,-0.0688947163583725,-0.0239846228043872,-0.0262701448192306
-5.95620078663952,-11.0051459771318,-27.8289336389771,-0.0902438305208108,-0.0430819109712091,-0.0208999837525772,-0.0216918722924504
-6.04082841056038,-10.9547712930316,-29.0409906191339,-0.0720234016396182,0.0693731188304104,-0.0126042222812384,-0.0189984347301806
-6.01496498590712,-11.0649027489964,-26.2493943953871,0.0438692486712913,-0.0898637247225843,-0.0180058240180294,-0.0202677312421873
-6.12956865906707,-11.0785729892246,-21.9801265072657,-0.0999939257624963,-0.00110218446930553,-0.0146097473974569,-0.0125680557589085
-6.13603260371759,-10.9918248968517,-23.623411950688,0.00614283502947882,0.099811149566572,-0.012606779680004,-0.0130630571937029
-6.10885898713872,-10.9054441292767,-23.9407542279577,0.0369814469941955,0.0929105622532525,-0.00980783041532263,-0.00652979467821524
-6.1240079548652,-10.8195533349271,-29.9053380925153,0.00601715145166146,0.0998188052844141,-0.0211661191781376,-0.013928010934853
-6.08921548646551,-10.7550072124019,-36.7275973438096,0.0564049594513021,0.0825740912713968,-0.0216124910516147,-0.0180279687461464
-6.0571806669317,-10.6909533342585,-36.6343176098977,0.0484684204012445,0.0874689214739054,-0.0164336008674333,-0.0234150433305675
-5.98676893309371,-10.680206756304,-37.2894248578177,0.091724554848085,0.0398322236125557,-0.0213128210100937,-0.0290856456580268
-5.92537358310866,-10.7558643561965,-31.9371994171701,0.0867186007394649,-0.049798436579769,-0.0253232507544148,-0.0258591633127736
-5.85395494801658,-10.8077771535135,-37.9460779043528,0.09696585697003,-0.0244463204198033,-0.0255472218779502,-0.0274664768971693
-5.98000935283309,-10.8525498285916,-34.3799720144343,-0.0984279860979042,-0.0176615840940378,-0.0276264187186062,-0.0271110909840395
-5.92568273094787,-10.8066285826814,-37.0090051116004,0.0771178072050698,0.0636619494822589,-0.0227911853198499,-0.0177407035720289
-5.89058878510217,-10.9082259834501,-38.7024610275267,0.0537481039307637,-0.0843275834104584,-0.0186541580850648,-0.0172698173582884
-5.85032009745143,-11.0049394023859,-32.3572280448052,0.0588736481738644,-0.0808325030584853,-0.0186049605231249,-0.0158809158773554
-5.88321290191845,-10.9195661149546,-36.0119985620139,-0.0116054844010696,0.0993242806760589,-0.0212873200659498,-0.0139509932447357
-5.86613717473723,-10.8403451248525,-36.5346992441139,0.0395290170317319,0.0918556302711219,-0.0224532898505156,-0.0126346401690025
-5.98684251516082,-10.8557138474794,-34.6189655566312,-0.0998112765890119,0.00614077077179715,-0.0208940638345743,-0.0215094933986943
-6.0401947298793,-10.9707045101872,-33.332163304256,-0.0338611133174639,-0.0940926405459102,-0.0194911014010124,-0.0208980221618411
-6.08752743832813,-10.893761537869,-29.5456934456303,-0.0294982079408568,0.0955502785358472,-0.0178345005079787,-0.0186073062177368
-6.01708236639991,-10.8532367561514,-30.9009494817099,0.0870304023681011,0.0492514879333247,-0.0165853304398844,-0.00872670621564531
-5.98183589915577,-10.9465839078875,-32.3589210817665,0.0587367114469543,-0.0809320624252047,-0.0234902442028089,-0.0124150893109807
-6.09076351939046,-10.9010638625815,-35.1711101744663,-0.081758557907691,0.0575807103885905,-0.0271690623269976,-0.0120606650825454
-6.21104252179293,-10.9453403501287,-46.8826009768053,-0.0971030810631479,-0.0238954315308121,-0.023175921339325,-0.020381056016392
-6.28203693884335,-10.8613962351407,-54.6159118432226,-0.0354107534093778,0.0935204712508456,-0.0355836636410407,-0.00957635626279796
-6.32854181888184,-10.7743182046504,-48.5590631489756,-0.0135207598212093,0.0990817291626321,-0.0329841202172769,-0.0120036986723928
-6.26450395812962,-10.8176525243706,-50.5683875740133,0.0954473938307175,-0.0298294319577814,-0.0314095330785058,-0.01350488776243
-6.38113138255131,-10.8152924535402,-53.6773668113625,-0.0963693049714086,0.0267012557631219,-0.0202581194502791,-0.0243411849326431
-6.36509489708903,-10.9290341079229,-57.7422038053621,0.0368374805068391,-0.0929677364998646,-0.0208009950445573,-0.0207739178829254
-6.33009267332589,-10.8690694191436,-61.7937290869473,0.0507837248876869,0.0861453033341443,-0.015781501124545,-0.0261806145548018
-6.30589157546037,-10.975546840215,-70.2949682702387,0.0380989646390159,-0.0924579303977491,-0.013897866773501,-0.0140194906736806
-6.32257014451773,-11.1021674051613,-64.3579263986654,0.00447080926559918,-0.0999000093318846,-0.0211493783229528,-0.0267205556144106
-6.43895954855533,-11.1610362038322,-71.9132578956004,-0.0941624406672554,-0.0336665229506347,-0.0222269633703469,-0.0252022757202734
-6.36031440075533,-11.1903227611615,-75.5220958801994,0.0992337645095351,-0.0123555647894433,-0.0205886167095377,-0.0169309925397769
-6.34067905813741,-11.1182126601374,-74.1980685024897,0.0362213112872542,0.0932095306748824,-0.0165859686693306,-0.0210994296508495
-6.45374253114316,-11.1271147834812,-72.3696899505602,-0.0993615645450806,0.0112818212693601,-0.0137019084606713,-0.0201839446131693
-6.52937047850734,-11.23088370449,-71.244298550383,-0.0529884056190129,-0.0848070095567281,-0.022639541745165,-0.0189619114520188
-6.64682581046122,-11.291963099052,-78.1088372825548,-0.0908557173737766,-0.0417760531943412,-0.0265996145801006,-0.0193033413676904
-6.67416812587416,-11.4104819363673,-89.5332321014997,0.000215852413326462,-0.099999767038407,-0.0275581678262675,-0.0185190702768558
-6.77604282158591,-11.3566609933882,-91.7926546988399,-0.0773489610787668,0.063380897911243,-0.024525734632987,-0.00955995493215589
-6.70807870258516,-11.4152948975976,-88.3561566224369,0.0924313954621425,-0.0381632956244743,-0.0244672764613938,-0.0204706085849491
-6.77234791969637,-11.5250554996929,-89.9436894720588,-0.0397048587060533,-0.0917797591799649,-0.0245643584051507,-0.017980842915339
-6.84843818137087,-11.444004999439,-92.1882980909274,-0.0469465381623021,0.0882950879413771,-0.0291437235122016,-0.00724458768748271
-6.80495282800208,-11.5323277225512,-88.9115039323932,0.0584194061164163,-0.081161400856597,-0.0149340527476207,-0.0071613222556266
-6.72930128028624,-11.5973862725061,-88.4817942632212,0.0869207058836182,-0.0494448267131512,-0.0112691581677815,-0.0156137232417564
-6.74264205983556,-11.7184719284163,-89.5771199419398,-0.00417172048942431,-0.0999129458486643,-0.00916905905989385,-0.0211727100615011
-6.7463765508327,-11.842307826744,-83.0795057816884,0.0171842353342261,-0.0985124461983253,-0.0209187263313702,-0.0253234521293635
-6.8592805590584,-11.8526406554579,-84.9327215282669,-0.0993986809910441,0.0109499870886064,-0.0135053272346513,-0.02128281580252
-6.79409909436086,-11.8054019487947,-87.2740686264887,0.0770911297389139,0.0636942518252467,-0.0119096650413812,-0.0164555451620494
-6.76666211187096,-11.9183744271881,-95.4589895440383,0.0351887107290098,-0.0936042447607483,-0.0077517282391053,-0.0193682336325889
-6.82365552084184,-11.8550437877316,-92.0146167736279,-0.0614984655752614,0.078853907524538,0.00450505660437539,-0.0155232680680939
-6.87399577165353,-11.7952330494448,-92.1181602686221,-0.0530188621360957,0.0847879723651514,0.00267861132440839,-0.0249772340783299
-6.84226729672732,-11.915211994076,-89.2004894151849,0.0328675871981449,-0.0944442783432239,-0.00113911227193686,-0.0255346662879621
-6.94989007895189,-11.933980943857,-91.0559151506557,-0.0998736638992189,-0.00502506311859401,-0.00774911832534464,-0.0137438866623825
-6.87768862232651,-12.0029782717144,-94.9103208820607,0.0788431584121269,-0.0615122457044146,-0.00664170178675239,-0.00748508215301591
-6.98772211871519,-12.0151119325553,-97.4065686200998,-0.0999852146265331,0.0017195511292526,-0.0100482817621401,-0.0138532119701544
-6.92064079700799,-11.9783470896794,-93.6589170145647,0.0831572950322298,0.055541554559831,-0.0160759733250302,-0.0187767116839233
-6.85141838453776,-11.9351159989935,-87.3552829852266,0.0820042348502221,0.0572302845234027,-0.0127818223799983,-0.0139991938375594
-6.92099018073816,-11.8693099705144,-79.5474466107093,-0.0533865988144572,0.0845569102263334,-0.0161851973859406,-0.0187508817472359
-7.02913230130418,-11.8725152268647,-78.718378308712,-0.0984100125520399,0.0177614591041204,-0.00973210801397872,-0.0209667154543709
-7.06541055085922,-11.8097864279158,-79.8374449715928,-0.0269783025552232,0.0962921138579834,-0.00929994699982295,-0.0335633149090437
-7.08821968605675,-11.7388286889058,-79.9653750211134,-0.0144727577181077,0.0989471539966307,-0.00833637747942184,-0.0279894149866671
-7.12367322434931,-11.8623038581541,-77.266050009645,-0.0292681554923601,-0.0956209970355624,-0.00618538280019543,-0.0278541722127983
-7.21733664108114,-11.9261377338623,-84.4345410810523,-0.0925493238696316,-0.037876412861754,-0.00111409286220088,-0.025957462846355
-7.27331217537957,-11.870421518611,-85.9803680718427,-0.0401752611585036,0.0915748240011742,-0.0158002731399209,-0.0358586087498942
-7.20005356180978,-11.9170150814769,-88.1554374684492,0.0981844646302488,-0.0189686822228491,-0.0249258510604653,-0.0276248806430779
-7.15012122720188,-11.8638443096686,-87.1094502705206,0.0656109822088457,0.0754665423455357,-0.0156786476009412,-0.0222957705371964
-7.07363485941241,-11.9132197092102,-88.2337461536579,0.0963996777122512,-0.0265913921593831,-0.0199133099227815,-0.0227840073822669
-7.09323001738293,-12.0490374432389,-89.5280177062913,0.000737285421941682,-0.0999972820140957,-0.0203324433924648,-0.0358204520145762
-7.2032466605981,-12.0406175834064,-85.2880993036083,-0.0893777769860891,0.0448510086957353,-0.0206388662290813,-0.0364311488632403
-7.18929744523664,-11.972477281077,-86.7595402199634,0.035764254593954,0.0933858559597696,-0.0218150392324885,-0.0252455536303788
-7.25378694345051,-12.0890514801327,-90.0095982624223,-0.0456633659357784,-0.0889654821344503,-0.0188261322780932,-0.0276087169212627
-7.37720152406883,-12.0906860863944,-91.3351741852575,-0.0973896784154308,0.0226991307793708,-0.0260249022028924,-0.0243337370410384
-7.42027294847509,-12.0220649314735,-86.2075449282333,-0.0185178052628325,0.0982704985651737,-0.0245536191434246,-0.0296493436442873
-7.45344525912776,-12.1460199055308,-77.1507932169958,-0.0180773846671123,-0.0983524690264421,-0.0150949259855633,-0.0256025050308875
-7.57191104530788,-12.1696527680307,-84.8175649310521,-0.0999985221096665,-0.000543668908941621,-0.0184672640704475,-0.0230891935909092
-7.64324774743745,-12.1067384694664,-85.8478775440055,-0.0519204955361417,0.0854649761205226,-0.0194162065934256,-0.0225506775562749
-7.60195528765212,-12.2081822477675,-76.2027142626047,0.0693478353175827,-0.0720477462296041,-0.0280553755322526,-0.0293960320714213
-7.71166141881827,-12.1924260365761,-79.0164794784066,-0.0888530874815826,0.0458816831098231,-0.0208530436845713,-0.0301254719184296
-7.74635031724051,-12.1228857073466,-86.2485323450822,-0.014475526571507,0.0989467489636602,-0.020213371850736,-0.029406419734249
-7.81597958872028,-12.2289647737366,-90.1417158156427,-0.0569851546715654,-0.082174765877718,-0.0126441168082065,-0.0239043005122159
-7.73470377901922,-12.2982050307661,-88.4275535070395,0.0894734841988238,-0.0446597763689299,-0.00819767449775455,-0.0245804806605836
-7.66339654242168,-12.2606110243438,-87.3467893547781,0.0815151898605429,0.0579247254805722,-0.0102079532630057,-0.0203307190582862
-7.78130931854799,-12.2800746117169,-84.8229160033638,-0.099999999633259,-8.56435605117455e-06,-0.0179127764930502,-0.0194550230170663
-7.73529461387355,-12.2290651426383,-87.1901698765045,0.0714823655467247,0.069930475587146,-0.025467660872291,-0.0189210065085206
-7.66737387127041,-12.201306598583,-87.4620352216034,0.0876352801852351,0.0481669769329085,-0.0197145375820895,-0.0204084328775966
-7.67347620786543,-12.3231711696698,-89.4318187218608,0.0103386833026365,-0.0994641223133638,-0.0164410198976537,-0.0224004487734923
-7.64580943886868,-12.2524388653566,-86.8243133380631,0.041733919558502,0.0908750788626039,-0.0140671505617584,-0.0201427745493277
-7.73333369277446,-12.3407276587822,-84.2046496514269,-0.0814834899576107,-0.0579693096761377,-0.006040763948163,-0.0303194837495351
-7.65742367355275,-12.3186009926175,-81.1937352397994,0.0883425262094403,0.0468572092952018,-0.0124325069877322,-0.0247305431304401
-7.58082733481354,-12.3878060816798,-82.0984980958644,0.0914272019060833,-0.0405100820984638,-0.0148308631668739,-0.0286950069638099
-7.67596185944284,-12.4737017495066,-84.2267450964647,-0.0827443537702158,-0.0561548922102907,-0.0123901708590903,-0.0297407756165793
-7.78666568918188,-12.4971718493201,-84.8200106485948,-0.0999995526967831,-0.000299099387000287,-0.0107042770422483,-0.0231710004264496
-7.83037884423739,-12.6217879146917,-83.5530758177271,-0.0296351712707367,-0.0955078877567403,-0.0140779837847758,-0.0291081776148623
-7.91575871757891,-12.57325174696,-85.6833389834741,-0.0652181783051139,0.075806261077581,-0.0201616950364061,-0.0272700933459262
-8.03259049689375,-12.5884748002202,-84.8960304575863,-0.0997334581325114,0.00729639150063863,-0.0170983211823321,-0.0225194447608068
-8.07771781232994,-12.7183612911964,-89.9348144023617,-0.0388887539364881,-0.0921285233641964,-0.00623856149969892,-0.0377579676120554
-8.14226747539371,-12.8358318853757,-84.0165218000776,-0.0692043757518886,-0.0721855551810154,0.00465471268811868,-0.0452850389982533
-8.1000785495542,-12.7958911442955,-80.6185402080337,0.048636747301841,0.0873754359754323,-0.00644782146233069,-0.0474346948952302
-8.1815135215589,-12.9179147801551,-77.691751807323,-0.0661435987683864,-0.0750001622796026,-0.0152913732363125,-0.047023473580035
-8.29082958530012,-12.943159833128,-84.8922684375812,-0.0997602014858172,0.00692114148888448,-0.00955586225540905,-0.0321661944617428
-8.39897813295624,-12.9846185524117,-84.7222865264331,-0.0994932517940933,-0.010054493892641,-0.0086552958620274,-0.0314042253910465
-8.42409064086352,-12.9123210583941,-86.214732160613,-0.0178110401556249,0.0984010510542175,-0.00730146775165519,-0.0261035570366008
-8.40313049523476,-13.044322936406,-95.6010960351318,0.0215769572916687,-0.0976444310446505,-0.000616811662903949,-0.0343574469673094
-8.41948527950752,-13.1748841173786,-95.9848645884227,-0.0165523346151767,-0.0986205871955102,0.000197550342416086,-0.0319405937770547
-8.43313603359824,-13.1050449496419,-98.8599144498975,-0.0100086281968783,0.0994978761663617,-0.0036421258938466,-0.0296587084296362
-8.51314061742032,-13.1958995193292,-102.91720260116,-0.0728028242235632,-0.0685547138063675,-0.00720175959851055,-0.0222998558809699
-8.60515155395086,-13.2565876502885,-103.289231369852,-0.0927425745520269,-0.0374007334882851,0.000731638021476577,-0.0232873974709928
-8.49763607295399,-13.2602754276404,-87.781872255958,0.0983352722008441,0.0181706973224996,0.00918020879602732,-0.021858474674449
-8.52265154016038,-13.1846717316301,-86.1578082830558,-0.023380535968567,0.0972283422558595,-0.00163493123781677,-0.0216246462455221
-8.58220361959508,-13.1325436871154,-85.6560451345796,-0.0672626752897169,0.0739981926324563,0.0077105958550181,-0.0218701481177721
-8.47941744769996,-13.1204763006872,-81.3844598307881,0.0956233625895875,0.0292604259548675,0.0071628093055347,-0.0171930395266671
-8.56608841630322,-13.0883978201288,-85.4418584646108,-0.0814542153822094,0.0580104369615387,-0.00521675322105164,-0.0259319564030864
-8.51304993006095,-13.1921931547663,-82.6214272727599,0.0589773263234598,-0.0807568881256338,-0.00593884008119261,-0.0230384465119453
-8.55575060026187,-13.1258455423091,-85.9540562015109,-0.0425705818843539,0.0904861622460999,-0.000130088316569577,-0.0241385497888675
-8.61599024792654,-13.2416041698746,-83.7792380073838,-0.0502970900949545,-0.0864303345358563,-0.00994255756971629,-0.0293282930296392
-8.58233383631852,-13.18660165285,-80.579429445705,0.0451831046428108,0.089210352845602,-0.011526693034785,-0.0342078358210305
-8.53006372696159,-13.2924395193452,-82.5516493982483,0.0644642780175956,-0.0764483934407398,-0.0121941686606686,-0.0293894730543833
-8.59032824348258,-13.4112618131749,-90.0546217988548,-0.0496212786978677,-0.0868200938745665,-0.0106432378231256,-0.0320021999552189
-8.51381060195611,-13.3861641841586,-87.4871657946018,0.0888179451228596,0.0459496749080198,-0.0123003035963878,-0.020852045891715
-8.45164513371266,-13.3376231807642,-87.1007570074077,0.0649524607752723,0.0760340571009907,-0.0027869925318198,-0.0274930537065128
-8.44264910251306,-13.4623856416312,-83.202258688865,0.00499258671610273,-0.09987529262977,0.00400344448349443,-0.0248871682372673
-8.40320605969688,-13.3971602969468,-80.505860776413,0.0385037181522377,0.0922901061244002,0.00093932466394353,-0.0270647614400197
-8.30989029111636,-13.3961319745705,-81.3120495720114,0.0932558797439033,0.0361018128795583,5.98888366223349e-05,-0.0350734905032102
-8.40038438719221,-13.4647187873714,-78.166754092235,-0.093121561999957,-0.0364468749097666,0.00262746592410235,-0.0321399378911149
-8.40394771603439,-13.6082455488893,-83.298001028745,-0.00457797028091325,-0.0998951559791919,0.0010146414387382,-0.0436316055387902
-8.50539763238903,-13.6584364841331,-84.7623103921349,-0.0998158851045166,-0.00606540030022337,-0.00163403125012263,-0.0441255349435075
-8.42061260576768,-13.7456011893793,-88.4847015825598,0.0867765868366107,-0.0496973236400932,-0.00199156021526203,-0.0374673816061719
-8.49736162824363,-13.721196543142,-85.5214584511153,-0.0765835430207203,0.0643036619361097,-0.000165479455231932,-0.0398990156988237
-8.59135888211956,-13.7134835265916,-91.549437871871,-0.0903362190569794,0.0428878482380433,-0.00366103481894875,-0.0351748316875682
-8.63440022530942,-13.8373241190731,-96.2148697860634,-0.0386002086938918,-0.0922497907249008,-0.00444113449596806,-0.0315908017566731
-8.71893185391367,-13.8033544411764,-91.7867870096881,-0.0777195268019224,0.0629259497638714,-0.00681210180232927,-0.0289562718670808
-8.81655294495576,-13.8687330622209,-90.6136053680379,-0.0881114958534157,-0.047290213559187,-0.00950959518867034,-0.0180884074853225
-8.92453768987481,-13.9193485083754,-90.824759740868,-0.0960660041200371,-0.0277726997680999,-0.0119187407990129,-0.0228427463864076
-8.84835227753072,-14.0057875346394,-94.8102423638298,0.0845944360896612,-0.0533271167669153,-0.00840902374556762,-0.0331119094971601
-8.94710024870557,-13.986603170237,-91.6565150908908,-0.0852352963257531,0.0522966945443119,-0.0135126748491006,-0.0331123301418508
-9.04878947035298,-14.0895997722481,-90.4154182694701,-0.0770756490839012,-0.0637129839066993,-0.0246135725635064,-0.0392836181043972
-9.1047441730612,-14.2244175228502,-89.9444573219814,-0.0397753200752541,-0.0917492447539002,-0.0161793826329752,-0.0430685058482485
-9.05531343197963,-14.3237474657215,-88.7673822292681,0.0694704066674395,-0.0719295669211249,-0.0200396655858635,-0.0274003759501742
-9.06202433712789,-14.2577103121703,-80.2379662297486,0.0127009585852154,0.0991901489615609,-0.0194118637334766,-0.0331529954103686
-9.17299599498686,-14.3056810374896,-84.6537459673687,-0.0985710419765818,-0.0168448711378554,-0.0124006158823908,-0.0311258541813899
-9.0999634013833,-14.3808511012901,-88.5008521008418,0.0859626670718537,-0.0510922682007134,-0.0129300734682909,-0.0240777955998013
-9.19534530030231,-14.4378233289979,-96.9606957007647,-0.0909516656769244,-0.0415667476547417,-0.00443023324208713,-0.0154054800530208
-9.13502778018954,-14.5409443531135,-95.1502544673966,0.0619669442388964,-0.0784862906608122,-0.00164942412612401,-0.0246347334548407
-9.14547381635007,-14.6661007019044,-89.6082100673625,-0.00727551008605695,-0.0997349835964677,-0.00317052607447277,-0.0254213651944539
-9.1445858347177,-14.7956839770667,-83.2269836084566,0.00252190376901204,-0.0999681949490929,-0.00163392213664348,-0.0296150802131745
-9.05052421206135,-14.8034632851414,-81.4379199791981,0.0970502716561506,0.0241090184675231,-0.00298864899980167,-0.0318883265421839
-8.96779422779315,-14.7846594275642,-93.8346086966945,0.0915852259559444,0.0401515427673534,-0.00885524168774499,-0.0213476851902179
-9.02026945841234,-14.8901252362327,-89.9179424515486,-0.0373289048087881,-0.0927715089118229,-0.0151463258104041,-0.0126942997566246
-9.08775699035212,-15.0029928345304,-83.8223118214843,-0.0539721709267886,-0.0841843498843432,-0.0135153610129883,-0.0286832484133832
-9.00323281841893,-15.0479593679006,-75.7097407476255,0.0951869681473655,-0.030650303341279,-0.0106627962141719,-0.014316230028939
-8.98522248437119,-14.9776123691204,-67.8926736966275,0.0341424115929324,0.0939909343001696,-0.0161320775451932,-0.0236439355199476
-9.02889514062348,-14.9110598504419,-67.2795883771147,-0.0261575016852564,0.0965183148712503,-0.0175151545670422,-0.0299657961927089
-8.98351359923559,-15.0226173188109,-63.7873626419108,0.0577192713802606,-0.0816607966611386,-0.0123377299923657,-0.0298966717078866
-8.89769919074527,-15.0644624033612,-56.6716904746685,0.0992442245580915,-0.0122712628471205,-0.013429816067771,-0.0295738217032451
-8.88646304983644,-15.1963469572949,-57.9104695644943,0.0207476410878637,-0.097824002112412,-0.00951150017903402,-0.0340605518212662
-8.82665931037593,-15.295619987547,-63.6014179243957,0.07182135230713,-0.0695822775768019,-0.0120176128466181,-0.0296907526753039
-8.79123184409886,-15.4188076722562,-57.6074497480557,0.0489934262385498,-0.0871759381102824,-0.0135659599614835,-0.0360117465989021
-8.69647163473179,-15.4276013253861,-56.3171651390769,0.0973322731072579,0.022944032160328,-0.00257206374019159,-0.0317376852901781
-8.67872615728311,-15.3577506193573,-42.7116883606559,0.0295699362587744,0.0955281051296006,-0.0118244588100929,-0.0256773991008608
-8.6391796994337,-15.3074195231114,-36.6663725972993,0.0512468563807899,0.0858705986417161,-0.0117003985313744,-0.0355395023957534
-8.71059535876453,-15.4264343797445,-33.6340948664912,-0.0603092213127811,-0.0797671475273248,-0.0111064380180546,-0.0392477091058332
-8.62627043233569,-15.4397338418537,-31.2231911847521,0.0981483966619521,0.0191544311502095,-0.0138234702331053,-0.0324538932593583
-8.53571524030902,-15.4884587715077,-31.5796916829111,0.0986620430700524,-0.0163034124416677,-0.00810685104338749,-0.0324215172123772
-8.53765851085518,-15.6220412197144,-39.1872127306608,0.00826012188154293,-0.0996582680288096,-0.0102033924276972,-0.0339241801779195
-8.58490110526911,-15.7435847494912,-45.9515862570635,-0.0388029658970363,-0.0921646886697581,-0.00843962851689284,-0.0293788411069862
-8.61778025313281,-15.6844931368291,-48.4673306842223,-0.0225401816386855,0.0974265888333111,-0.0103389662250191,-0.0383349761712495
-8.52504820293399,-15.7102675365895,-50.2393713766599,0.0999659125098044,0.00261081138386608,-0.00723386231098022,-0.0283852111442506
-8.56685031239119,-15.6423059730716,-48.2584589959868,-0.0422522935451438,0.0906352232312306,0.000450184087940286,-0.0226736597132877
-8.62908451637894,-15.6018982180653,-41.6448004483376,-0.0693762617430827,0.0720203742461484,0.00714205775533472,-0.0316126192399189
-8.63807291798902,-15.5301604462996,-42.2490392586424,-0.0161747845431792,0.098683212072681,0.00718638293309137,-0.0269454403069815
-8.64308118657175,-15.6561557230042,-45.6086534424126,-0.00555313850057064,-0.0998456942125873,0.000544869917843194,-0.0261495824919358
-8.73532017180447,-15.6475205649855,-60.0130699248023,-0.0948347896107628,0.0317232198788578,0.00259580437804718,-0.0230880618601716
-8.62620156692308,-15.6785022730115,-62.826788544191,0.0999987175307482,0.000506450595447752,0.00911988735064284,-0.0314881586214675
-8.66364199481142,-15.7974782984408,-64.7514287646718,-0.0341750922094604,-0.0939790565630177,-0.00326533567888276,-0.024996968866251
-8.56457683842842,-15.8491014010351,-63.1237746770263,0.0957692619370289,-0.02877930624662,0.00329589444597289,-0.0228437963476971
-8.50762231535391,-15.8036776419341,-68.1678424089951,0.0583961641204197,0.0811781252310067,-0.00144164104591038,-0.0357543661299786
-8.45957279654473,-15.9199659883757,-63.9004655498646,0.0481340901404163,-0.0876533477190363,-8.45713312420671e-05,-0.0286349987225663
-8.43979501817025,-16.050182384264,-70.4500486521559,0.0233607361912246,-0.097233101383243,-0.00358295781674389,-0.0329832945051294
-8.352259626307,-16.0689608441361,-75.2854090984982,0.0993643180704487,0.0112575438881981,-0.0118289262071967,-0.0300360037602623
-8.26025304910632,-16.0710411105766,-75.2116006556517,0.0982636405287589,0.0185541626066727,-0.00625706332808385,-0.0206344290471385
-8.16085503574577,-16.0605939815764,-75.1053672024576,0.0957423149361887,0.0288688262778323,0.00365569842437186,-0.0184216972776525
-8.25150507455481,-16.1306754349739,-71.7497785473935,-0.0874276727161386,-0.0485427856992134,-0.00322236609290627,-0.0215386676983051
-8.25260307990661,-16.0542000257274,-67.6511122645738,0.0106666896768846,0.099429481198169,-0.011764695028682,-0.0229540719517054
-8.35466763177496,-16.0554393828889,-66.2589217448073,-0.0959527707528086,0.028161423700853,-0.00611178111554533,-0.0294007808623675
-8.26979714993945,-16.0401715821015,-62.4848105326683,0.094038271007398,0.034011815387291,-0.00916778917188932,-0.0187440145998572
-8.18617828805067,-16.100159338061,-63.204035593379,0.0931535892224177,-0.0363649393644629,-0.0095347273336337,-0.0236228165950116
-8.112335645807,-16.0707167338158,-56.0362336892021,0.0871553663201181,0.0490300124577389,-0.0133127240764548,-0.0195874082125549
-8.04074791266208,-16.1291530972952,-63.3212097244323,0.0882635451916659,-0.0470058144296931,-0.0166758120467438,-0.0114305490497131
-8.06118689773898,-16.0449332661444,-61.0846256282571,-0.0175517217455562,0.0984476361512381,-0.00288726333134726,-0.0142278050003846
-8.11806102814686,-15.9751109033648,-60.7585789574987,-0.048159852778407,0.087639195457068,-0.00871427762946553,-0.0178168326775214
-8.21312925513335,-16.0367484297591,-59.1727828507154,-0.0869069764141248,-0.0494689544113757,-0.00816125057236938,-0.0121685719829436
-8.21059362483427,-16.1457273908797,-58.0476082474448,0.00717940248327568,-0.0997419479456018,-0.00464377218419099,-0.00923701317496395
-8.26544844646646,-16.2485364694948,-52.3570784120337,-0.0497573911259361,-0.0867421583103661,-0.00509743050626099,-0.016066920304727
-8.17034605807353,-16.2490067632965,-50.1345851757771,0.0991445176231432,0.013052380061669,-0.00404212923021152,-0.0135226738633563
-8.2523781922745,-16.1951151768068,-54.0630026517189,-0.0792482567054183,0.060989456540882,-0.00278387749554732,-0.00709787005125762
-8.16932944456566,-16.2374362554571,-50.5114960193507,0.0969890980847169,-0.0243539494274166,-0.0139403503758784,-0.0179671292228321
-8.17545907476357,-16.1546289327112,-48.7869273608347,0.00921104809302162,0.099574879327208,-0.0153406782909258,-0.0167675565812928
-8.22878499399769,-16.0929350160404,-48.2245397887964,-0.0453016754277689,0.089150200243393,-0.00802424380635625,-0.0274562835725796
-8.16661168035258,-16.0366995573827,-49.4136660239066,0.0658617406932969,0.0752477980598032,-0.00368842704818562,-0.019012339402142
-8.08772955624752,-16.0856091714169,-63.1528240180048,0.0948929543481536,-0.0315488068725148,-0.0160108302430926,-0.0173608071616513
-8.12262377864493,-16.0062270746064,-67.3400475418429,-0.0202778470449633,0.0979224638130653,-0.0146163753524489,-0.0185403670025579
-8.22608140323796,-15.9842555600671,-72.6285651384314,-0.0931626199705372,0.0363417974270021,-0.010295004622491,-0.0143702828877394
-8.18148379945052,-15.9059941984467,-74.2978849511238,0.0453294212255299,0.0891360957825643,-0.000731817438090587,-0.0108747341621402
-8.27360114285243,-15.9445789951987,-71.935112012997,-0.0948756490362725,-0.0316008104317918,0.00275830563436319,-0.00698398632018282
-8.21121572116637,-15.8818118719933,-68.3632990704954,0.0730502182645835,0.0682910360991595,-0.0106647965785234,-0.0055239128937572
-8.3083093539931,-15.8535949787831,-72.7416841949454,-0.0884650163112356,0.0466255390215795,-0.00862861651549718,-0.0184086458113732
-8.37378988391923,-15.7864322646977,-73.2322784848701,-0.0560632038472311,0.0828065044207507,-0.00941732607889456,-0.0156437903353819
-8.4835715425837,-15.8004813293175,-72.2764817984401,-0.099980298001691,0.00198494621918812,-0.00980136066277737,-0.0160340108390109
-8.3936102982983,-15.8517541111469,-69.4556652272457,0.0942545434512761,-0.0334077990713471,-0.00429329916588195,-0.0178649827580983
-8.46503523164787,-15.7901833672824,-73.1817832335008,-0.0601713034584475,0.0798712353736402,-0.0112536298911206,-0.018300491509109
-8.40622201866998,-15.7396970425624,-74.698871450375,0.0765259327959628,0.0643722114713157,-0.0177127198180669,-0.0138858867512752
-8.37140094089632,-15.8477839282001,-70.204852248168,0.0462650387446531,-0.0886540816316753,-0.0114439609709924,-0.0194328040060796
-8.3829979345722,-15.9672810796768,-64.3962866719626,0.000636268369650388,-0.0999979757923218,-0.0122332620455339,-0.0194991756842953
-8.29958619760124,-16.0216955823625,-63.2138138576982,0.0927935555206,-0.0372740667736341,-0.00938181854964615,-0.0171404359121183
-8.41236351052078,-16.0587547817656,-59.4095655925784,-0.0960863187348799,-0.0277023347748718,-0.0166909941846578,-0.00935686462827334
-8.51935601706329,-16.1192346503371,-65.362694599681,-0.0819217491192793,-0.0573482957134549,-0.0250707574232294,-0.00313157285794574
-8.55374926431254,-16.2272910523103,-70.9391075779349,-0.0250573755031692,-0.0968097512283405,-0.00933587174608519,-0.0112466507449369
-8.48949731875467,-16.159912454232,-74.4499569140198,0.0583092049465813,0.0812406094173203,0.00594274061129596,-0.0138620113389543
-8.48794141501381,-16.2740495623379,-83.2020012256079,0.00501830076849027,-0.0998740039119138,-0.00346239702763285,-0.0142631041940184
-8.49012294558809,-16.3869087478736,-89.5478424050962,-0.00124514560215898,-0.0999922477616611,-0.000936384972122006,-0.01286693777406
-8.40309967402178,-16.4036281115947,-88.0328136415655,0.0997673963054324,-0.00681664392753489,-0.0127441247391245,-0.00990271979351931
-8.43187431619698,-16.3076773930647,-86.2725178337604,-0.0120983042858414,0.0992654574029012,-0.0166763378893604,-0.00331473887290912
-8.39691370002453,-16.2222776628193,-86.8302624925318,0.0422738077205682,0.0906251906525136,-0.00731319154812393,-0.00522546040709315
-8.31877764153097,-16.1880151439125,-87.5249543960675,0.0904904983464968,0.0425613640406727,-0.0123544398529374,-0.00829884513394674
-8.22327234110446,-16.2056884684538,-88.008477723836,0.0999037277091018,-0.00438693398920583,-0.00439842728258455,-0.0132863905520892
-8.17387428699469,-16.3052934113998,-82.6371921338633,0.0576969292427377,-0.0816765838901121,-0.00829887513296867,-0.0179283590558335
-8.13502339493764,-16.4021667599595,-82.7267729077614,0.050158713457842,-0.0865107130028073,-0.0113078214007896,-0.0103626355569268
-8.03837162765073,-16.4143364062505,-88.023595086423,0.0998259958489434,-0.0058966560665127,-0.00317422856203287,-0.0062729902244385
-7.96140312055957,-16.3708322664578,-87.3439997322828,0.081353284777747,0.0581518964082067,-0.00438477768658885,-0.0146477566155525
-7.90328259497149,-16.4551851142464,-82.5190644037391,0.0669206872198972,-0.0743076148319719,-0.00880016163181985,-0.0100452329566316
-7.83607118976953,-16.4060385522248,-93.5716149696989,0.0779978642670783,0.062580613370072,-0.0107864590651161,-0.0134340513485114
-7.8161063433049,-16.33077637184,-93.0031502108667,0.0320414410232197,0.0947277470288169,-0.012076594558593,-0.0194655666439481
-7.88398997294313,-16.2684762187649,-98.4418836153793,-0.0495391074246844,0.0868670065995461,-0.0183445222135479,-0.0245668535244192
-7.83400625150643,-16.3694605895471,-101.444685508171,0.06108040859639,-0.079178176827318,-0.0110966871596911,-0.0218061939549763
-7.87178228440405,-16.4947263409921,-89.8017893468378,-0.0263258905235623,-0.0964725219331464,-0.0114501423740538,-0.0287932295117841
-7.81914189354717,-16.590261491985,-95.0268974576157,0.0711533659313908,-0.0702652013206651,-0.018512975074513,-0.0252699496722713
-7.86287244732434,-16.7003438228326,-89.8611193374639,-0.0319999263723979,-0.0947417791270626,-0.0117306274047735,-0.0153405517205414
-7.95363246443692,-16.768669882554,-96.7713994485336,-0.081505465061369,-0.0579384083758775,-0.00925455205120862,-0.0103876513455106
-8.05406183631385,-16.8190687407774,-90.6793660197945,-0.0910286413899441,-0.0413979038926002,-0.00940073048698231,-0.00900095433080139
-7.96745940877361,-16.8879937736495,-88.4965953511835,0.0861793745931989,-0.0507258848589662,0.000423052947036595,-0.0181991480131565
-7.90148531556927,-16.9881750420279,-88.7513230096133,0.0706165317662048,-0.0708046992883423,-0.00464243856186464,-0.0293765690900365
-7.80881406799093,-17.0027974275103,-94.0857531062865,0.098690239790032,0.0161318495587453,-0.00601899221169155,-0.0307542350411047
-7.7689872811888,-16.9446042595321,-93.2525916157927,0.0544345199983454,0.0838861313480944,-0.0146077331962111,-0.0256929633698917
-7.70831690969675,-17.0334609257696,-88.6785398302684,0.0755784150345105,-0.0654820828996091,-0.0149080435424587,-0.0233745833379189
-7.80084367706785,-16.9927032351017,-91.8117350346943,-0.0761256262624909,0.0648451156691354,-0.0164011411086111,-0.0240874250012055
-7.86288138735673,-16.9220288430302,-92.2075729508539,-0.0452360475640464,0.089183518661148,-0.0168016627248324,-0.0185091265896773
-7.97795024111105,-16.9661900565928,-90.9695244241798,-0.0990676201459894,-0.0136237527359369,-0.0160012336083337,-0.0305374608266433
-7.9023021965835,-17.0437200290878,-100.967220666694,0.0906340140532466,-0.0422548872510138,-0.0149859695257,-0.0352750852439883
-7.97699379283085,-16.9940263822196,-104.666419332238,-0.0545457242405799,0.0838138650049657,-0.0201458720067631,-0.0341202181368061
-8.00988748048805,-16.926690298912,-105.090272645343,-0.015248406906322,0.0988305928689049,-0.0176452807508785,-0.0314945095612309
-7.93192110976394,-16.9438536011638,-106.739571561336,0.0997220300426581,0.00745095458120579,-0.0217556593185524,-0.024614256833015
-7.96092820324679,-17.0676322513268,-114.717073440377,-0.00489220485666657,-0.0998802599698279,-0.0241148886261833,-0.0238983901932279
-8.05845484479128,-17.1558350461305,-121.882517157403,-0.0802336760859529,-0.0596871612805836,-0.0172929654585356,-0.0285156335230923
-8.14821509531361,-17.1222165868924,-117.083744889469,-0.0663868369469686,0.0747849442078859,-0.02337341357536,-0.0411664849697821
-8.11850246294748,-17.071719566931,-112.130924718064,0.0568256554224628,0.0822851437733904,-0.0271130230563301,-0.0317881238119888
-8.11945655017809,-17.194626437428,-101.838452044132,0.0260277113774026,-0.0965533957997057,-0.0269817986080145,-0.0263534746973306
-8.24011277622544,-17.1938756267478,-103.991879929237,-0.0949448362764677,0.0313923249287903,-0.0257113897708834,-0.0306415142485612
-8.16002533741023,-17.199441929617,-106.562566988962,0.0968519509388347,0.0248937662747434,-0.0167645121236255,-0.0304600691439489
-8.14896295533912,-17.1271437636867,-105.533615666031,0.0286203055544667,0.0958168988747233,-0.0175579234833609,-0.0235187329443782
-8.20130270428333,-17.0580960886553,-92.3278182775442,-0.0342113314945207,0.0939658703858588,-0.0181284174496881,-0.0249181953545481
-8.12372554832274,-17.0708934744225,-87.8341651949921,0.099150617570113,0.0130059615355881,-0.0215734616095187,-0.0258033473027659
-8.16826419945423,-17.1860660288735,-89.7757811967686,-0.0238081983235203,-0.0971245061381932,-0.0207304528079746,-0.0180480483127461
-8.0905507584207,-17.2171859485906,-81.8747948774242,0.0981359153064871,-0.0192182758580988,-0.0204224742729586,-0.0119016438590798
-8.03817597281144,-17.1639513601903,-80.9256367240171,0.0727742098652283,0.0685850886016174,-0.0203994242559595,-0.0153505002012295
-8.0809716864873,-17.0777649004663,-79.9066292915834,-0.0202571716964082,0.0979267430014,-0.0225385419794595,-0.01174028327749
-8.0133341807426,-17.1490482236137,-82.2192434375442,0.0858820059499176,-0.0512277371549663,-0.0182445002052152,-0.0200555859924023
-8.11296541631485,-17.0950804766876,-79.2871065214458,-0.0733533297362308,0.0679653515889368,-0.0262779058360181,-0.0139976046628618
-8.10311536517023,-17.0195254856783,-80.4286782308732,0.0312729738352347,0.0949842150438731,-0.0214229226906095,-0.0194292240344964
-8.13698636702652,-17.1336358516716,-83.4788401657121,-0.0224699701111346,-0.0974428060105246,-0.0114010317451587,-0.016667559982789
-8.17665683577204,-17.2419055970969,-89.8621534984044,-0.032097887490556,-0.0947086353963756,-0.00757258125497096,-0.0135611100289168
-8.24363565462404,-17.1797750468204,-85.752672465902,-0.0598097827963579,0.0801423101853977,-0.00716903605563424,-0.0180117599089833
-8.26030558853583,-17.0994990204662,-86.3243587926284,-0.00693833909040286,0.0997590068648771,-0.00973159482138719,-0.0194829805106629
-8.36145635182091,-17.0897382544577,-78.8805070247528,-0.0942524106143212,0.0334138159058403,-0.00689835267076155,-0.0236530498973195
-8.44869896086556,-17.0567609433252,-79.1407627842132,-0.0824800842593833,0.0565423354714415,-0.00476252478526185,-0.0235650243388967
-8.37133018684671,-17.1336736446981,-88.4525879334204,0.0883275330353324,-0.0468854658491549,-0.0109587590164839,-0.0300272355238178
-8.35626115756241,-17.2511005975421,-95.5600349569269,0.025567029410064,-0.0966764035695625,-0.0104980001257644,-0.0207505492744318
-8.34785328795294,-17.361870818273,-101.848722416627,0.0250347167732948,-0.0968156131834164,-0.0166268471638222,-0.0139546075474222
-8.37966067962292,-17.2808656545397,-98.7545969365127,-0.0204126808357742,0.0978944455068663,-0.0113947108342103,-0.0168892817736257
-8.47837117841321,-17.344454418435,-103.125934490323,-0.0854284731714018,-0.0519805345451841,-0.0132820256188868,-0.0116082293500348
-8.48191320690087,-17.4627426968286,-101.998024019233,0.0103551262703169,-0.0994624117942341,-0.0138971547579825,-0.0188258665994283
-8.39786917903969,-17.4706165252613,-106.732258326525,0.099664873223066,0.00818003945162744,-0.0156208453618856,-0.0160538678843167
-8.35346166824942,-17.5648976321787,-107.720867408938,0.0616334230940868,-0.0787484676530616,-0.0172259123038199,-0.0155326392643502
-8.39108530773613,-17.6837460039018,-108.704689746447,-0.031432278431208,-0.094931616822969,-0.00619136105549956,-0.023916754900128
-8.47079983780387,-17.7868055901984,-96.4575009776896,-0.0596332878200741,-0.0802737253637092,-0.0200812422476631,-0.0227858609328671
-8.5334134119516,-17.7262288563466,-98.4706419463474,-0.0470208175906125,0.0882555534406212,-0.0155927565571155,-0.02767881958885
-8.62654913836153,-17.6985612759634,-97.955359131209,-0.084405980346517,0.0536249054240973,-0.00872974606341437,-0.0259573250408813
-8.56367419853204,-17.7788998342785,-94.9868683525333,0.0739082700376772,-0.0673614698476643,-0.0110333302081909,-0.0129770884674407
-8.49775420835144,-17.8499046284167,-94.900519282573,0.0794422799001807,-0.0607365142584043,-0.0135222897195799,-0.0102682798797744
-8.44898206915992,-17.7921915796726,-99.6363339544266,0.0625806701800531,0.0779978186862647,-0.0138085309885341,-0.0202847699421298
-8.55674102629529,-17.7648473967,-97.8061784215907,-0.0914386602589385,0.0404842118615446,-0.0163202968764296,-0.0131400288890298
-8.62677736619719,-17.7061412044503,-98.4492204515833,-0.0489004508250984,0.0872281256768832,-0.0211358890767972,-0.0285219334271325
-8.6791826204641,-17.832807178582,-108.647684888378,-0.0259725888604449,-0.0965682381939647,-0.026432665406471,-0.0300977359377335
-8.71461019738171,-17.9567128917754,-102.263525712586,-0.0161059891533448,-0.0986944634383932,-0.0193215877642636,-0.0252112497549852
-8.76941017237453,-18.0659939668768,-102.520348199321,-0.0406469813064097,-0.0913664211331295,-0.014152993686416,-0.0179146539683366
-8.7761264477872,-18.1897741022515,-102.009139620649,0.00924892479633345,-0.0995713683249948,-0.0159652002090027,-0.0242087670497213
-8.79247711408257,-18.1143140112033,-98.9906914748365,0.00305181475547645,0.0999534212856081,-0.0194024810508395,-0.024493330237334
-8.85360115518144,-18.0493673142957,-98.4964340266644,-0.0447291366411977,0.0894388301317334,-0.0163949044576768,-0.0244921332241894
-8.93237057185336,-17.992168646425,-98.3652839754003,-0.0560413192930214,0.0828213168930417,-0.0227280973788986,-0.0256226490223668
-9.01211540945322,-18.0978977775873,-96.3991137047482,-0.0548473682263122,-0.0836167818003499,-0.0248974693735455,-0.022112349361862
-8.95300623957674,-18.1732875152266,-107.398288951507,0.0834187369673295,-0.0551481125948612,-0.0243095670908478,-0.0202416250444806
-9.05719785361877,-18.1350174059644,-116.930226434487,-0.0770418979822061,0.063753791693509,-0.0271497160598262,-0.0254836824312576
-9.12031566046102,-18.2526764124656,-115.085722540675,-0.0405559352502336,-0.0914068712733286,-0.0225618715920124,-0.0262521352279208
-9.05753525749687,-18.2202023505923,-112.598577820034,0.0878177470493258,0.047833495619499,-0.0250373440851828,-0.0153594337462231
-8.98466090973784,-18.287737747537,-107.361650252403,0.0853828558834088,-0.0520554312362605,-0.0125085081243732,-0.0154799657083728
-9.03215896157664,-18.402266830594,-108.75445359531,-0.0361155793983017,-0.0932505491926185,-0.0113824724405038,-0.0212785338644323
-8.96744634487499,-18.3690135279965,-99.8968246154402,0.080558135394776,0.0592485174642957,-0.0158455186931281,-0.0259952148668141
-8.95543543199298,-18.4965558080612,-95.4020051686698,0.0404626865834856,-0.0914481874858469,-0.0284517737014713,-0.0360940925787965
-8.96106616423559,-18.4352745100234,-99.163947629576,0.0202371615635478,0.0979308801750033,-0.0258678938061543,-0.0366495821372155
-8.89076661375096,-18.5026122713699,-88.3238514084045,0.0936158267146802,-0.0351578865765132,-0.0233162762300587,-0.032179874769966
-8.9262603516909,-18.4452120756627,-79.9644017095165,-0.0145690572600888,0.0989330206278584,-0.0209246806798458,-0.0415328249206723
-8.87333709545707,-18.4141275055161,-74.6499673777554,0.0732876323716654,0.0680361884687526,-0.020364376137838,-0.0369516183222132
-8.99004232849344,-18.4903129741655,-71.819266432304,-0.0905871040777112,-0.042355360638459,-0.0261181289586609,-0.0338301080109069
-9.04445723468898,-18.4301229110474,-67.1864120578134,-0.0350242504073832,0.0936659056615635,-0.019390655788154,-0.033475842543492
-8.98129711956116,-18.4154937200301,-68.5302370824846,0.083382179338255,0.0552033709912997,-0.0202220642104329,-0.0405741799739978
-8.90609643047073,-18.4326983401187,-68.8419594894672,0.0962945092982744,0.0269697511854401,-0.0210938202078488,-0.0441743712739822
-9.01456318732023,-18.5117842724135,-65.5712142843754,-0.0920189737532938,-0.0391472664357376,-0.0164477830962042,-0.0399386658590686
-9.04839137852256,-18.6438653347588,-70.9500410136909,-0.0261143199461593,-0.0965300072192561,-0.00771387125617196,-0.0355510551260458
-9.15764890993149,-18.6370592629591,-78.9479543495231,-0.0917861439226764,0.0396900967976362,-0.0174713874862462,-0.0328840249979194
-9.22603809458788,-18.7590768402598,-83.8067614362259,-0.0526565991177972,-0.0850134258182059,-0.0157325855385952,-0.0370041514825452
-9.22082389629946,-18.8891671507342,-83.1211994208868,0.0130631488225458,-0.099143099320326,-0.00784895053412527,-0.0309472111540785
-9.31594948002101,-18.8740863492708,-85.2845387854013,-0.089536902948348,0.0445324938715329,-0.00558868077319907,-0.029451692408152
-9.37240848431738,-18.8109807599989,-85.8679903536608,-0.0501911694112096,0.0864918869786945,-0.00626783488516125,-0.0233862977067112
-9.27674378300586,-18.8442059582799,-81.7931024795955,0.0993768764720472,-0.0111461393612082,-0.00371217516053335,-0.0220790589198074
-9.32043560479431,-18.9661993915621,-83.6529735532527,-0.0390125816889197,-0.0920761558166139,-0.00467924009952547,-0.0299172774656249
-9.24271235534584,-19.047381905425,-75.9296017940903,0.0862109571912736,-0.0506721902049279,-0.00848770774280361,-0.0305103236579249
-9.1920092184055,-19.1498072653012,-76.2935349983091,0.0625275897514206,-0.0780403774970242,-0.01182445281108,-0.0243849823792281
-9.30103500865156,-19.2253584994807,-84.3648340082175,-0.0896864466128499,-0.0442305470682924,-0.0193393436332148,-0.0313206871111582
-9.31399546732349,-19.1615235074629,-86.3705958378216,-0.00232000541842617,0.0999730842520049,-0.0106404532534956,-0.0361380922342569
-9.36157232856434,-19.0997434546944,-86.0802862084919,-0.0308401120419848,0.0951256405457426,-0.0167367491988735,-0.0333455877772408
-9.28985485764338,-19.1785659655829,-82.1557993938572,0.0889571349648597,-0.0456796249858044,-0.0172396640438954,-0.0331428859026808
-9.29585718120949,-19.3074928755678,-83.0457664640417,0.020497567655345,-0.0978767067295103,-0.0264998912214569,-0.0310502032553579
-9.36408083242163,-19.2523470053548,-86.0348429162817,-0.0351296082703062,0.0936264418995768,-0.0330940429418298,-0.038480571686577
-9.39790353805524,-19.1939633255417,-86.2121794220127,-0.0180621740115891,0.0983552635600916,-0.0157605316220284,-0.0399715837470289
-9.52283544301532,-19.2613031639514,-84.5082342365466,-0.0950868413291329,-0.0309595317478852,-0.0298450636309386,-0.0363803066618367
-9.60630933206307,-19.2175695923378,-85.7429165563195,-0.0605887852673276,0.0795550067552613,-0.022885103780423,-0.035821435141596
-9.73181317099873,-19.2715514095937,-90.9143197870096,-0.0981649892421432,-0.019069213069498,-0.0273388496935176,-0.0349126041863919
-9.82835928397957,-19.2345587942862,-85.7469403845426,-0.0602681799479912,0.0797981609171324,-0.0362779330328475,-0.0428055456096637
-9.76212053308223,-19.2812038843966,-88.0203125990198,0.0998448137151723,-0.00556894731367909,-0.0336060628178352,-0.0410761427966939
-9.85392364680945,-19.2348305054428,-85.7534050477229,-0.0597510559528388,0.0801861042358383,-0.032052057774381,-0.0338127252820719
-9.79663438243148,-19.2236929545132,-93.763872328118,0.0885183856235796,0.0465241378920154,-0.0312291212456142,-0.0353865869623853
-9.7322147092487,-19.25626296658,-87.8917353405041,0.0997346959907395,0.00727945160261174,-0.0353150228079553,-0.0398494636694338
-9.81802552807182,-19.2081567535863,-85.8884757265318,-0.0484089437712009,0.087501852340146,-0.0374018750519234,-0.0393956393464769
-9.9494228782217,-19.2497376207677,-84.748220618202,-0.0997205201658996,-0.00747113497685732,-0.0316768299839829,-0.0341097322045627
-9.88210470534105,-19.3193189584443,-88.2392514856343,0.0962518231403911,-0.0271216987327651,-0.0289336502597379,-0.0424596389438321
-10.0005542203749,-19.3160538745522,-91.437731672179,-0.0945540659903326,0.0325504009913215,-0.0238954490435273,-0.0292853170991556
-10.0133308608461,-19.4400252457098,-95.7391736974869,0.0079318828550536,-0.0996849298257952,-0.0207085233262099,-0.0242864413318067
-10.0683274356306,-19.3691806435896,-104.937817397959,-0.0300804868281933,0.0953685708825444,-0.0249160879563846,-0.0245239687623986
-10.1715906308409,-19.4702741864026,-109.159238504445,-0.0699210058180941,-0.0714916284986294,-0.0333421893921297,-0.0296019143143376
-10.0922681118834,-19.468428397168,-112.830263578182,0.0964547766525212,0.0263908328953873,-0.0171322576950814,-0.0245450436608223
-10.181775414065,-19.5703064594103,-109.165310927642,-0.0703538414324263,-0.0710657230716821,-0.019153460749175,-0.0308123391706303
-10.1061808912928,-19.5701161559257,-106.5229507743,0.0957900201540491,0.0287101382596266,-0.0201954973818168,-0.0285198347749471
-10.0318637393124,-19.5736377027023,-112.933887002563,0.0986672001166636,0.0162721732149783,-0.0243500481363075,-0.0197937199916396
-10.0587044727845,-19.4970380493,-117.767579372273,-0.00421326619983552,0.0999112025146796,-0.0226274672721924,-0.0233115491123215
-10.0190142141333,-19.4419522057774,-118.517262867889,0.0649964982717129,0.0759964157866358,-0.025306239620507,-0.020910572264043
-10.1347569538672,-19.5154738795569,-115.771342164416,-0.089265894857064,-0.0450732738478979,-0.0264768448768766,-0.0284483999316159
-10.2305259148397,-19.4772503487528,-110.681498209086,-0.0747998320116274,0.0663700620086521,-0.020969128960834,-0.0281465312045341
-10.1816572533305,-19.4339215410486,-118.647169501457,0.0742935318321097,0.0669363214399425,-0.0254248703229099,-0.0236075137357972
-10.2794188029621,-19.5167812074776,-128.104741727946,-0.0764483194773084,-0.0644643657309633,-0.0213132301543411,-0.0183953006980637
-10.3144348651544,-19.4454441230312,-130.252218537336,-0.0123560006831971,0.0992337102355688,-0.0226600615090415,-0.0278966257891433
-10.2806147589606,-19.3909644445167,-130.976909622478,0.05653145206485,0.0824875440744818,-0.0227113458711194,-0.0280078655599958
-10.37425409162,-19.4866675321764,-127.979168359211,-0.0677726171535702,-0.0735314379306947,-0.025866715505849,-0.0221716497289357
-10.3325643839118,-19.4409527029413,-124.795849027736,0.0646462933840908,0.0762945394618649,-0.022956585675832,-0.030579710226796
-10.3189847984803,-19.5673176106326,-120.653469703418,0.0293463123405633,-0.0955970394521196,-0.0157667269090336,-0.030767868239213
-10.333134141685,-19.50467972252,-117.846210995575,0.00364783909746669,0.0999334442012232,-0.0177971823022194,-0.0372955560885835
-10.4310939564721,-19.5943553162742,-121.822718442735,-0.0765231768557583,-0.0643754876012783,-0.0214366379313304,-0.0253001061529012
-10.5070247117975,-19.7118314466793,-115.277432477193,-0.0572294075568513,-0.0820048468731685,-0.018701347768534,-0.0354712835320115
-10.610504092315,-19.6947591921678,-123.067972323029,-0.0854681740889051,0.0519152310782549,-0.0180112064286586,-0.0348429765667078
-10.628509534979,-19.619236558207,-130.401853961406,0.00257559889501393,0.0999668259490717,-0.0205810415589855,-0.0244441919883194
-10.6204907891951,-19.7399136206556,-133.330039704064,0.0186548772982181,-0.0982445700941707,-0.010636131514282,-0.0224324923543442
-10.7023539255814,-19.6962700106785,-129.555568180969,-0.0731505219896847,0.0681835840407107,-0.00871261439660742,-0.0245399740636287
-10.8113766072157,-19.739337619898,-134.840213114693,-0.0969338737229043,-0.0245728330697144,-0.012088807911411,-0.0184947761497618
-10.8103938826772,-19.861810247999,-127.052318600577,0.0181177731334878,-0.0983450369702684,-0.0171350485949482,-0.0241275911308243
-10.7284132190942,-19.8590155503427,-125.464561296363,0.0980236112094701,0.0197831151605262,-0.0160429476265271,-0.0169884175041872
-10.834360914526,-19.8383220022875,-122.98499346752,-0.089477022267726,0.0446526873334725,-0.0164706731640685,-0.0239591392782721
-10.8504283668557,-19.7556123049138,-117.696467663557,-0.0113014874904495,0.0993593296097715,-0.00476596483922798,-0.0166496322360672
-10.9613292506276,-19.7580441802992,-110.067169523675,-0.0993798471501526,0.0111196214149722,-0.0115210366217564,-0.0135514968003285
-10.9081758828862,-19.8548664328268,-101.324636643196,0.0701232352812409,-0.0712932807050687,-0.016969867539844,-0.0255289718226095
-11.0275230311431,-19.8456402244179,-103.993052022392,-0.0949079763380136,0.0315035875325819,-0.0244391719188783,-0.0222773791236897
-11.0793395374281,-19.7671978776281,-98.6795074668519,-0.0276990962273124,0.0960872523709055,-0.0241174100576576,-0.0176449055810828
-11.1433202164513,-19.8752999875659,-102.568132438215,-0.0449647984548294,-0.0893205849729869,-0.0190158805684622,-0.0187815249648224
-11.0704789277953,-19.8782613969902,-100.398864689715,0.0991287446165197,0.0131716358419455,-0.0262874559605013,-0.016133045266173
-11.1466715621543,-19.814745562508,-98.4326674368546,-0.0503375740720221,0.0864067626782978,-0.0258550602869647,-0.0228909281961265
-11.0701832047119,-19.8431144416459,-106.881629767516,0.0997724119268548,-0.00674283458925167,-0.0232840544844439,-0.0216260445486682
-11.1027154987953,-19.9552159581296,-114.825012892316,-0.0156238310617148,-0.0987719388437576,-0.0169084630217,-0.0133295776399827
-11.0355076408787,-20.020658776076,-107.455608146744,0.0801224239768222,-0.0598364201475853,-0.0129145660601733,-0.00560639779881456
-11.1275482157964,-19.9757996164149,-104.273641916231,-0.082472286100538,0.0565537092094852,-0.00956828881714422,-0.0116945495483556
-11.1157124984223,-19.8978595992548,-99.1880411963594,0.0225905639382079,0.0974149188828577,-0.0107548465641525,-0.0194749017227558
-11.0708129518477,-19.8278449866501,-99.5003603056729,0.0514300420048518,0.0857610096686086,-0.00653049543024586,-0.0157463970638787
-11.0221838527152,-19.9283813166689,-101.551554072595,0.0522863834428103,-0.0852416219136603,-0.00365728431030732,-0.0152947081051806
-10.9587665198306,-19.8894414543893,-93.6634297486834,0.0834070917116532,0.0551657235265148,-0.0199897588270392,-0.0162258612469266
-11.0330129156211,-19.817832621749,-85.7941877971616,-0.0564320695330552,0.0825555663066787,-0.0178143262575094,-0.0109467336663656
-10.9793228941319,-19.750166660275,-87.0555369257179,0.0614489682832518,0.0788924856809818,-0.00775894679403955,-0.0112265242069576
-10.8902104734363,-19.762979045247,-88.0284711478095,0.0997960567781023,-0.006383341722154,-0.0106836360824936,-0.00642904324984528
-10.9283047138458,-19.8639394732821,-96.1233432373072,-0.0300071209583647,-0.0953916804118161,-0.00808711945111895,-0.00556874762325776
-10.8461291845803,-19.9307950429679,-101.021086999181,0.088227539599917,-0.0470733603659763,-0.00605201033437375,-0.0197822093198639
-10.8737407341803,-20.0389204561299,-96.0056893999516,-0.01860235229793,-0.0982545291016333,-0.00900919730209004,-0.00987088406032655
-10.9106032634924,-20.1449421848271,-96.1246850276986,-0.0301350895477276,-0.0953513312856745,-0.00672743976442725,-0.0106703974115732
-11.0125690014131,-20.1980285727081,-96.9528233926586,-0.0906216245423698,-0.0422814517880093,-0.0113441133783105,-0.0108049360929314
-11.1275452782372,-20.1913644506006,-91.3128769031494,-0.0978715568492298,0.0205221431606931,-0.0171047199748386,-0.013858021053224
-11.1251834699409,-20.2973789791553,-83.0465889599974,0.0204170575356801,-0.0978935327873335,-0.018055249239417,-0.00812099576734582
-11.0460891128069,-20.2733700033843,-75.035084713085,0.0934786435399298,0.0355210247872262,-0.0143842864059067,-0.0115120490162184
-11.0452006848522,-20.1947824842134,-73.9487086027344,0.0120984138168632,0.0992654440533862,-0.0112099858621271,-0.0206779248825271
-11.15069034035,-20.1987337600843,-72.3867252142283,-0.0991549680157994,0.012972752899281,-0.00633468748203825,-0.0169240287701307
-11.190563423819,-20.1273899062413,-73.4596326400262,-0.035955851084666,0.0933122541404789,-0.00391723238429798,-0.0219684002975598
-11.1183952074136,-20.0993849145274,-68.6202798973514,0.0880083413043223,0.0474819108804808,-0.0158401248989986,-0.0194769191665571
-11.1118748132496,-20.2204555189844,-76.7436586695679,0.0223458582958076,-0.0974713425424298,-0.0158254641317335,-0.0235992619145051
-11.2162639879264,-20.2334452762117,-78.5958081417294,-0.0998432868543234,0.0055962550089594,-0.00454588782255705,-0.0185860122363195
-11.3042718685276,-20.3102429966449,-77.8626385367948,-0.0779344197610635,-0.0626596059396032,-0.0100734608401059,-0.0141381144935728
-11.2361669948461,-20.2623887752531,-81.0332748433731,0.0797211599231068,0.0603699980165183,-0.0116162862416296,-0.0125157766246886
-11.3447689898954,-20.2440957669913,-85.2055960717423,-0.0927699185947063,0.037332856894853,-0.0158320764545437,-0.0190398486330885
-11.43385016943,-20.1977840877097,-85.5855498846896,-0.0723078123631407,0.0690766260847824,-0.0167733671714512,-0.0227649468032318
-11.5229787867951,-20.2974575758747,-83.8772897527877,-0.0585165742626695,-0.0810913715296608,-0.0306120431024777,-0.0185821166352689
-11.6502401865486,-20.3432096902882,-78.293917266138,-0.0969918856915079,-0.0243428451501762,-0.03026951406199,-0.0214092692633407
-11.7056573526227,-20.2759016521842,-67.1019162528657,-0.0428042581941609,0.0903758567342385,-0.0126129078798716,-0.0230678186302207
-11.8014271739542,-20.3605503804842,-71.5928245075561,-0.0787652669161161,-0.0616119527984059,-0.0170045544154078,-0.0230367755015983
-11.8593262868647,-20.3018819628716,-67.0013212600534,-0.0516638983802709,0.0856203340577053,-0.00623521453028353,-0.0269519164450962
-11.7950686570652,-20.3844230891977,-69.6485428784859,0.0861030134510033,-0.0508553937616881,-0.0218453836514811,-0.0316857325644477
-11.7536185421769,-20.4798198260411,-63.6857469754293,0.0657052736292322,-0.0753844613783751,-0.0242551587408997,-0.0200122754650565
-11.87920168436,-20.4986605073296,-72.2609863049759,-0.0999990515816106,0.000435525864192757,-0.0255840906015461,-0.0192762071526644
-11.9770969721103,-20.4456862939294,-72.9773431022501,-0.0751336010745996,0.0659919842826606,-0.0227616866756524,-0.0130177708824526
-12.1007125719224,-20.4459193947345,-72.4037201566665,-0.0989201884156065,0.0146559313528999,-0.0246954113965447,-0.0148890321580062
-12.2182561284544,-20.5098480964661,-71.8373647322188,-0.091338786822382,-0.0407090410328646,-0.0262047697095564,-0.0232196606987678
-12.2231986990344,-20.6333623981391,-70.5006978642042,0.0184081038341355,-0.0982911069895527,-0.0233506744141678,-0.0252231946834485
-12.2139631143113,-20.5639820828641,-67.8722840993519,0.0322190102173704,0.0946674990723479,-0.0229834254942709,-0.0252871837973352
-12.2937203736631,-20.4992763018787,-60.7583380712693,-0.0481809624562712,0.0876275918691561,-0.031576296895512,-0.0229218108837159
-12.2535741878746,-20.4578758324148,-62.0659332802144,0.0720745062674602,0.0693200226940372,-0.0319283204790022,-0.027919553230138
-12.3326391720945,-20.5763717828634,-65.0062365465122,-0.0567599435179829,-0.0823304853127649,-0.022305040701891,-0.0361654651358236
-12.3035188132911,-20.5282212898263,-68.0847613336244,0.0514581314516342,0.0857441584453794,-0.0223377726482461,-0.0375936654082949
-12.259504802486,-20.4796471893234,-68.1358184178576,0.0557670197477913,0.0830062618628827,-0.0117530089426747,-0.0344321613600265
-12.3426811652402,-20.5946781448912,-71.3184700969171,-0.0591272178130639,-0.0806472077240526,-0.0240491449411095,-0.0343837478437301
-12.4235060127493,-20.6983790375585,-65.0201642782772,-0.0579010782549509,-0.0815319884273287,-0.0229237692541631,-0.0221689042400044
-12.3408924263631,-20.7634870459922,-69.4925632818818,0.0929579854267595,-0.0368620800470941,-0.0103443990405463,-0.028245928386589
-12.2730643835833,-20.7272995800232,-74.7648270456592,0.0806021738047719,0.0591885933093983,-0.0127741310249796,-0.0230011273403647
-12.3815666625786,-20.6976476266008,-72.7655726500051,-0.0873260697021013,0.0487253276067359,-0.0211762092932197,-0.0190733741843019
-12.3432046784703,-20.7874697136967,-76.2530642701368,0.0656338792090854,-0.0754466294804956,-0.0272718951007747,-0.0143754576153974
-12.4692489613223,-20.8027020538696,-72.3295837770014,-0.0997340128529412,0.0072888051318009,-0.0263102699990849,-0.0225211453047827
-12.4020359133888,-20.7741554545948,-74.8299483367053,0.0842830399327649,0.053817926192784,-0.0170699919992714,-0.0252713269179594
-12.4484798240531,-20.6977442187927,-79.8484369519505,-0.0259182530532423,0.0965828357352801,-0.0205256576110262,-0.0201715999331711
-12.4625932948778,-20.8105197360207,-83.2402628349048,0.00119422013480242,-0.0999928689370879,-0.0153076909595367,-0.0127826482908908
-12.4904141429749,-20.7375971736673,-92.6213469754548,-0.00556076071302242,0.0998452699945897,-0.0222600873840779,-0.0269227076411731
-12.516166415087,-20.8602625978486,-89.5885824052525,-0.00531666983303805,-0.0998585650902639,-0.0204356022790275,-0.022806859091105
-12.5311108076364,-20.7799538971667,-92.7782971598111,0.0101140645090917,0.0994872137468224,-0.0250584570585008,-0.0191785130649222
-12.5589488748089,-20.9057960521921,-89.5942999110679,-0.00588752174859788,-0.0998265349877466,-0.0219505454238647,-0.026015620037608
-12.6814077336361,-20.9597215909175,-90.785136096121,-0.0948904329240404,-0.0315563898361043,-0.027568425903187,-0.0223691488893394
-12.6636896047796,-21.073255945298,-82.849085715757,0.0392289788657627,-0.091984168296232,-0.0215108500092107,-0.0215501860842195
-12.7373603873384,-21.0157030717308,-85.8404749098235,-0.0525517331225733,0.0850782895092152,-0.0211190494362423,-0.0275254159419944
-12.657548826656,-21.0061908293523,-87.7640456656395,0.0979957433423168,0.01992069995725,-0.0181841826599296,-0.0104084575788015
-12.5886901661818,-21.0437342939893,-94.553958992955,0.0953492127928522,-0.0301417919139423,-0.0264905523186769,-0.00740167272308412
-12.5467594072698,-21.1426672842928,-95.1834350241898,0.0593290951359868,-0.0804988103660236,-0.0173983362239341,-0.018434179937465
-12.5860066389213,-21.250338184325,-89.7560057821421,-0.0218829909784775,-0.0975763019684384,-0.0173642406730536,-0.010094598063727
-12.5559335443835,-21.1756778953739,-93.2751521712207,0.0563130247595077,0.0826368152970277,-0.0262399302217737,-0.00797652634596346
-12.4687663083053,-21.210365320932,-81.8870569174095,0.0978928882957343,-0.0204201474313701,-0.0107256522174666,-0.0142672781266633
-12.3995595832667,-21.2842222720935,-82.4068810402908,0.0748186307517095,-0.0663488695641407,-0.0056119057131454,-0.00750808159738625
-12.3281827690826,-21.2187609531882,-80.9504842781584,0.0744557419362078,0.066755842386482,-0.00307892775206575,-0.00129452348116743
-12.2713435796844,-21.1367037895654,-80.6980486760878,0.0554228672509019,0.0832364450567713,0.00141632214725007,-0.001179281434041
-12.2601752002467,-21.2446919708736,-76.9021122971353,0.00668578066672734,-0.0997762513671285,0.00448259877102686,-0.00821192994107989
-12.1869942714103,-21.2199750957334,-75.0013752253726,0.0922283685072179,0.0386513653380681,-0.0190474396708247,-0.0139344901978369
-12.300561256755,-21.2233156745342,-72.3745902967027,-0.0993050869352767,0.0117685899230598,-0.0142618984094174,-0.015109168723896
-12.2302573963504,-21.3101508565766,-76.1682603694935,0.0717885132563354,-0.0696161573519033,-0.0014846528517154,-0.017219024690462
-12.3294614264867,-21.2649003440402,-72.7027101482804,-0.0902145626082097,0.0431431650833525,-0.00898946752817764,0.0021073474530624
-12.4361582228276,-21.2672132327204,-78.5609082485304,-0.0999777573937939,0.00210903449656233,-0.00671903894710546,-0.00442192317676771
-12.4260778207527,-21.1788129202577,-80.3721853353047,0.0258600044682093,0.0965984480667479,-0.0157796023932235,-0.00819813560400107
-12.3983183846254,-21.2750841722594,-88.9891084391712,0.051951409813144,-0.0854461878519268,-0.0241919736859177,-0.0108250641497776
-12.3224991627467,-21.2317009883567,-81.1222696156868,0.0847711947903506,0.0530456834607345,-0.00895197291162653,-0.00966249955805054
-12.3699729081867,-21.163248152666,-79.6417902174582,-0.0451836104573145,0.0892100966597485,-0.00229013498271868,-0.0207572609690558
-12.4521734165923,-21.2573082443352,-83.9779138635894,-0.0663665620530951,-0.0748029373838533,-0.0158339463525152,-0.0192571542853379
-12.5327638331367,-21.192977553943,-79.4344254976833,-0.0625823707132709,0.0779964542521436,-0.0180080458310794,-0.0136657638599615
-12.4761442198741,-21.280982638169,-82.4616597128245,0.0710737189812828,-0.0703457636973944,-0.01445410571867,-0.017659320528594
-12.5778708131282,-21.3351633356005,-78.1609448196739,-0.092908262048087,-0.0369872254055911,-0.00881833120604547,-0.017193472025923
-12.600208371647,-21.2568050292158,-73.5757665586724,-0.0249012787729114,0.0968500196978491,0.00256372025412688,-0.0184917133131606
-12.6178396695531,-21.1773637034158,-73.6838847114819,-0.0143050218247643,0.0989715431353529,-0.0033262760813173,-0.0195302173353511
-12.7277632359706,-21.2209749149214,-65.7832318535557,-0.0981963821061093,-0.0189068913698415,-0.0117271843114217,-0.0247043201357897
-12.633855784305,-21.2527395135922,-69.2562168105054,0.0990050866687792,-0.0140709919233693,-0.00509763500316396,-0.017693606747379
-12.5868311652843,-21.1972477305111,-68.2023314880945,0.0611606403089777,0.07911621879865,-0.0141360212883139,-0.0236244357176147
-12.5219673710589,-21.2841189996475,-69.871248467337,0.0727441750333833,-0.0686169439622058,-0.00788038080798437,-0.0182543251741834
-12.5782134072176,-21.2137191595843,-73.242887869255,-0.0551815391126499,0.0833966290755154,-0.0010644970460536,-0.012996789012238
-12.6766895493463,-21.2111990539587,-85.006881485213,-0.0983141683775353,0.0182845370801022,-0.000161973751104938,-0.0157644314545813
-12.6211789538464,-21.3120031090698,-88.8610532700131,0.0624379849805707,-0.078112086334741,-0.00692738948070115,-0.0226919687762894
-12.5525853680001,-21.3997459270386,-88.6592607335547,0.0768267270482583,-0.0640129206571018,-0.00823314120195384,-0.0237298973116964
-12.6208569391105,-21.3439450833974,-85.7903347318889,-0.0567497418336917,0.0823375175834767,-0.011521829276651,-0.0265366739422639
-12.7172818138317,-21.409835316635,-84.398290691894,-0.0911157874142937,-0.0412057433360112,-0.0053090873069106,-0.0246844899016452
-12.6517020944151,-21.5043186065234,-76.3253881029639,0.0600104635821183,-0.0799921512441018,0.00556925583438961,-0.0144911386442494
-12.7338920576009,-21.4686738789306,-85.3733589423249,-0.0852337713904044,0.0522991798651593,0.00304380820461425,-0.0166544522723697
-12.6712619699658,-21.5604474149069,-82.4916630030901,0.0689314434702092,-0.0724462290330791,-0.00630135583502422,-0.0193273069432536
-12.7801217663859,-21.5768529090558,-84.9682205391047,-0.0989474253904188,0.0144709021352338,-0.00991237102972597,-0.0308763962841709
-12.8791080379517,-21.5605051816444,-91.5213492686334,-0.0915050864856292,0.0403338461748631,-0.00748118508017015,-0.0239861187634389
-12.8860742815479,-21.4904683206624,-99.0357925792245,0.00755519296383014,0.0997141868506147,-0.0145214365600665,-0.0296773258685796
-12.7969604908343,-21.5205527014071,-106.844777286189,0.0999531028131545,-0.00306222762428923,-0.010839312099554,-0.0270221531204058
-12.7306950011916,-21.4776308552837,-106.119819285021,0.0768481988035127,0.063987141994746,-0.0105827091607367,-0.0210652958713737
-12.7962358949336,-21.412113268477,-104.50922422201,-0.0669941266594634,0.0742414102313242,0.00145323291746458,-0.00872382342459588
-12.7999108064881,-21.5241330242648,-108.388035355437,-0.00030888016772442,-0.0999995229640721,-0.00336603138680758,-0.0120202328237298
-12.8491703174296,-21.6316928529174,-115.04270838368,-0.036587845200959,-0.093066264476182,-0.0126716657405979,-0.0144935641763908
-12.9203069101676,-21.5596967582153,-117.252391106062,-0.0528925024570542,0.0848668556259186,-0.0182440902809216,-0.0128707609239136
-12.8270051508024,-21.5800755559919,-119.399296153715,0.099982374890774,-0.00187742142331391,-0.00668061552551436,-0.0185013763532318
-12.8037479928608,-21.5056090694837,-118.170542724331,0.0353039879821969,0.093560827446923,-0.0120468300406245,-0.0190943409387714
-12.9094904226801,-21.5150762887904,-122.640625763612,-0.0992985636091889,0.0118235047744681,-0.00644386621007342,-0.0212907240811404
-12.9663354804446,-21.6270108233727,-127.777410410204,-0.0516627979569143,-0.0856209980510801,-0.00518225980762743,-0.0263135365311982
-13.0647971089443,-21.5964011323563,-129.346829038871,-0.0856920925120045,0.0515447890762399,-0.0127695359876618,-0.0209350980598089
-13.0217003265343,-21.5322131936545,-130.979527048575,0.056747163222722,0.0823392947879307,-0.0136503808127753,-0.0181513560861468
-13.0326918301444,-21.4485139677204,-124.106868327022,0.00139580569497115,0.099990258157792,-0.0123873093050868,-0.0162910322236733
-13.0446329257037,-21.5615776485924,-120.924271502672,0.00270423634844276,-0.0999634288416107,-0.0146453319077455,-0.0131002520304193
-13.0080840258741,-21.4942481621308,-118.450160538683,0.0597545121645084,0.0801835287074697,-0.0232056123348574,-0.0128540422459018
-13.0264923977563,-21.4105509283735,-117.781823728798,-0.00278971610494181,0.0999610798463774,-0.0156186557773115,-0.0162638460890463
-13.0921856277774,-21.3412625598248,-117.292624587437,-0.0494361308725415,0.0869256519351621,-0.0162570991485573,-0.0176372833864775
-13.0194459749414,-21.3199038721455,-125.21710495234,0.0901920263236133,0.0431902580177597,-0.0174523734875933,-0.0218315703384846
-12.9968741452438,-21.4279154518697,-126.806049130322,0.0415464443471719,-0.0909609419592132,-0.0189746146495811,-0.0170506377649033
-13.100514720577,-21.3740560354602,-129.451231141352,-0.0798538895849696,0.0601943213114949,-0.0237866857482469,-0.00633490490207578
-13.2148895996993,-21.4354023085838,-134.694622554604,-0.0923434051111054,-0.0383757154003188,-0.0220314740111185,-0.0229705577232906
-13.3341130927468,-21.4626039392905,-128.661028824014,-0.0989611125540615,-0.0143770025409464,-0.0202623804934809,-0.0128246281656921
-13.382006152317,-21.5777992338417,-140.095682714293,-0.0290557697999187,-0.0956857473259949,-0.018837289770298,-0.0195095472252014
-13.4752483193351,-21.5217119636973,-142.179114245284,-0.0691346854263133,0.0722523028768267,-0.0241074815917539,-0.0161650327324168
-13.5958796839609,-21.5611930362206,-134.927576445477,-0.0987082270148864,-0.0160214206479214,-0.021923137610953,-0.0234596518753989
-13.568381492181,-21.4977890158081,-130.855214585352,0.0460997963333588,0.0887401193261697,-0.0186016045534654,-0.0253360989136979
-13.5155686726153,-21.4605959376192,-137.5830566383,0.0797883644473613,0.0602811487847989,-0.0269755448815907,-0.0230880705959144
-13.6220631771986,-21.521765644444,-140.968184894412,-0.0919698470173719,-0.0392625424495309,-0.0145246575659623,-0.0219071643752677
-13.5506063714756,-21.4903927173413,-143.945909373937,0.084332659604635,0.0537401388536424,-0.0128758538816456,-0.0223672117509111
-13.4773632901209,-21.485058355475,-150.499457396396,0.0956221682934129,0.0292643286419871,-0.0223790869386722,-0.0239299667757074
-13.5534841678823,-21.4165089902062,-142.349091074166,-0.0559161995310509,0.0829058419534094,-0.0202046782303889,-0.0143564766845863
-13.5982629880849,-21.3346393154474,-136.31621269228,-0.0336377643516697,0.0941727179676871,-0.0111410558509419,-0.0123030432088811
-13.5844015414862,-21.4483249425338,-139.433691353745,0.0358986450098081,-0.0933342771250722,-0.0220371984111214,-0.0203513499613841
-13.6344133062724,-21.3854455719727,-148.862403084621,-0.0355312126101775,0.0934747716255588,-0.0144805521759803,-0.030595401064442
-13.7316974418391,-21.4177468553768,-147.602046553428,-0.0998605972844969,-0.00527836243389245,0.00257646171773906,-0.0270229209701398
-13.6238610417167,-21.4487473533297,-150.890392718057,0.0995590380612992,-0.00938072173709314,0.00827736206110075,-0.0216197762158856
-13.5427392395622,-21.4271706348344,-156.616757654974,0.089477243431499,0.0446522441530128,-0.00835544127692245,-0.0230755256576245
-13.4627804360931,-21.3977799495196,-162.838004350961,0.0865417334801956,0.0501051730487262,-0.006582930011092,-0.0207144877339687
-13.5446689974789,-21.4883973837563,-165.742154341975,-0.0723279754758604,-0.0690555136362285,-0.00956058590995745,-0.0215619206004583
-13.6329723968846,-21.5789107012937,-165.724172714124,-0.071074618933801,-0.0703448544203126,-0.0172287804719371,-0.0201684631171446
-13.7452935410194,-21.5832777557764,-166.743266101354,-0.0971609398484908,0.0236590736876564,-0.0151602042862358,-0.0280261281703424
-13.7388565645051,-21.5061037321806,-168.230072596985,0.0154247338720291,0.0988032265919341,-0.00898775735775992,-0.021629202996067
-13.8466133959664,-21.5499530595846,-172.697763716688,-0.0995967797852378,-0.00897114576912271,-0.0081600516760858,-0.0348781816349018
-13.9418963656172,-21.63708871641,-172.238361397973,-0.0852924363485817,-0.0522034510518523,-0.00999053330224342,-0.0349322057735613
-13.9558470200693,-21.768323889058,-164.908583028502,0.00250286710889248,-0.0999686733743888,-0.0164535215609387,-0.0312664992736451
-13.9632609929507,-21.6942327116045,-168.225273784585,0.014950419938251,0.0988761090641715,-0.0223643928196751,-0.0247849316106539
-13.8879511444794,-21.6841858102703,-169.317253710682,0.094644679269154,0.0322859828104855,-0.0193348307978081,-0.0222390814763145
-13.9847547062545,-21.6621365272609,-167.006178271502,-0.0876733743759232,0.0480976031163635,-0.00913018739918137,-0.0260483201069341
-13.9625182410251,-21.5927131101079,-168.332039413536,0.0254018175342101,0.0967199445096961,-0.00316535230480852,-0.0272965273567181
-13.8780906413809,-21.6496028134132,-169.966322592636,0.0949134928974626,-0.0314869634293831,-0.0104858932532981,-0.0254027398758474
-13.8146772715235,-21.7217020062929,-170.143362210943,0.0878845702305796,-0.0477106100923718,-0.0244712003732346,-0.024388582787406
-13.9002058535436,-21.825032524746,-165.591267087563,-0.0611260874475137,-0.0791429177713263,-0.0244024945725165,-0.0241876006816888
-13.9753213710518,-21.7763730103042,-167.472757618573,-0.0566662312176791,0.0823950134388273,-0.0184492862905667,-0.0337354989971139
-13.9159326816893,-21.7525234984242,-162.864785091454,0.0878523943650255,0.0477698315292408,-0.0284637050025047,-0.0239203196491964
-13.9343754644906,-21.6828571831081,-161.930771590609,0.0138305167353235,0.0990389661034178,-0.032273299536671,-0.0293726507873266
-13.9558494799359,-21.5973673094701,-161.797328257877,0.000530657309730541,0.0999985920041859,-0.0220046727549352,-0.014508718366141
-13.9063574645714,-21.6735542842947,-157.716461141971,0.0803985748460619,-0.05946485653495,-0.0309065594815916,-0.0167221182896462
-13.9963820135811,-21.6156934493364,-148.455123154128,-0.0696514120473149,0.0717543085801484,-0.0203731369624442,-0.013893473621895
-14.1068898938854,-21.6793548340612,-147.215177551657,-0.0904889123358708,-0.0425647359238972,-0.0200189679683938,-0.0210966488009312
-14.2191334375507,-21.6681685887952,-147.959517819621,-0.095394806693471,0.0299971807994568,-0.0168487369717791,-0.0188109355333985
-14.3292692879446,-21.7445304575464,-147.080092022778,-0.0839321332993325,-0.0543635631634193,-0.0262037170945568,-0.0219983055877826
-14.3245401715586,-21.868557010525,-145.816813364794,0.0264075265148112,-0.0964502075859329,-0.0216784101288372,-0.0275763453927347
-14.4115669551625,-21.9753265926449,-140.499911654609,-0.0643482047281293,-0.0765461203998398,-0.0226785788758352,-0.0302234617200234
-14.5270270741794,-21.9832701656387,-147.824021743741,-0.0985725349634337,0.0168361323017682,-0.0168875840534266,-0.0247797052955612
-14.5912922599556,-21.9149917425047,-154.990988003301,-0.0495011745442987,0.0868886282475151,-0.0147640112318808,-0.018610205113557
-14.5134573121424,-21.9664664457838,-157.345097766124,0.0964970586008324,-0.0262358091429924,-0.0186621107876483,-0.0252388941361055
-14.6290137095701,-21.9504339078549,-154.305290613577,-0.0933318050424341,0.0359050716128108,-0.0222245923852977,-0.0198725336838486
-14.7171560792436,-22.0528502604189,-153.011188572807,-0.0600354952837463,-0.0799733662292346,-0.0281068743897706,-0.0224429863347346
-14.6402819831966,-22.0521420058959,-156.938757581816,0.0990093503221495,0.0140409596817977,-0.0221352542750743,-0.0133327051588452
-14.7178423879609,-21.989931448088,-161.160012933126,-0.0590766674726028,0.080684244808584,-0.0184837372917741,-0.0184736870007072
-14.681440473744,-21.9167385321426,-162.27779004668,0.0466887994310621,0.0884316459627777,-0.0102868852141089,-0.0152387300173551
-14.7760078376421,-21.9811287472695,-165.98597573893,-0.0868595782927528,-0.0495521307191239,-0.00770778560532293,-0.0148380844078204
-14.7991895552538,-21.9021718901913,-167.918472839,-0.015609320481993,0.098774233047341,-0.0075723971297208,-0.0198173759690512
-14.7500088340656,-21.8416624242965,-168.799412091617,0.0662540269427568,0.0749026295524293,-0.0170733057546109,-0.0143931636576902
-14.8148982203797,-21.7773802013619,-173.861738785285,-0.0476486019770168,0.0879182047680447,-0.0172407843370355,-0.023635981833408
-14.8831019811138,-21.8834103245144,-178.027529270188,-0.0503413060317609,-0.0864045884604319,-0.0178624547023265,-0.0196255346921141
-14.8188745480003,-21.8365207497729,-175.233214573916,0.0767429584772702,0.0641133240766378,-0.0125155253638063,-0.0172237493351588
-14.9111311519557,-21.9072918063095,-172.136723924964,-0.0795555759788784,-0.0605880378512864,-0.0127010279765312,-0.0101830186852645
-15.0250393200206,-21.9020669763586,-172.98485096389,-0.0980608228834562,0.0195978319060921,-0.0158473451814185,-0.0143730019552386
-15.1023636317246,-21.9881362933582,-171.867023542901,-0.0605364651442951,-0.0795948263886137,-0.016787846559712,-0.00647449061096239
-15.093449979819,-22.0950005634715,-171.104928217754,0.0111638199835741,-0.0993748918156611,-0.00225016807796941,-0.00748937829764529
-15.1643162179917,-22.1681694261259,-172.005710332331,-0.070958616065871,-0.0704618677443077,9.23778931447572e-05,-0.00270699491005644
-15.2468855473739,-22.2431380516049,-178.352332701882,-0.0752827824481718,-0.0658217491932662,-0.00728654693399911,-0.00914687628579358
-15.1906383218282,-22.1764997135687,-175.048118664107,0.0636326137678184,0.0771420149145435,-0.00738538822216128,-0.0105036768783009
-15.2127187314992,-22.0952644680924,-180.529367031462,-0.0111975220433639,0.0993710999239134,-0.0108828876275808,-0.0181358544475998
-15.280541187088,-22.1880743745297,-178.108822717243,-0.0571914469821037,-0.0820313256755809,-0.0106310086067509,-0.0107785807617624
-15.3857843645232,-22.2112902061648,-185.173180712204,-0.0983702698693989,-0.0179802671232001,-0.00687290756575543,-0.00523556451186025
-15.3648693588157,-22.1278861258448,-187.146474529645,0.0219899688727363,0.0975522489180854,-0.00107496316524269,-0.0141481685980551
-15.4603787516729,-22.1561030680873,-191.476267114261,-0.0987085939463121,-0.0160191598138629,0.00319920108912974,-0.0121977824286432
-15.3742132512327,-22.2154855360066,-182.730112711745,0.0868940503747565,-0.0494916559580429,-0.000728549934528644,-0.00989081196131636
-15.4784393209929,-22.2461848160622,-185.223272830262,-0.0991471723827888,-0.0130321989125995,-0.00507889737741252,-0.0176670811429531
-15.4360430784527,-22.1726566729925,-187.312797242151,0.0378369637611978,0.0925654588566049,0.00455927877898255,-0.0190373157868819
-15.5445576567307,-22.1861283979841,-191.599997672066,-0.0999309862222241,-0.00371456493463915,-0.00858359205576065,-0.00975716005701699
-15.6418775119689,-22.1529521386402,-185.779794780266,-0.0910696928845407,0.0413075179345775,-0.00625016235374609,-0.00813125859070851
-15.6171939855814,-22.2545786377688,-189.758067658924,0.0303427683876158,-0.0952854469820838,-0.00565924200007117,-0.00634105214648173
-15.6759298742105,-22.170235563858,-186.40512721592,-0.0496563934631698,0.0868000149091627,-0.00907949516597029,-0.00245694099839966
-15.6332216740998,-22.2532056673963,-189.483135262924,0.0550714733902574,-0.0834693525710256,-0.012363273279524,0.000499249032802851
-15.7475542489926,-22.2757268822769,-191.511712929913,-0.099214284703817,-0.0125110235676357,-0.0151182901889495,-0.0100101913130324
