X,Y,Theta,FmPi_x,FmPi_y,Xi_x,Xi_y
0,0,2.20135647684439,0,0,0,0
-0.0764981205565145,0.023586023988447,2.03298933475689,-0.0445912088116058,0.0895076761888039,-0.0319069117449087,-0.0659216522003569
-0.225548951467971,0.192978808022144,2.15797282747465,-0.0554012647892656,0.083250824979394,-0.0936495661221908,0.0861419590543034
-0.252700754518867,0.215565506180918,2.05388476198547,-0.0464516395197016,0.0885564519723532,0.019299836468805,-0.06596975381358
-0.370460903274026,0.305567332849184,1.95466794166997,-0.0374513112313322,0.0927221617902316,-0.0803088375238268,-0.00272033512196564
-0.423603181339618,0.477169965199169,1.92194774547907,-0.0343979191208509,0.0938977271298694,-0.0187443589447411,0.0777049052201159
-0.444760906019282,0.627298421367302,1.97201457138829,-0.0390540130635515,0.0920585903847759,0.0178962883838875,0.0580698657833567
-0.384295104265011,0.781495249715811,1.92140910705183,-0.034347337209276,0.0939162415486921,0.0948131389635478,0.0602805867998174
-0.20179026105069,0.777823972422825,1.60834410076327,-0.00375389518938957,0.0999295165149271,0.18625873840371,-0.103600793807914
-0.288032172898459,0.855960578765723,1.49482015683488,0.00759030971863064,0.0997115198880012,-0.0938322215663993,-0.0215749135451027
-0.259742865156441,0.920362573449659,1.83103520262627,-0.0257311391764692,0.0966328540232626,0.0540204469184867,-0.0322308593393271
-0.160829274899613,0.976662130793202,1.6943180629819,-0.0123207867789052,0.0992380885202288,0.111234377035733,-0.042938531176685
-0.257286099426641,1.11846119681939,1.68677424912649,-0.0115718096314523,0.099328209597543,-0.0848850148955762,0.0424708564286421
-0.312712242343735,1.2129803861973,1.62405071832157,-0.00532292232519111,0.099858231998769,-0.0501032205919026,-0.00533904262085759
-0.23651757079825,1.26435490948535,1.55773264870864,0.00130633065155604,0.0999914671370953,0.0748883408939292,-0.0486169438490484
-0.230501970326191,1.27066242413924,1.69545770600503,-0.0124338747486013,0.0992239827800522,0.01844947522066,-0.0929164681261552
-0.283432339863618,1.33622023624694,1.84035226372528,-0.0266303435341595,0.0963889246918579,-0.0263000260032672,-0.0308311125841611
-0.347404763037281,1.50798391150131,1.81967436507716,-0.0246316721121795,0.0969189389591017,-0.0393407510614831,0.0748447362952685
-0.461106542073563,1.68626970501014,1.90532101909912,-0.0328320247265326,0.0944566469463973,-0.0808697543097499,0.0838291465624369
-0.506754851691732,1.7632771342532,1.71542519545233,-0.0144125183112553,0.0989559463394077,-0.0312357913069134,-0.0219485170963545
-0.461329957031434,1.80641419092925,1.65431242947423,-0.00834190499064339,0.0996514556899551,0.0537667996509415,-0.0565143990139044
-0.421229912801999,1.92492342154719,1.43175212372412,0.0138596605640249,0.0990348918768028,0.0262403836654099,0.0194743387411378
-0.51302481053157,2.02904009194139,1.7152153929726,-0.0143917567912827,0.0989589679435905,-0.0774031409382885,0.00515770245060655
-0.480764392808314,2.19640912622071,1.74652811816327,-0.0174828705291586,0.0984598864414371,0.0497432882524151,0.0689091478378887
-0.48240779955103,2.33597087566432,1.49548708600799,0.00752380751398731,0.0997165599110422,-0.00916721425670379,0.0398451895325622
-0.441948812577892,2.43200595467862,1.68356450855693,-0.0112529327859839,0.0993648403798553,0.0517119197591219,-0.00332976136555339
-0.530697088905467,2.56181700178356,2.00377115580299,-0.0419572971550307,0.0907721610156134,-0.0467909791725437,0.0390388860893267
-0.539259243542532,2.76990404593777,2.19661336854629,-0.0585759668301278,0.0810484799975655,0.0500138121930624,0.127038564156647
-0.617293141591479,2.8039136512755,2.19848707325725,-0.0587277248367327,0.0809385837255694,-0.0193061732122139,-0.0469289783878362
-0.601728512545881,2.79311562515869,2.01049607597858,-0.0425667793445301,0.0904879511108197,0.0581314083901281,-0.101285977227638
-0.743582076552625,2.87273808141884,1.89362670563945,-0.0317251992872256,0.0948341274551826,-0.110128364719518,-0.0152116711950303
-0.883582834393713,2.94651998557688,1.83341803888809,-0.0259613261777252,0.0965712666536675,-0.114039431663364,-0.022789362495622
-0.862751810230506,3.13896352144035,1.95813103143099,-0.037772191182224,0.0925919087895563,0.0586032153454312,0.0998516270739091
-0.918788334714715,3.21076180911616,1.83411136975478,-0.0260282757724628,0.0965532436550561,-0.0300082487117463,-0.024754955979249
-0.887210007253328,3.39081965468389,1.96498066045111,-0.0384055203650076,0.0923310132376602,0.0699838478263951,0.0877268323300766
-0.970983496614359,3.61960767990386,2.0593181358363,-0.0469321118021959,0.0883027569319678,-0.0368413775588357,0.140485268287999
-1.01989060275701,3.61120549105942,1.95838511108418,-0.0377957156828244,0.0925823086557205,-0.0111113904598224,-0.10098449750016
-1.1712966697808,3.72640197080276,2.02460226410591,-0.043838942079251,0.0898785133242204,-0.107567124944544,0.0253179664191212
-1.2245529530146,3.8087607737613,2.06694567337357,-0.0476042726316472,0.0879422152735068,-0.00565201060215165,-0.00558341231497148
-1.36757242545085,3.83992470584792,2.17924258766127,-0.0571593249930709,0.0820537114720383,-0.0858601474431766,-0.0508897793854144
-1.33373581656702,3.95475466067822,2.01042658313015,-0.0425604909762809,0.0904909089790677,0.0763970998601113,0.0243390458512276
-1.41360162315465,4.04033320648394,2.05885138508159,-0.0468908913130247,0.0883246529111216,-0.0329749152746087,-0.00274610710540282
-1.47001887619538,4.068003319963,2.27146675176468,-0.0644730311721435,0.076441011580668,0.00805577813141614,-0.0487708981016067
-1.41021568571224,4.15408292566342,2.26971972864744,-0.0643393886370242,0.076553530746883,0.124142579120167,0.00952607495354493
-1.59411496677214,4.23053309498992,2.38790849684336,-0.0729172644913455,0.0684329784467925,-0.110982016568556,0.00801719087970623
-1.57307125291047,4.22936639810552,2.43131254716095,-0.0758179263412709,0.0652046167484299,0.0968616402029394,-0.066371313632831
-1.53583632555044,4.44106048145906,2.56809278461771,-0.0840007181302125,0.0542575280823647,0.12123564549024,0.157436555271171
-1.71805480097428,4.49829853684401,2.75033600861141,-0.0924430567832324,0.0381350396954307,-0.0897754186406022,0.0191030156895185
-1.71656474677614,4.58935866635005,2.79505520535376,-0.094055438069453,0.0339643131766754,0.0955454922675909,0.0570958163293627
-1.76295899416579,4.6807338609478,2.95065895854341,-0.098182747047923,0.018977570501083,0.0517884996582692,0.072397624096673
-1.72481721214872,4.68617377620748,3.26616939915775,-0.0992250347487939,-0.012425477017026,0.137366816765869,0.0178653922767028
-1.82778441098705,4.69537783271035,3.235865460335,-0.0995559609029593,-0.00941332293552297,-0.00341123793537884,0.0186173794383941
-2.01203014881739,4.65244320297627,3.10250906795982,-0.0999236333884607,0.00390736361866989,-0.0843221044418754,-0.0468419933527494
-2.13936733591467,4.59586630457289,3.0697151223665,-0.0997417922205993,0.00718156561083963,-0.0275953948766798,-0.0637584640142168
-2.32412729399379,4.69380238947094,3.11055948251246,-0.0999518509790208,0.00310281901947496,-0.0848081071000987,0.0948332658785735
-2.29581449328715,4.83169739756122,3.08949712660963,-0.0998643334902054,0.00520719661209838,0.128177134196848,0.132687811478179
-2.42733712148769,4.72708893526341,3.12424403334242,-0.0999849516462124,0.00173477500113871,-0.0315376765543315,-0.106343237298953
-2.58986950020317,4.67925783965663,2.94218994597161,-0.0980185066688587,0.0198083909090797,-0.0645138720466215,-0.0676394865158559
-2.7804472488231,4.66012993475553,3.03894219756254,-0.0994736066598089,0.0102470277685597,-0.0911041419601171,-0.0293749326696593
-2.85453626508961,4.66924325742432,2.98776716361808,-0.0988192170239402,0.0153219563625342,0.0247302007574245,-0.00620863369374242
-2.93398282082935,4.6131134628286,2.91965851601517,-0.0975473538118834,0.022011673364359,0.0181007980721407,-0.0781414679600808
-3.15471669600982,4.74403582752363,3.0215412827726,-0.0992802484829961,0.0119763208521878,-0.121453626697468,0.118946043842846
-3.02655914962946,4.87153806971159,3.09362235856871,-0.0998849646017858,0.00479518993367364,0.228042510982148,0.122707052254286
-3.01311693097917,4.74416128809003,3.09091182716845,-0.0998716001785982,0.0050659133200458,0.113313818828888,-0.132442694941608
-3.04515534730677,4.70129731284587,3.26509554619185,-0.0992383206704023,-0.0123189167753665,0.0671999043427963,-0.0305450584687907
-3.05878943464971,4.60355540026292,3.56338831560708,-0.0912355268665538,-0.0409399393915323,0.0776014395236178,-0.056801973191423
-3.01936745118423,4.55670884284608,3.54026372523013,-0.0921577689609392,-0.038819397472683,0.131579752426422,-0.00802715994415304
-3.15773884571288,4.43479865480869,3.54119911030535,-0.0921214175647119,-0.0389055834793412,-0.046249976963943,-0.083004604558052
-3.21367425182382,4.39212333833671,3.5172690219442,-0.0930259673941857,-0.0366901811166953,0.0370905612832467,-0.00598513535528433
-3.43123615788194,4.30597392653958,3.39728725392428,-0.0967487852523391,-0.0252917486978811,-0.120813120805778,-0.0608576630992518
-3.49945188270201,4.30204992593883,3.31030652551008,-0.0985801541878997,-0.0167914621248397,0.0303644293678274,0.0128674615240974
-3.54141358155589,4.35730776843055,3.26436663271664,-0.0992472737306489,-0.0122465773599665,0.0572855748767693,0.0675044198516794
-3.63523139277745,4.23438748563061,3.51411987613282,-0.0931410486589641,-0.0363970473350309,-0.000676762562600741,-0.0865232354649088
-3.72663478770961,4.34668333897235,3.38574455955532,-0.0970342686627893,-0.0241733469978327,0.00563087373063509,0.136469200339575
-3.77801812949423,4.42108456250038,3.51324582222655,-0.0931728260578211,-0.0363156231448534,0.0417894842732006,0.110716846672886
-3.91217890068324,4.40899430413101,3.55432945406277,-0.0916026475330513,-0.0401117808746455,-0.0425581236559585,0.0280215225052763
-4.060796464918,4.37011935023907,3.66758624590191,-0.0864825513181733,-0.050207253634306,-0.0621350129165923,0.011332299742366
-4.18706431108778,4.30538739740314,3.62092501503519,-0.0887303026652586,-0.0461186880660282,-0.0375375435045146,-0.0186132647699105
-4.26531411030761,4.13232065804551,3.47962803623423,-0.0943408020251385,-0.0331634297570927,0.0160910028053071,-0.139903309600534
-4.43840336281889,4.19205925467445,3.75362810664267,-0.0818480275901478,-0.0574534627294335,-0.091241224921137,0.117192059358376
-4.52046236038352,4.1439556489752,3.69814443326083,-0.0849081717408475,-0.0528261523454694,0.00284917417621677,0.00472254664621213
-4.60085705199854,4.02434615169934,3.69590003211683,-0.0850265208626379,-0.0526354514561754,0.00463182924761935,-0.0669740458196773
-4.71142439816873,3.8608485177855,3.6368042580486,-0.0879868171320534,-0.0475217845937059,-0.0225805290381375,-0.115975849320136
-4.82482172928086,3.81087233143518,3.68854846723971,-0.085411172673023,-0.052008956753804,-0.0279861584391043,0.00203277040347838
-4.93207118535624,3.77759001829111,3.5543238692729,-0.0916028715474902,-0.040111269292482,-0.015646584527895,0.00682895614841314
-5.15507866006659,3.8343385446402,3.45523706606339,-0.0951215488529376,-0.0308527299248899,-0.12788592585741,0.0876012562739814
-5.3317350244828,3.74573292797973,3.40484609099241,-0.096554846958267,-0.026022327506694,-0.0801015174579425,-0.0625832891537728
-5.32484458593751,3.75071918755145,3.18067279514703,-0.0999236468451126,-0.00390701947438562,0.106814085390408,0.00889327904610049
-5.35170929975736,3.89392191229708,3.12066496296625,-0.0999781023874807,0.00209261630463723,0.0731133885676248,0.141110108440999
-5.59356908361006,3.93200007026918,3.08737727813908,-0.0998530706477321,0.00541888200822179,-0.142006713204962,0.0326592759638768
-5.64791688513238,3.95214727410382,3.31320592951375,-0.098531054664709,-0.0170772148390808,0.0441832531423879,0.0372244186737166
-5.71884444011326,3.96699825428875,3.36203941338629,-0.0975799855720062,-0.0218665593033531,0.0266524305911181,0.0367175394882852
-5.89658904436986,3.9698963003387,3.28934792775404,-0.0989104034185264,-0.014721823785943,-0.0788342008380725,0.0176198698358903
-5.93067447347662,3.82746292904913,3.23654972917963,-0.0995494963526159,-0.00948144376877887,0.0654640672458555,-0.132951927520784
-6.14353442861856,3.83298528647274,3.22644897733872,-0.099640186199887,-0.0084754524393598,-0.113219768942049,0.0139978098629663
-6.22045072694931,3.76840380236107,3.57701364653132,-0.0906692551135534,-0.0421792149897717,0.0137529567828067,-0.0224022691219011
-6.48925896335245,3.88819596499795,3.32377185243174,-0.0983451215967361,-0.0181173137667592,-0.170463114806411,0.137909476403645
-6.60950063806764,3.82616310202044,3.39861768795231,-0.0967150506338611,-0.025420444152093,-0.0235266240813288,-0.0366124188254173
-6.74433127489479,3.83090322326149,3.25451399681657,-0.0993631156987221,-0.0112681515184328,-0.0354675211284309,0.0160082727594788
-6.93873916155207,3.98332697880574,3.22856229715607,-0.0996220523691544,-0.00868600493653172,-0.0947858342881183,0.161109760480786
-6.9560466719867,4.0378100408686,3.09257821688414,-0.0998799032961201,0.00489948135599131,0.0825723928614877,0.0495835807068625
-6.95901261871874,4.00518220753807,3.23975475767858,-0.0995185968110388,-0.00980045349776763,0.0965526500789987,-0.0228273798327574
-6.9342047873439,4.07571958733932,3.48471632174298,-0.0941708364845563,-0.0336430313110896,0.118978667859393,0.104180411112341
-6.99624439511751,4.21749894176531,3.42972664152378,-0.095877579720279,-0.0284163633665807,0.0338379719466747,0.170195717792572
-7.11385388979042,4.13727713367759,3.35582081142751,-0.0977140773718788,-0.0212593293253217,-0.0198954173010346,-0.0589624787624022
-7.23391962600929,4.15428078506617,3.28261487192523,-0.099007283535379,-0.0140555258508916,-0.0210584526834878,0.0310591772394708
-7.31626932210123,4.16760859579406,3.5533004946173,-0.0916438724290812,-0.0400175042475451,0.00929417633714151,0.0533453149754388
-7.45017608254432,4.20704182377032,3.62147182342204,-0.0887050713159364,-0.0461671996425453,-0.0452016891271527,0.0856004276187992
-7.69152239268846,4.06548342006072,3.54802185521351,-0.0918538326418329,-0.0395331940147284,-0.149492477502305,-0.102025209694866
-7.87050193761197,4.06695730346479,3.41174437373263,-0.0963730416741849,-0.0266877657076387,-0.0826065032493323,0.0281616491117057
-7.91175244189165,4.08016243557889,3.26869974483621,-0.0991932763788939,-0.0126765106090111,0.0579427720992151,0.0258816427231099
-8.01249635202626,4.14372585267948,3.15527987754535,-0.0999906331412533,-0.00136867965985734,-0.000753276993356977,0.0649320967604485
-8.01192780694394,4.14325048637154,3.2681695272122,-0.0991999837447762,-0.0126239148062772,0.0997685288270978,0.0121485484983404
-8.11953438532281,4.1344349276436,3.2560833523857,-0.0993453096101055,-0.0114240736373804,-0.00826126876876343,0.00260851490943415
-8.21877808323912,4.17654060976279,3.0984658800226,-0.0999070184829289,0.004311340609567,0.000663320566611808,0.0377943415096305
-8.30464490321017,4.16929964319919,2.90913354502188,-0.0973102830105484,0.023037118318205,0.0114434630395004,-0.0302780848818118
-8.33179709998575,4.1396723171185,3.06034015835945,-0.0996700831692363,0.00811631203426308,0.0725178863936634,-0.0377436381149505
-8.30259070727771,4.18077806619568,3.21966400302727,-0.099695397982896,-0.00779920643604112,0.12890179069093,0.0489049555132226
-8.35519380111682,4.11538449269711,3.26367308529147,-0.0992557434427963,-0.0121777417289829,0.0466526496036878,-0.0532158317695877
-8.50648403463113,4.02891792222325,3.33347094213744,-0.098164777158711,-0.0190703048056555,-0.0531254563556029,-0.0673962656682091
-8.72039310144362,3.85611922093041,3.38181173147678,-0.0971285876153576,-0.0237915419392229,-0.116780479197126,-0.149007159353613
-8.73683450827676,3.96282653436995,3.23283193722921,-0.0995840583221023,-0.00911127477909282,0.0831426514889543,0.115818588218632
-8.76038311411257,4.07899573055075,3.16106203095247,-0.099981047765931,-0.00194681473864816,0.0764324419301232,0.118116010919448
-8.8587765754861,4.03314696038597,3.03404240866298,-0.0994222045124277,0.0107343024873071,0.00102874313889649,-0.0565830726520888
-8.86378846268074,3.91496287372774,3.06837499417365,-0.0997320784396342,0.00731522590974767,0.0947201912449993,-0.125499312567973
-9.12314564743576,3.86998317138392,2.91461910671833,-0.0974351898135827,0.0225029728256316,-0.161921994941437,-0.0674826751694547
-9.1504090205074,3.8475521222033,3.13164121311979,-0.0999950484824917,0.000995127622035804,0.0727316754108495,-0.0234261768026574
-9.13525564069222,3.66664611025795,3.29378076106954,-0.0988441724476313,-0.0151601310397678,0.113997552262816,-0.165745880905585
-9.21269069631267,3.58501322781184,3.57311502266112,-0.0908330065390908,-0.0418254100167527,0.0133979509186378,-0.0398074724293498
-9.34639729724337,3.46834131573132,3.57543162864256,-0.090735869895764,-0.0420357218834052,-0.0429707310349363,-0.0746361901971161
-9.47804940241821,3.38958533820749,3.61754402332206,-0.0888857221281423,-0.0458184286260307,-0.0427663830466989,-0.0329375488978039
-9.47858610257107,3.23283659055367,3.46813137436006,-0.094715827768987,-0.0320766577129787,0.0941791276161245,-0.124672089940837
-9.68061888668589,3.23667280212244,3.24531566684613,-0.0994625589220372,-0.0103537129900476,-0.102570225192784,0.0141899245588211
-9.81940219317049,3.14523536193886,3.44919333894535,-0.0953062759684153,-0.0302772812688369,-0.0434770305161765,-0.0611601589147498
-9.87087747186009,3.07780941657517,3.58578799053562,-0.0902956746699059,-0.0429731443567551,0.0388203959802979,-0.0244528010069325
-9.94776413548199,3.08814643591878,3.56989814695996,-0.0909670834695011,-0.041532995618578,0.0140804198476057,0.0518700149621913
-9.92601356464423,3.05872793474916,3.56180028200898,-0.0913004257973208,-0.0407950027482279,0.11305099663508,0.011376501578603
-10.0581290607187,2.95253381182188,3.5239964671486,-0.0927770329722324,-0.0373151732257711,-0.0393384631022082,-0.068878949701504
-10.0004810373574,2.93258792056143,3.47024661332311,-0.0946477661329863,-0.0322769324136533,0.152295789494217,0.0123310411532017
-9.96802088502439,2.79280123923474,3.36715520523413,-0.0974668443980896,-0.0223654698828035,0.129926996731141,-0.117421211443891
-10.0730035403582,2.66202766263068,3.48822775438652,-0.0940521209188472,-0.0339734977690928,-0.0109305344149843,-0.0968000788349633
-10.1791857882077,2.61134994576282,3.45983765355921,-0.0949786020288463,-0.0312900168847196,-0.011203645820678,-0.0193876999831446
-10.3016001278769,2.5019542856128,3.29603417366536,-0.0988097594875636,-0.0153828290639216,-0.0236045801815934,-0.0940128310860938
-10.4719338710849,2.60888981068725,3.3151272542577,-0.0984980619463828,-0.0172664933558189,-0.0718356812615735,0.124202018430268
-10.5379682935546,2.55365965701028,3.40454499169735,-0.0965626778857475,-0.0259932537311776,0.0305282554160146,-0.0292368999457923
-10.662141652438,2.57738354726722,3.55503631623852,-0.0915742711498906,-0.0401765212949842,-0.0325990877334809,0.0639004115519219
-10.7188663379213,2.62095897911565,3.64909825512967,-0.0873959499838785,-0.048599875786008,0.0306712645005539,0.092175307634439
-10.8415890304849,2.67666024324695,3.72487843034206,-0.0834657453485255,-0.0550769403054953,-0.0392569472150427,0.110778204436798
-10.8592385265559,2.6976947327174,4.07178881622494,-0.0597676722906053,-0.0801737198149294,0.0421181762195968,0.101208209285373
-10.9242954650313,2.72918163751156,4.03146289034934,-0.0629512856622261,-0.0776990066440544,-0.00210565281317548,0.109185911438216
-10.8885661423349,2.74326836809372,4.00955902719194,-0.0646379572288013,-0.0763016021148158,0.100367279925149,0.0903883326969824
-10.8533329388759,2.66232743961497,3.99200088439955,-0.0659676395091473,-0.075154976798554,0.101200842968209,-0.00578595168020324
-10.8613817626481,2.65192874275479,4.03300329966717,-0.062831522748433,-0.0777958851682603,0.0547826989761965,0.0673971883080891
-11.0115567961447,2.45036057676953,4.33246900452329,-0.0370846152637886,-0.0928694315194014,-0.113090418232829,-0.108698734465859
-11.0197225418218,2.38442562991775,4.31787133840891,-0.038436292925984,-0.0923182072297115,0.0302705472488477,0.0263832603779236
-10.9651917426154,2.2091813732182,4.22168946524034,-0.0471242978174112,-0.088200343282869,0.101655097023878,-0.0870439134166759
-11.1958358493487,2.06612524623119,4.11105665511762,-0.0565741587417572,-0.0824582595175429,-0.174069947991574,-0.0605978674694708
-11.265356995048,1.95581744161806,4.0906213639852,-0.0582472876982765,-0.0812850138450761,-0.0112738580010473,-0.0290227907680547
-11.1505449052457,1.7453948850435,4.01472411223182,-0.0642429925103842,-0.076634443387492,0.179055082312686,-0.133788113187064
-11.1079831463873,1.5786839397911,3.86348071886232,-0.0750559428565628,-0.0660802954133256,0.117617701715026,-0.100630649839073
-11.232727670577,1.41585018950427,3.74673501694856,-0.0822421118418177,-0.0568879164656076,-0.0425024123479028,-0.10594583382122
-11.3596346485387,1.34748429585847,4.0069172223513,-0.0648393053778351,-0.0761305751857941,-0.0620676725838255,0.00776468153999123
-11.4863816298955,1.38049192216319,3.99544253430306,-0.0657085922096859,-0.0753815687673134,-0.0610383891471672,0.10838919507203
-11.7001862947055,1.28611202805034,4.14756935209809,-0.0535263467409437,-0.0844685160552041,-0.160278318069081,-0.00991137805764744
-11.7248400065588,1.28592961001198,4.34751172677432,-0.0356834631469028,-0.0934167568364672,0.0110297512936683,0.0932343387981056
-11.7953739588915,1.07981189383234,4.2516081086885,-0.0444647673577003,-0.0895705557860706,-0.0260691849750178,-0.116547160393566
-11.8425643858856,1.09821329870382,4.28252741565907,-0.0416744965512127,-0.090902345058876,-0.00551593044293475,0.109303749930361
-11.8734943083477,1.14140394149334,4.16989942420286,-0.0516269710118937,-0.085642605425904,0.0206970485498626,0.128833248215418
-11.8727107181681,0.926075154055791,4.23564396982926,-0.0458889575265739,-0.0888493307635139,0.0466725477060941,-0.126479456674033
-11.9667920113829,1.03758737453498,4.23234634502604,-0.0461816992468417,-0.0886975233852347,-0.0478995939679552,0.200209743864427
-12.0599479945558,0.950807537858797,4.37248565040546,-0.0333395954469629,-0.0942786899327353,-0.0598163877258908,0.00749885325654887
-12.1268183572373,0.859329798992927,4.41170944211605,-0.0296169326083656,-0.0955135451277542,-0.0372534300731395,0.00403580626188438
-12.2047385562888,0.745866513136079,4.43148258163937,-0.0277226634367121,-0.0960804555150255,-0.050197535614776,-0.0173828303418234
-12.2916241519078,0.624471690255549,4.50906278473856,-0.020192811897243,-0.0979400344480364,-0.0666927837217449,-0.0234547884324931
-12.3407264410516,0.577407576087321,4.51747271410173,-0.0193684387515273,-0.0981063890902541,-0.0297338503922706,0.0510422749220267
-12.3464007223306,0.534018913854176,4.52141507181166,-0.0189815187602521,-0.0981819838134991,0.0133072374811853,0.0547933215803535
-12.2798068094972,0.421386997421243,4.4515878168126,-0.0257854705750996,-0.0966183704438275,0.0923793834085436,-0.0160135459891058
-12.2772527650733,0.446991700569567,4.28677127284989,-0.0412883458534387,-0.0910783865507445,0.0438423902772884,0.116683089699069
-12.2294488827878,0.399200838538898,4.14753955331773,-0.0535288637759359,-0.0844669209978516,0.101332746061484,0.036676058967183
-12.314216695316,0.229503216711618,4.14038867967184,-0.0541315023143385,-0.0840819865202575,-0.030636310213831,-0.0856156353070232
-12.2708172593523,0.271900035494392,4.08021081072917,-0.0590903379974556,-0.0806742335281002,0.102489773961097,0.123071052310875
-12.423414795776,0.233039687263114,3.91112776305589,-0.0718234218703466,-0.0695801413539397,-0.0807741145533669,0.0307197931226614
-12.4890544194652,0.224898301741669,3.68060779137502,-0.0858214618424632,-0.0513291017574108,0.020181838153341,0.0431877162359656
-12.5678228805802,0.27956180922487,3.99213907947924,-0.0659572528312515,-0.0751640924840736,-0.012811208283755,0.129827599967275
-12.677302545645,0.0955501196319402,4.01233482758367,-0.0644259104639855,-0.0764807299970818,-0.045053754600814,-0.107530959595848
-12.8365591632864,-0.0372233450242635,3.85327076253514,-0.0757266960629773,-0.0653105466474248,-0.0835299215785014,-0.0674629180087789
-13.0882941528844,-0.126631353218099,3.79853426376403,-0.0791863684224789,-0.0610697884068665,-0.172548621175523,-0.0283382197869685
-13.1611013962301,-0.0683218222087292,3.78454379557224,-0.0800329859084471,-0.0599559935834467,0.00722574256280087,0.118265524592816
-13.2215327455316,-0.155364811287619,3.9578411286479,-0.0684959311905737,-0.0728581320810257,0.0080645818890267,-0.0141848569978643
-13.3533291100188,-0.277391989754483,4.08689148084264,-0.0585500654296915,-0.0810671933532847,-0.0732462990574735,-0.0409599851135795
-13.5248452594435,-0.391426422835118,4.16327136187276,-0.0521934773690517,-0.0852985399647983,-0.119322672055627,-0.0287358931158367
-13.6025011496986,-0.634548035511825,3.97169842938971,-0.0674797701014919,-0.0738002752505016,-0.0101761201536679,-0.169321337426205
-13.6386123864936,-0.672433027464848,3.85957798904693,-0.0753132641419412,-0.0657868698471526,0.039202027347019,0.0279018778941295
-13.7581003794591,-0.696620083495095,3.76860483902747,-0.0809784154337684,-0.0586727895521938,-0.0385095775318046,0.0344857335219467
-13.8533113867971,-0.608060178178711,3.77654716324947,-0.0805098679487456,-0.0593140890756618,-0.0147011393891728,0.147873994392046
-14.0597255277709,-0.656785023244473,3.89830917032578,-0.0727094161391415,-0.0686537748758592,-0.133704724834667,0.0199289298100976
-14.0947029112589,-0.615580435456875,3.8513191549426,-0.075854012327955,-0.065162633569788,0.0408766288399073,0.106367221357386
-14.0827664546379,-0.625493957584726,3.99706787343536,-0.065585984857987,-0.075488267897786,0.0775224414789762,0.065574745769935
-14.1833724646953,-0.800647828650643,3.98336002464944,-0.0666145723383125,-0.0745821610855018,-0.0339914377190271,-0.100571709980416
-14.2039909263944,-0.870012402955397,3.80130484133794,-0.0790168661316891,-0.0612889457139436,0.0583984044326007,-0.00807562859080979
-14.1204189971409,-0.974005886824394,3.78581884493547,-0.0799564740208814,-0.0600579908267678,0.163528403274296,-0.0439354930422298
-14.2360180776537,-1.03294575233726,3.8517303279189,-0.0758272128026597,-0.0651938171806204,-0.0397718677101063,0.00625395166775256
-14.3172736109096,-1.03788363061533,3.96849489678114,-0.0677158450260321,-0.0735837232845037,-0.0135396882298381,0.0686458450064363
-14.308709516596,-1.24823013367357,3.84221755947555,-0.0764439462547977,-0.0644695515805221,0.0850080405684,-0.14587695147772
-14.3019577181867,-1.41128223327328,3.93318717452616,-0.0702711748205002,-0.0711474664998459,0.0770229732298043,-0.091904633099862
-14.4119361965612,-1.54806820136793,3.91568981912031,-0.0715052470595911,-0.0699070786326166,-0.03847323131491,-0.0668788894620366
-14.5899535407143,-1.61474469710612,3.9145229531494,-0.0715867705523465,-0.0698235940201139,-0.106430573600734,0.00314709828192894
-14.6262112473257,-1.71525845380885,3.91788808043904,-0.0713514003872735,-0.0700640968169503,0.0350936937758747,-0.0304496598857806
-14.7458979887385,-1.82727055182172,4.01177931241228,-0.0644683867268081,-0.0764449286273636,-0.0552183546860255,-0.0355671693855103
-14.8091627863707,-1.93133152715555,4.11323217978553,-0.05639463502553,-0.0825811427647818,-0.00687016260671063,-0.0214798325690508
-14.9172965014868,-2.14649393373388,4.02716885503562,-0.0632843465449941,-0.0774279760963252,-0.0448493685711162,-0.137734430482001
-15.00317743555,-2.15449854376302,3.62616445434528,-0.0884874498065124,-0.0465829499574677,0.00260651574331964,0.0385783399283324
-15.0275364000689,-2.18932022673216,3.70758485708142,-0.0844056943333307,-0.0536253556082227,0.0600467298144754,0.0188036726390826
-15.1697991000058,-2.23616911502208,3.80789478607922,-0.0786112625482971,-0.0618083279223982,-0.0636514373886154,0.0149594396324693
-15.3816134390645,-2.41802188873663,3.53945945831348,-0.092188960308778,-0.0387452654809146,-0.119625378749903,-0.143107508233629
-15.3849627777893,-2.35301090280584,3.59637672345643,-0.0898355900392773,-0.0439268341938604,0.0864862513144725,0.108937820124653
-15.3428435306249,-2.35690800990228,3.75545914772117,-0.0817426907922015,-0.0576032334339882,0.12386193795659,0.0537061263375411
-15.3769082621919,-2.36468670882597,3.73052479290698,-0.0831534321277299,-0.0555473376983904,0.0490887005606975,0.0477686387746996
-15.565938074087,-2.33766091139028,3.75403738312967,-0.0818245063843436,-0.057486956389763,-0.107205305510723,0.0845127538254571
-15.7086022540873,-2.6265290703246,3.56985928791593,-0.0909686973333246,-0.0415294606933196,-0.0516954826669896,-0.247338698240997
-15.8720446269408,-2.77579903094039,3.49782662216186,-0.0937216859474592,-0.0348747126606918,-0.0697206869060392,-0.114395247955098
-15.9802840402676,-2.63711663766813,3.25784106030216,-0.0993250759703032,-0.0115986759370841,-0.00891433735651527,0.150281069209342
-16.1105305145982,-2.69121612172318,3.2423619754712,-0.0994927066804024,-0.0100598865504245,-0.0307537676501337,-0.0440395975046279
-16.2272551246936,-2.61237541776302,3.04372562778261,-0.0995214843793725,0.00977108729499021,-0.0172031257160652,0.0690696166651688
-16.3704229642647,-2.60298447151679,3.12964739541523,-0.0999928656251909,0.00119449741000494,-0.043174973945905,0.00819644883622922
-16.5006956538026,-2.61917958390485,3.34990512778751,-0.0978381303426738,-0.0206809151405341,-0.0324345591952036,0.00448580275247396
-16.5683921938166,-2.60674881427439,3.17167479016639,-0.09995475666496,-0.0030077599719132,0.0322582166508885,0.0154385296023736
-16.8158535407834,-2.62391679493333,3.01573434898708,-0.0992090292875526,0.0125526295182137,-0.148252317679203,-0.0297206101771555
-16.8909370686427,-2.61351917498839,3.13183875478849,-0.0999952431106225,0.000975374414008783,0.0249117152513671,0.00942224553092491
-17.0177214217385,-2.66811268171903,2.98719567987672,-0.0988104446386051,0.0153784274332963,-0.0279739084572531,-0.0699719341639305
-17.0281062290888,-2.61585086408424,2.83738434526718,-0.0954084393226445,0.0299537928486071,0.0850236319723275,0.0223080247861851
-17.2393695457485,-2.58962725014033,2.75981338910115,-0.092800320033083,0.0372572221422554,-0.118462996626583,-0.011033608198347
-17.3819351624274,-2.55036484380986,2.7529374363163,-0.0925419494195276,0.0378944269996736,-0.0500236672593551,0.00136797933079796
-17.5091224420165,-2.53925872578281,2.6534645979521,-0.088321229764949,0.0468973386537774,-0.038866049824146,-0.0357912206267364
-17.5654458759381,-2.44870378958721,2.71002029686681,-0.0908309156715802,0.0418299504931847,0.0345074817499926,0.0487249857024153
-17.7002473250255,-2.49069861353234,2.76408552761882,-0.0929586407068865,0.0368604275331689,-0.0418428083804998,-0.0788552514782898
-17.6946251152575,-2.36165018389781,2.52789507229396,-0.0817524195515284,0.0575894252226125,0.0873746293195221,0.0714590044119122
-17.7313094591953,-2.30673071640706,2.6616521704885,-0.0887022404872699,0.0461726383536672,0.0520178965494606,0.00874682913708014
-17.9267986494029,-2.17647024126128,2.90741769621095,-0.0972706115704968,0.02320405405746,-0.0982185786371068,0.107056421088319
-18.0809528242626,-2.05804415388817,2.83380643440153,-0.0953006568680552,0.0302949632862825,-0.0588535179917241,0.088131124086833
-18.126307167798,-2.00916088103991,3.00123310025648,-0.0990165759014839,0.0139899141078736,0.0536622323661746,0.0348933587403872
-18.116084898373,-2.13937086097386,3.13474930500174,-0.0999976584381434,0.000684329517422479,0.110219927863138,-0.130894309451373
-18.2217842845873,-2.11494236729965,3.09179070252504,-0.0998760139128979,0.00497813668661481,-0.00582337230141527,0.0194503569875992
-18.4826896163281,-2.14092682664918,3.2131706805385,-0.0997439386566063,-0.00715169219605766,-0.161161393084199,-0.0188327671534754
-18.7488510134524,-2.14548452320395,3.20786050005683,-0.0997805089671168,-0.00662193553752356,-0.166380888157168,0.00206423898275049
-18.9000541380551,-2.16043242332783,3.06540912373978,-0.0997099438185201,0.0076109857250925,-0.0514931807842012,-0.0225588858489713
-19.0260333489487,-2.2011134466837,3.23540404699998,-0.0995602937376898,-0.00936738548715317,-0.0264189171559619,-0.0313136378687116
-19.1283305726715,-2.27733699474985,3.62174769475493,-0.088692331733747,-0.0461916690717165,-0.0136048919890439,-0.0300318789944336
-19.2755988199897,-2.39755232795592,3.3189165193899,-0.098431927638873,-0.0176396037737721,-0.0488363196792574,-0.102575729432305
-19.2948896368138,-2.48716510895807,3.209091546303,-0.0997722814528731,-0.00674476490981542,0.0804814646287249,-0.082868016092329
-19.3193273348434,-2.55173505776076,3.40387232533955,-0.0965801408254029,-0.025928293390529,0.0721424427957734,-0.0386416554121668
-19.3958978008127,-2.6098526505204,3.4550626296926,-0.0951269292439659,-0.030836136797814,0.0185564632747193,-0.0272814559618199
-19.4680844877417,-2.69569265350769,3.46285978785385,-0.0948836058061854,-0.0315769116478548,0.0226969188771442,-0.0542630913394335
-19.5782719172576,-2.73188865063118,3.47139891673174,-0.0946105104851827,-0.0323859739043484,-0.0155769190306939,-0.00381002321914718
-19.6465883554233,-2.71080130830265,3.22778421723428,-0.0996287806185038,-0.0086084883963467,0.0313123424527996,0.0296958307248793
-19.729967789163,-2.68790461233479,3.24352160172136,-0.099480974078942,-0.0101752541150026,0.0161015403392462,0.03307195008286
-19.9623166799515,-2.59825517021415,3.26327815511596,-0.0992605450598983,-0.0121385416921434,-0.133088345728635,0.10178798381278
-19.9316213732237,-2.68564761459932,3.38695071153196,-0.0970050413567513,-0.0242903674606822,0.12770034808456,-0.0631020769244851
-19.9402227088451,-2.81582775163714,3.24301668913649,-0.0994860990119043,-0.0101250236243466,0.0908847633905406,-0.120055113413472
-20.0112503374769,-2.89017562544788,3.21197926401334,-0.0997523885069334,-0.00703285057155452,0.0287247598750927,-0.0673150232391851
-20.0503365920682,-2.87544619488446,3.03855023655432,-0.0994695825833406,0.0102860167555755,0.060383327992021,0.00444341380784481
-20.1718972340073,-2.78551320015803,3.00907454750453,-0.0991232317861328,0.0132130587023821,-0.0224374101528971,0.0767199360240435
-20.1592218871589,-2.6538559273813,2.68294556233076,-0.0896652298566624,0.0442735423786249,0.102340576705059,0.0873837303981109
-20.2124221890393,-2.4623584668704,2.65800597172769,-0.0885332966064749,0.04649575670951,0.0353329947260278,0.145001703801394
-20.3041898245656,-2.3732578482967,2.23313905590191,-0.0614965905567286,0.0788553698228477,-0.0302710449695273,0.010245248750847
-20.3376644548957,-2.29100993142673,2.19630327630275,-0.058550831509282,0.081066640053549,0.0250762011791946,0.00118127681641789
-20.3883348331731,-2.15072196206009,2.34502146603912,-0.0699162288521635,0.0714963002056184,0.0192458505747728,0.0687916691610285
-20.485037181017,-2.0213991991247,2.2802708664486,-0.0651435191957454,0.0758704284078689,-0.0315588286481979,0.0534523345275189
-20.6020208551391,-2.04212641071076,2.34903058661958,-0.070202303490197,0.0712154237835476,-0.0467813706319032,-0.0919426353696082
-20.6572865896793,-2.03499581888295,2.25780571100828,-0.0634227838629268,0.0773146201379563,0.00815704932270367,-0.0701840283101479
-20.5815253830073,-1.77169745268381,2.11465792363723,-0.0517444275181777,0.0855716905338211,0.127505634190207,0.177726675665324
-20.683522866511,-1.71013768383169,2.20511121301752,-0.0592625809474843,0.0805477901586559,-0.0427349025562438,-0.0189880213065349
-20.7838564895432,-1.5759600172686,2.12600212230783,-0.0527118194740615,0.0849791979706443,-0.0476218035580934,0.0491984685924405
-20.8496830030402,-1.44001432281931,2.19020781834274,-0.0580556085595687,0.0814220259805548,-0.00777090493747418,0.0545236684687396
-20.9185566461647,-1.38942177234806,2.19964774257821,-0.0588216281890334,0.0808703657540333,-0.0100520149354197,-0.0302778152827893
-21.0112193393679,-1.41236325156105,2.0443939149231,-0.0456090843180262,0.0889933223768569,-0.0470536088851639,-0.111934801589847
-21.0136283322544,-1.21756117156216,1.80028598781827,-0.022748059395725,0.0973782614022687,0.0203390665092227,0.0974238185966256
-21.0877093440452,-1.11872948914331,1.80033795702758,-0.0227531200362533,0.0973770790721094,-0.0513278917546258,0.00145460334673597
-21.0913385941759,-1.01987818954995,1.89852995087322,-0.0321898110425471,0.0946774316563621,0.0285605609119001,0.00417386793700047
-21.189097787847,-0.884369847957537,1.868256531794,-0.0293092897295943,0.0956083967836858,-0.06844990394153,0.0398999448087267
-21.1289401886987,-0.843594212315632,2.00778138589315,-0.0423209760537724,0.090603173155558,0.102478575202047,-0.0498275375136521
-21.2845039725872,-0.705364998843152,1.98992423755225,-0.0406964003059097,0.0913444196551774,-0.114867383582519,0.0468847938173022
-21.2599546790573,-0.601942699522493,2.17296669822858,-0.0566432426953428,0.0824108188101325,0.0811925362251998,0.0210114805105269
-21.3796560049723,-0.506797807043256,1.99402290782498,-0.0410704480841632,0.0911768517451993,-0.0786308778308501,0.00396804073403778
-21.3591411978693,-0.419639496347404,1.88468432839261,-0.0308758995840969,0.095114030641503,0.0513907066871759,-0.00795571994565114
-21.3096278278123,-0.332688788670393,1.97164717871583,-0.0390201887770641,0.0920729323297693,0.0885335588340274,-0.00512222465275891
-21.2850566185275,-0.248031845011524,1.9080209924567,-0.0330869351765828,0.0943676571745882,0.0576581444613668,-0.00971071351571862
-21.3449536121131,-0.234722896119451,2.08017903819764,-0.0487638418675432,0.0873045687597003,-0.0111331517180954,-0.0739956198676275
-21.4296950285094,-0.0559184555717016,2.08707353902328,-0.0493645995512225,0.0869662941095425,-0.0353768168450304,0.0918381464382069
-21.5329264464237,-5.27499519929892e-05,2.02439548549599,-0.0438203561881165,0.0898875763581742,-0.059411061726171,-0.0340218707384656
-21.7096569063795,0.106383607178249,2.04769636760247,-0.0459027313092137,0.0888422155191671,-0.130827728646637,0.017594141611075
-21.8133809387215,0.157620039785602,2.30080615269478,-0.0666876956980582,0.0745167849714626,-0.0370363366438745,-0.0232803523641095
-21.8251157060019,0.264632748169762,2.32301086155696,-0.0683257437700535,0.0730177563217948,0.0565909764896112,0.0339949520623655
-21.8290524641885,0.257164749882433,2.37754477983483,-0.0722041413006435,0.0691849837684212,0.0682673831140667,-0.0766529820557508
-21.8643996526041,0.377067421399013,2.5483860985428,-0.0829152408050971,0.0559022615126862,0.0475680523895048,0.064000410003894
-22.0088074456492,0.452036796663589,2.26891319398806,-0.0642776246415471,0.0766053977891923,-0.0801301684035288,-0.00163602252461637
-22.0367793971216,0.519847200574484,2.05537315271078,-0.0465833946205079,0.0884872157185999,0.018611443148099,-0.0206768118077044
-22.0239182639241,0.78117196720604,1.61857108708777,-0.00477565886272322,0.0998859003184478,0.0176367920601609,0.161438866313107
-22.0439122719748,0.866960976194174,1.6914836239732,-0.0120394533534541,0.0992726123507889,-0.00795455469716633,-0.0134836033626549
-22.01852242784,0.97960444042321,1.7527835024845,-0.0180984288925893,0.0983485987272818,0.0434882730273248,0.014294865501755
-22.0605893610339,0.95203658491685,1.73685525932944,-0.0165296789193226,0.0986243870187496,-0.0255372542745298,-0.12619224252511
-22.1743246199404,1.0160883016926,1.75924488955392,-0.0187335150358893,0.0982296055901687,-0.0950017438706285,-0.0341778888144173
-22.1738388892657,1.10788650525252,1.74366883696245,-0.0172012749449622,0.0985094723377799,0.0176870056196221,-0.00671126877786166
-22.2664064545054,1.31024803833655,1.82797159595899,-0.0254349738316035,0.0967112305070391,-0.0671325914080848,0.10565030257699
-22.20806371061,1.40581820446251,1.90387604789105,-0.0326955033631079,0.0945039896503476,0.0910382472585076,0.00106617647561524
-22.2019733475759,1.56999347495025,1.80317691635292,-0.0230294775401234,0.0973120915622974,0.0291198405742043,0.0668631789254447
-22.092107516108,1.67207781488632,1.74689092464403,-0.0175185912626485,0.0984535370627803,0.127384422730546,0.00363080287328932
-22.1589995632559,1.84900094763833,1.99046875348461,-0.0407461327620939,0.0913222462762158,-0.0261459143857487,0.0856008864757868
-22.2929069416009,1.96668005084613,2.18141077289241,-0.0573370981453355,0.0819295866965785,-0.0765702801996301,0.0357495165112275
-22.3249048172229,1.96758838606177,2.20366534294674,-0.0591460574036094,0.0806333919267257,0.027148181781543,-0.0797250567110883
-22.1996950059388,2.03280200327491,1.94621725589435,-0.0366664174361483,0.0930353364716768,0.161876228720317,-0.0278217192585373
-22.1358858377457,2.13908782808002,1.98870313930167,-0.0405848294817778,0.0913940458450933,0.104393997674841,0.0148917789600217
-22.1396014610369,2.2395921657214,2.00208762555395,-0.0418044200891519,0.0908426687246127,0.0380887967979833,0.00966166891676723
-22.2434166650284,2.33347982682377,2.08040538290987,-0.0487836015457345,0.0872935290856488,-0.0550316024458101,0.00659413201671422
-22.2578146503679,2.57026743759059,2.11351029654757,-0.0516461890746277,0.0856310174765418,0.0372482037351675,0.15115659329028
-22.3172036531241,2.70910692093744,2.06084725526879,-0.0470670823426756,0.0882308889207617,-0.0123219204135485,0.0506085944260919
-22.2567085327527,2.94580060571134,1.9957755282033,-0.0412301833331713,0.0911047308448529,0.101725303704509,0.145588953929041
-22.307594126667,3.07607337689273,1.90023002305045,-0.0323507229141672,0.0946225698601067,-0.0185348710001003,0.0356502013212825
-22.3819609743057,3.20637917744866,1.91462140005687,-0.0337090749358163,0.0941472159278835,-0.0406577727028878,0.0361585846280499
-22.5225161001685,3.33734720741083,1.87395737998682,-0.02985385946347,0.0954397562608758,-0.11070126639927,0.035528273701295
-22.610669555574,3.4521964108648,2.08361577967935,-0.0490635965306319,0.087136464786445,-0.0390898588749158,0.027712738667528
-22.6164302363158,3.56873749773945,1.73018102518366,-0.0158710733955836,0.098732512523849,0.0101103926537879,0.0178085743508007
-22.7295981331804,3.66129679124118,1.87857666110677,-0.0302944024531723,0.0953008351485192,-0.0828734944114142,-0.00274154164679374
-22.8509757984276,3.74956593145547,2.0195212192895,-0.0433817013958941,0.0901000998001527,-0.077995963851321,-0.00183095958586121
-22.8795154536138,3.81492577041314,2.13438742905705,-0.0534225346038118,0.0845342108054753,0.0248828794175986,-0.0191743718478021
-22.9448848836089,3.91469575256764,2.29181219878437,-0.0660148069980765,0.0751135490907381,0.000645377003032355,0.0246564330637604
-22.92029155797,4.10211947338675,2.18722189837529,-0.0578122304641405,0.0815950121561429,0.0824055561029555,0.105828708662969
-22.9930593365935,4.07816500885305,2.30473551044668,-0.0669799832278347,0.0742541705683861,-0.00578779539557156,-0.0982086351020854
-23.0484844595818,4.07777661591308,2.31281933845246,-0.067578046132535,0.0737102956235353,0.0121529231441463,-0.0740986885635107
-23.147997042358,4.00083314737489,2.47182008028018,-0.0783962874396678,0.062080770901117,-0.0211162953364948,-0.13902423943931
-23.1822554046521,4.07904679822003,2.39697178970273,-0.0735344893139775,0.0677693063365158,0.0392761270199143,0.010444344508628
-23.1258960686828,4.12292438836631,2.38939849252189,-0.0730191483544468,0.0683242561144378,0.129378484323694,-0.0244466659681584
-23.3411183364164,4.17856371120699,2.30332388592238,-0.0668750975194887,0.0743486471414166,-0.148347170214045,-0.0187093243007341
-23.5295552760556,4.22009599943503,2.40662415429439,-0.074185187700216,0.0670563787113777,-0.114251751939021,-0.0255240904833396
-23.7022868076726,4.23433742452824,2.31308798699505,-0.0675978458571671,0.0736921382202381,-0.105133685759872,-0.0594507131270257
-23.6996111367277,4.38156418541867,2.11193747307233,-0.051511442775183,0.0857121418657768,0.0541871137201529,0.0615146190246534
-23.7559036777225,4.43641733463751,2.26025358406191,-0.063611850032026,0.0771591377317233,0.00731930903722139,-0.0223059885128841
-23.8599872284784,4.48541251110625,2.01399271798375,-0.0428829224493813,0.0903385574502956,-0.0612006283065878,-0.0413433809815541
-24.0106444500026,4.56314901561284,2.16393014083904,-0.0558962300270277,0.0829193069722945,-0.0947609914971403,-0.00518280246570935
-24.0614971919223,4.56918543713776,2.27156407375487,-0.0644804702581809,0.0764347365749621,0.0136277283385265,-0.0703983150500371
-23.9534010583467,4.60753523207514,2.4788761566733,-0.0788323788692986,0.0615260598592773,0.186928512444858,-0.0231762649219026
-24.0649269920934,4.62462508362963,2.40867467416726,-0.0743225320803674,0.0669041196426854,-0.037203401666335,-0.0498142680881979
-24.1959679637548,4.82436554158084,2.4392754858472,-0.0763347374856458,0.0645988223808882,-0.0547062341757594,0.135141635570327
-24.3483364869396,4.82522304252707,2.42326109961811,-0.0752904829962432,0.0658129407502234,-0.0770780401885858,-0.0649554398039975
-24.3343872340655,4.94476654338513,2.44421867800669,-0.076653127954064,0.0642206974024566,0.0906023808281916,0.0553228034556102
-24.4221380710088,5.01044821571596,2.65317462099974,-0.0883076269044856,0.0469229478027348,0.000556789961199233,0.018758724528095
-24.539313807457,5.01796614268825,2.75789452191957,-0.0927286575683945,0.0374352249300499,-0.0244470788797697,-0.0299172979577591
-24.6624674754389,5.175616206192,2.95844991848327,-0.0983276192586994,0.0182120644331234,-0.0248260487232269,0.139437999070617
-24.8055370855863,5.31175458113657,2.73230161291011,-0.0917403190108027,0.0397959026508529,-0.0513292911366644,0.0963424722937265
-24.8209015521585,5.28114066086582,2.82715036163673,-0.095096901817715,0.0309286156281181,0.0797324352455746,-0.061542535898877
-24.8990603179667,5.36871389663566,2.7503503538618,-0.0924436038304136,0.0381337135727106,0.0142848380222481,0.0494395221971327
-24.9565330960878,5.33007344901855,2.67538356766105,-0.0893278730705684,0.0449503180488016,0.0318550949494601,-0.0835907656659065
-25.0104847882154,5.34425695060626,2.58566302401122,-0.0849410211015594,0.0527733164982498,0.0309893289739068,-0.038589814910547
-25.1082920173846,5.45152115381121,2.70787452734608,-0.0907409492001062,0.0420247562546619,-0.007066279969069,0.0652394469502928
-25.1646743183328,5.40352605889904,2.40457243906027,-0.0740474510604623,0.0672084443462906,0.0176651501122764,-0.115203539258468
-25.1880859709545,5.53105954721593,2.37675706062804,-0.0721496205643535,0.0692418388867585,0.0487379679426692,0.0582916494301393
-25.3028164830546,5.54812942072993,2.20500079733024,-0.0592536868466397,0.0805543331862437,-0.0554768252534719,-0.0634844596722414
-25.3555127504388,5.66997767306065,2.25827774896361,-0.0634592722308518,0.0772846735642368,0.0107630048466003,0.0445635787664742
-25.313383816511,5.70574994355951,2.24406542885325,-0.0623545057249369,0.0781787414569895,0.104483439652785,-0.0424064709581239
-25.2636566753285,5.82969936510461,2.07372252975493,-0.0481991467051304,0.0876175910242761,0.0979262878876256,0.0363318305208226
-25.203620972121,5.89578541986922,1.94538175966665,-0.036588673974959,0.0930659386497238,0.096624377182469,-0.026979883885114
-25.2469459909426,5.98629260565762,1.70709652365329,-0.0135878563678913,0.0990725499789198,-0.0297371624537761,-0.00856536419051457
-25.3265464788947,6.06530496307406,1.50992467195972,0.00608340699165825,0.0998147892818186,-0.0856838949437337,-0.0208024318653811
-25.2516407636617,6.21375239881076,1.66981609015452,-0.00988580292997292,0.0995101547603547,0.0847915181629789,0.0489372809763484
-25.1768910119035,6.26868959315459,1.58984378850246,-0.00190463099735355,0.0999818602585685,0.0766543827555476,-0.0450446659147485
-25.2509607348439,6.35780288949534,1.49430697937063,0.00764147842185858,0.0997076115827085,-0.0817112013622786,-0.0105943152419558
-25.0567966227184,6.34511718243834,1.22260093373705,0.0341202051515259,0.0939989978692208,0.160043906974021,-0.106684704926222
-24.9996987678859,6.40168438827514,1.37080139944175,0.019866435926086,0.0980067585607989,0.0372314189063529,-0.0414395527239975
-25.0492141102246,6.47502173146761,1.39434107626107,0.017554097655013,0.098447212533003,-0.0670694399937072,-0.0251098693405273
-25.0880356557611,6.47470558389545,1.31268636172178,0.0255253582992394,0.0966874142983225,-0.0643469038356608,-0.0970035618704892
-25.1680888454136,6.43887667894635,1.33121972731789,0.0237291340126632,0.097143853120046,-0.103782323665185,-0.132972758069148
-25.055629018958,6.5044857434753,1.39368276842296,0.0176189024182803,0.0984356352017658,0.0948409240373012,-0.0328265706728115
-25.0453001319186,6.63534590819982,1.40892054684393,0.0161169746389004,0.0986926700849108,-0.00578808759948038,0.0321674946396073
-24.9997853647387,6.7573615767013,1.25911363127942,0.0306660691233293,0.0951818901079569,0.0148486980565393,0.026833778393528
-24.9896992465121,6.81318143483024,1.29398119811031,0.0273293414248175,0.096193071981748,-0.0172432231981524,-0.0403732138528144
-25.0318792487417,6.95427502064517,1.27121164740736,0.0295123410249654,0.0955459142361731,-0.0716923432546004,0.0455476715787577
-24.9745278433605,7.06282758636613,1.28760688849588,0.0279419464774665,0.096016913234338,0.0294094589037485,0.0125356524866194
-24.8671236330409,7.20704135246584,1.05732636181967,0.0491202694695027,0.087104529889343,0.0582839408500248,0.0571092362103699
-24.9309126369383,7.34272748244974,1.13544125358127,0.0421732380055066,0.0906720353589291,-0.10596224190291,0.0450140946249734
-24.7241905364673,7.34458863752429,1.0583877917029,0.0490277864656086,0.0871566185340086,0.157694314005448,-0.0852954634594639
-24.7304783685401,7.44235566490958,1.22559066312624,0.0338390215124051,0.0941005877935042,-0.0401268535851946,0.00366643959178514
-24.5994430905229,7.6140750389992,1.42294095116849,0.0147317247881726,0.0989089292468862,0.11630355322901,0.0728104448427399
-24.5576290699941,7.75386709845158,1.53800441344394,0.00327860367571498,0.0999462393386444,0.0385354168531322,0.0398458201137378
-24.4479519290616,7.85158071047979,1.38434118085259,0.018537665397119,0.0982667541013972,0.0911394755353157,-0.000553142073192237
-24.4641207495967,8.02218427998346,1.5039944265758,0.00667522274585387,0.099776958268396,-0.0228440432809174,0.0708266112352753
-24.5554052285957,8.19689353351214,1.66766279718627,-0.00967150566044801,0.0995312110760234,-0.0816129733386125,0.0751780424526571
-24.6428969547569,8.29071685765938,1.75334857702032,-0.0181540002889081,0.0983383560647133,-0.0693377258722493,-0.00451503191747704
-24.606444409159,8.50466685675445,1.7596846332531,-0.018776709073336,0.0982213581476824,0.0552292546712494,0.115728640947386
-24.637241633138,8.60467931945426,1.71176448654982,-0.0140501736371485,0.0990080432124884,-0.016747050341887,0.00100441948732499
-24.6723516255699,8.63447365686969,1.91221258394773,-0.0334821940281355,0.0942281416725507,-0.00162779840373911,-0.0644338042571191
-24.664293821801,8.80168996205193,1.59375233067042,-0.00229539877100411,0.0999736522513911,0.0103532025399194,0.0672426529308414
-24.7540134037719,8.80657708511679,1.6870699965831,-0.0116011851903091,0.0993247829203777,-0.0781183967805918,-0.0944376598555191
-24.8286704957883,8.89571759580174,1.51826692960178,0.00525052428026713,0.0998620648433745,-0.079907616296695,-0.0107215541584225
-24.7592277749049,9.05904587646381,1.51770815817293,0.0053063235263499,0.0998591154108312,0.0641363973571029,0.0634691652512417
-24.8044048772683,9.01649504108129,1.52497376997968,0.00458065228436143,0.099895033032928,-0.049757754647778,-0.142445868415448
-24.726742806695,9.10388677178473,1.49811802654315,0.00726143343783491,0.0997360094671323,0.0704006371354694,-0.0123442787636956
-24.8610551916369,9.24996837483926,1.64240559623759,-0.0071548084419714,0.0997437151712262,-0.127157576500012,0.0463378878833069
-24.8201064750495,9.41538341633008,1.61356025687098,-0.0042750897151842,0.0999085762481236,0.0452238063026323,0.0655064652426955
-24.851611776227,9.62794083650909,1.77829949428194,-0.0206017273209665,0.0978548355033748,-0.0109035738565229,0.114702584675632
-24.890889428875,9.80591174485882,1.82752846631611,-0.0253921157227137,0.0967224920022448,-0.0138855369252606,0.0812484163474874
-24.6483337771197,9.9244415977643,1.56461387329338,0.00061824141165462,0.0999980888695225,0.241937410343638,0.018531764035957
-24.5218299057508,10.0305003407654,1.72906900451762,-0.0157612710108706,0.0987501004360091,0.142265142379729,0.00730864256512209
-24.5523952920861,10.0237770290361,1.85949048997867,-0.0284700671524656,0.0958616465346496,-0.0020953191828344,-0.10258495826395
-24.5563082615265,10.1198166554041,1.85901380682418,-0.0284243682875505,0.0958752068443854,0.0245113988471952,0.000164419523591364
-24.4973868424428,10.2803171650779,1.71494208934563,-0.0143647104092641,0.0989628975670073,0.07328612949293,0.0615376121067777
-24.4566831842503,10.514497090582,1.90072267973866,-0.0323973354282465,0.0946066205777887,0.073100993620706,0.139573304926305
-24.4450128474456,10.5682602526002,1.95023022353928,-0.0370394689932505,0.0928874466044688,0.0487098057979967,-0.0391242845862536
-24.6146141506878,10.6449518280552,2.03424117401978,-0.0447032230662525,0.0894517850436137,-0.12489808017595,-0.0127602095885926
-24.6845780836265,10.592244437209,1.84651729996827,-0.0272240749069509,0.0962229169452928,-0.0427398580317179,-0.14893030779156
-24.6723743726165,10.685932452808,1.86856531591805,-0.029338810686892,0.0955993419824567,0.0415425216968113,-0.00191132638342539
-24.7578148181544,10.7944143586275,1.62785517601246,-0.00570278930579237,0.0998372585467657,-0.0797376562320269,0.00864464727270464
-24.7078907274381,10.8477290702424,1.59283684237586,-0.00220387311348047,0.0999757117669071,0.0521279638297565,-0.0466610001519927
-24.6887656843215,11.0643549151751,1.76654966546483,-0.0194505541055927,0.0980901419358001,0.0385755972222191,0.118535702996959
-24.5808839823124,11.0376167636969,1.50271237182411,0.00680313674835633,0.0997683182697953,0.101078565260701,-0.126506469747982
-24.5931583759266,11.1772690522299,1.23130684492472,0.0333005755354828,0.0942924793873064,-0.0455749691497335,0.0453598091456849
-24.3796856952893,11.3391628627739,1.15979512212698,0.0399527353694732,0.0916721273697564,0.17351994526787,0.0702216831741971
-24.2917176674725,11.3759864350903,1.26008286745124,0.0305738010028398,0.0952115680589221,0.0573942268139375,-0.0583879957425353
-24.3805466538747,11.3902883041417,1.08251613334913,0.0469107751092871,0.0883140938845318,-0.135739761511481,-0.0740122248330968
-24.2237971654622,11.4263990311633,1.05861540902924,0.0490079468392402,0.0871677758498071,0.107741541573235,-0.0510570488282549
-24.1597647404996,11.6003695206778,1.01904888753988,0.0524176164964197,0.0851609856732193,0.0116148084662002,0.0888095038412863
-24.1041441796276,11.6712512109016,0.915077679461359,0.0609729007757902,0.0792609952687048,-0.00535233990373118,-0.00837930504490458
-24.1950150469581,11.7988167357899,0.849900271503696,0.0660058066667944,0.0751214582277644,-0.1568766739973,0.0524440666605975
-24.0950642792788,11.816595394603,0.895854344197389,0.0624852021086605,0.0780743204737631,0.0374655655706211,-0.0602956616606516
-23.9774237871337,11.7995764593562,0.887333490159505,0.0631481855934864,0.0775390653557972,0.0544923065516435,-0.0945580006026537
-23.9057042340087,11.8337309867116,0.720830240260605,0.0751258022392479,0.0660008624027703,-0.00340624911425857,-0.0318463350473599
-23.7730477995909,11.9189707319729,0.740699914683016,0.0737996433877503,0.0674804611412881,0.058856791030062,0.0177592841200223
-23.686971930489,11.9791419961621,0.908561598233225,0.0614880737751497,0.0788620110282622,0.0245877953267327,-0.0186907468390602
-23.6503961712697,11.9658302107975,1.17026102610875,0.0389911331073884,0.0920852406143456,-0.00241537388808388,-0.105397025978955
-23.6665600485465,12.1635672313885,1.06957209811428,0.0480499540811639,0.0876994977910252,-0.0642138313579698,0.110037522799941
-23.6638187765012,12.1378063212337,1.11605689092647,0.0439228244285414,0.0898375505800305,-0.0411815523832874,-0.115598460734748
-23.5520294588286,12.2438979781075,1.14200199634993,0.0415774587373959,0.0909467697334003,0.0702118589351892,0.0151448871403975
-23.5077945989877,12.3968586675743,1.21860670817119,0.0344953851799132,0.0938619646144775,0.00973947466103753,0.0590987248522804
-23.5499130341726,12.584765480321,1.37474018504391,0.0194802552106308,0.0980842477512505,-0.0615986903955081,0.0898225649953999
-23.6083291065193,12.7235870066486,1.3533098203692,0.0215776024346752,0.0976442884820771,-0.0799936747814131,0.0411772378456134
-23.5751974539574,12.831236408427,1.03392657812225,0.0511448633427495,0.0859313851491496,-0.0180132107808713,0.0217180166292369
-23.4711545488599,12.8922625852183,0.990823745027367,0.0548001002258497,0.0836477675448474,0.0492428048717148,-0.0226215907536185
-23.4898573073873,12.9202862254444,0.822649451383839,0.0680281679767491,0.0732950773362523,-0.0867309265042309,-0.0452714371101499
-23.3658865472916,13.0225249707677,0.840982580540256,0.0666730831914111,0.0745298596386118,0.05729767690431,0.027708885684684
-23.300284941508,13.0271125347057,0.468315935715103,0.0892329713177288,0.0451384185568057,-0.0236313655341499,-0.0405508546188039
-23.2088087450498,12.9881213312201,0.422592324310643,0.091202882611737,0.0410126102962214,0.000273313846545498,-0.0800038137817796
-23.0754096788474,12.9915037234566,0.63018767256539,0.0807916927774927,0.0589296392161639,0.0526073734248788,-0.0555472469797076
-22.9303191854193,13.1644773757862,0.71127538749726,0.0757529918793373,0.0652800445873704,0.0693375015487193,0.107693607742264
-22.9149949614661,13.290947119325,0.838438954680693,0.0668624433768786,0.0743600273377687,-0.0515382194236533,0.0521097162010714
-22.9083897028485,13.4397833456428,0.627626167880095,0.0809423761100031,0.0587224978152905,-0.0743371174924154,0.0901137285024971
-22.7720416159049,13.5498457650195,0.387813106056238,0.0925738279246837,0.0378164829587715,0.0437742590189706,0.0722459364179341
-22.6568035901306,13.5066533282217,0.199146631548312,0.0980235759099182,0.0197832900659244,0.0172144498644031,-0.0629757268637073
-22.6664066532101,13.5570478768028,0.247493597286541,0.0969529471637441,0.0244974699972109,-0.10655601024327,0.0258970785839002
-22.4945144681519,13.6694003371962,0.263664172896994,0.0965441505204369,0.0260619838133481,0.0753480345377318,0.0862904765800201
-22.4321692242995,13.7173825760969,0.395339302932201,0.0922865944688153,0.038512134209213,-0.0299413506163784,0.00947010469145293
-22.2336201663,13.7860818371669,0.339785163261877,0.0942826289050539,0.0333284546109161,0.104266429094368,0.0353708064591167
-22.1037467213708,13.7443498822387,0.037702353443392,0.0999289350458831,0.00376934219668052,0.0299445098834146,-0.0455012971248718
-22.0739743636492,13.6650864448831,0.214118065897891,0.09771641726052,0.0212485716641836,-0.0679440595389481,-0.100512009019771
-22.0238223856218,13.5745493055748,0.3530070488439,0.0938337356884016,0.0345720992529985,-0.0436817576610459,-0.125109238561343
-22.0646414913391,13.5651815298955,0.462698418458922,0.0894851278928493,0.0446364412335975,-0.130304233610087,-0.0540042169128591
-22.0464602002147,13.5712762533745,0.564451717837461,0.0844882032402813,0.0534952662693524,-0.0663069121158856,-0.0474005427903534
-21.9999918117673,13.7607567066177,0.557921896200497,0.0848357140833589,0.0529424368155319,-0.0383673256359502,0.136538016427619
-21.9252999186283,13.6614520872201,0.347946395757955,0.0940074907941347,0.0340967985973857,-0.0193155976551798,-0.133401417994987
-21.7639974623448,13.5856805658621,0.278463269553633,0.0961478987497364,0.0274878439680242,0.065154557533805,-0.10325936532603
-21.694417975059,13.5814106488402,0.328743856305074,0.0946448641649763,0.0322854407929207,-0.0250653768792152,-0.0365553578147719
-21.7655249666839,13.5962193423934,0.393325466118495,0.0923639644341725,0.0383262060997813,-0.163470956059033,-0.0235175125466139
-21.5205855606814,13.6123277575236,0.371085528060931,0.0931934252670685,0.0362627286203247,0.151745980735364,-0.0201543134901596
-21.3478867991653,13.7638850610751,0.391679579002307,0.0924269199101304,0.038174133597586,0.0802718416059477,0.113383169953973
-21.2305073040257,13.9475544270975,0.563017909769177,0.0845648183127478,0.0533740714554545,0.0328146768268743,0.130295294566922
-21.0592969906841,13.90250391686,0.500997233580946,0.0877104026356115,0.0480300454871628,0.0834999107060098,-0.0930805557246708
-21.0360053769932,13.9870587675243,0.476004691865179,0.0888832788654402,0.0458231681371813,-0.0655916651745406,0.0387316825271399
-20.9322197176804,14.1137941568847,0.467687921318432,0.0892613012957278,0.0450823700685014,0.0145243580170818,0.0816530192918965
-20.8805483311953,14.268045287154,0.538211020576169,0.0858627087057941,0.0512600746556611,-0.0341913222207488,0.102991055613618
-20.8003704943415,14.2584486752459,0.400641117137268,0.0920811141954779,0.0390008770224384,-0.0119032773415872,-0.0485974889305341
-20.6324963661187,14.3739855031958,0.361757591182668,0.0935276224358832,0.0353918612323635,0.0743465057868942,0.0801449667175284
-20.4911492880312,14.3680046619384,0.174550754725494,0.0984804656790968,0.0173665736294826,0.0428666124083861,-0.0233474148868985
-20.2841676534479,14.3369661842984,0.0615295278489302,0.0998107655730507,0.00614907112672419,0.107170869010198,-0.0371875487666417
-20.1920563894578,14.2013267461859,0.141287265726581,0.0990035546773279,0.0140817669790885,-0.00689229068719566,-0.149721205091583
-20.071554385636,14.2276878639865,0.213995780093941,0.0977190149285656,0.0212366221746958,0.0227829888932194,0.00512449562582973
-19.9273722255106,14.1651718538435,0.0347736225565283,0.0999395458508705,0.00347666149081921,0.0442426142745962,-0.0659926716337955
-19.7712980337147,14.1962964795883,0.112793811930722,0.0993645519326531,0.0112554795199086,0.056709639863232,0.0198691462248993
-19.6838461621963,14.2681740552239,0.200093950129714,0.098004790850653,0.0198761407300252,-0.0105529193323131,0.0520014349055263
-19.6543706998125,14.2216681203516,0.22503817780875,0.0974785588646518,0.0223143577472133,-0.0680030964808116,-0.0688202926194883
-19.6772432293631,14.2334788137355,0.364309518542011,0.0934370005335785,0.0356304214301214,-0.116309530084155,-0.0238197280461653
-19.5876638349689,14.263057329662,0.286665267328961,0.0959192119929974,0.0282755153912784,-0.00633981759883961,0.00130300053517318
-19.2912465074332,14.1363970436764,0.25043759966107,0.0968804065055187,0.0247827931300218,0.199536921030231,-0.151443079115611
-19.2005656632574,14.1898695144643,0.322865529591768,0.0948330122321352,0.0317285327580666,-0.00415216805636465,0.0217439380298114
-19.0596777391042,13.986576036109,0.427675506789167,0.0909932306460306,0.0414756793385989,0.0498946935071414,-0.244769157693874
-18.8146482981701,14.1609493816488,0.580687575671446,0.0836085644295408,0.0548598938572736,0.161420876504575,0.119513451682543
-18.5961492095225,14.2441638009257,0.560216768824574,0.0847139946500847,0.0531369843934093,0.133785093997543,0.0300774348834661
-18.5036759192302,14.3670153684209,0.54718719015325,0.0853991367363275,0.0520287174999542,0.00707415355598529,0.0708228499952773
-18.3555273137331,14.3673701966649,0.377093765974828,0.0929738693908776,0.036821999001793,0.0551747361061929,-0.0364671707577927
-18.2472711843919,14.4845310160385,0.48576941135668,0.0884315981276536,0.0466888900338097,0.0198245312135652,0.0704719293397166
-18.169192970126,14.4652671533772,0.561681168497592,0.0846360900621839,0.0532609825199076,-0.00655787579629075,-0.0725248451812046
-18.0238866793277,14.5914219935143,0.577944253980941,0.0837587479664772,0.0546303225241089,0.0615475428318404,0.0715245176130572
-17.875375849139,14.6541670920379,0.676483677255836,0.0779778946252294,0.0626054945657059,0.0705329355634625,0.000139603957836631
-17.7889877470346,14.6707048800561,0.815370253002189,0.0685598903863325,0.0727979493544569,0.0178282117180826,-0.0562601613361878
-17.7427070547128,14.695675130896,0.873306709237077,0.0642295612921077,0.0766457008332717,-0.0179488689703728,-0.0516754499933771
-17.8002926248684,14.8086009204588,1.00312955248936,0.0537666236666668,0.0843157765752473,-0.111352193822249,0.0286100129874767
-17.7592011845814,14.7904477797449,1.02437742710223,0.0519630908088113,0.0854390846954439,-0.010871650521785,-0.103592225409311
-17.7343753704047,14.9422617409294,1.07390731812668,0.0476693071262764,0.087906980144359,-0.0228434929496166,0.0639069810401678
-17.8230607043565,15.0981035981017,1.05864826168965,0.0490050831194549,0.0871693858442017,-0.13769041707125,0.0686724713280509
-17.8273665421578,15.2094750171481,1.06698364658567,0.0482767987575762,0.0875748291561022,-0.0525826365588211,0.0237965898903783
-17.8769056016039,15.3802631380387,1.09258702451493,0.046019009623447,0.0887820407136325,-0.0955580690696165,0.0820060801769128
-17.7447709438444,15.4584549150683,0.918746882286991,0.0606816663204256,0.0794841831597742,0.071452991439083,-0.00129240613013415
-17.817773849858,15.5751115273991,1.04276373384435,0.0503834871205838,0.0863799989903332,-0.123386393134172,0.0302766133403964
-17.8098901578042,15.7565092260465,0.861606260291401,0.0651219334603909,0.075888956919834,-0.0572382414065995,0.105508741727555
-17.7056531064051,15.8265992019679,0.825450042490849,0.0678226319204562,0.0734853087316255,0.0364144194786886,-0.00339533281016757
-17.6155790286832,15.818185561181,0.688888648154257,0.0771952955339776,0.0635679663621691,0.0128787821879175,-0.0719816071490319
-17.5569714250045,15.8920815089309,0.449862130692398,0.0900507062191681,0.0434841385959189,-0.0314431025404738,0.0304118091538924
-17.5856029298322,15.950736026276,0.630741805540618,0.0807590255187721,0.0589743995073991,-0.10939053034647,-0.000319882162213458
-17.3606064509717,15.8173886622211,0.486305466831354,0.0884065575880917,0.046736287565696,0.136589921272404,-0.180083651620634
-17.1443580565181,15.9355733368895,0.346691490629807,0.0940502050094457,0.0339788012984749,0.122198189444106,0.084205873369954
-17.1445655141794,15.9681657125159,0.367937025851939,0.0933071364436857,0.0359691296625235,-0.0935145941049835,-0.00337675403612359
-17.0984969944059,16.1247755662106,0.473155035686489,0.0890134980730377,0.0455696956408677,-0.042944978299537,0.111040158053759
-17.0000995994122,16.4216083411044,0.36295195398554,0.0934852850146668,0.0355035418757976,0.00491210997904501,0.261329233018071
-16.8425722714597,16.46555915634,0.268535527515124,0.0964160483586413,0.0265319735207192,0.061111279593934,0.0174188417148446
-16.6356379338195,16.5275156644381,0.399753044316553,0.0921157134988356,0.0389190869188942,0.11481862414136,0.0230374211792213
-16.6293489230603,16.4710540888182,0.331438395485953,0.0945575262987896,0.0325403475742612,-0.0882685155396372,-0.0890019231941493
-16.6478545923581,16.4525450315359,0.156992688763118,0.0987701937887078,0.0156348590956589,-0.117275863086473,-0.0341439163779742
-16.6582083535465,16.3448213397358,0.0498477668009636,0.0998757857310768,0.0049827125744955,-0.110229546919526,-0.112706404374559
-16.5172859412165,16.3960196723461,-0.0326884338917799,0.0999465780716669,-0.00326826127538677,0.0409758342583909,0.0544665938856618
-16.3493783424798,16.4174509013911,-0.262440711630048,0.0965759640838101,-0.0259438463085686,0.0713316346528966,0.0473750753535904
-16.2369110339633,16.5198912071083,0.00890024638540327,0.0999960393068594,0.000890012888127697,0.012471269209621,0.101550292829026
-16.1810559548915,16.5477553561712,-0.256813726213024,0.096720420021616,-0.0254000069063414,-0.0408653409498367,0.0532641559692519
-16.1974576360312,16.48733148459,-0.42925680726819,0.0909275313969848,-0.0416195150626523,-0.1073292125367,-0.0188043565185296
-16.3283977650034,16.3517119755507,-0.682790574572768,0.0775814999607399,-0.0630960447559252,-0.208521628932939,-0.072523464283385
-16.2946665189304,16.2444911048199,-0.650776778280921,0.0795613462768147,-0.060580460369832,-0.0458301002037965,-0.0466404103610131
-16.1702885493496,16.1871182519253,-0.79493824459328,0.0700328849642929,-0.0713820357203276,0.0543450846165066,0.0140091828257837
-16.0843831763629,16.1731021711941,-0.707289013820351,0.0760126199402481,-0.0649775469667746,0.0098927530464365,0.0509614662355422
-16.1563377818446,15.9700278031791,-0.646603413956327,0.0798134770172082,-0.0602478952862553,-0.151768082498903,-0.14282647272873
-16.1942859496118,16.0259190357856,-1.0630293399304,0.0486227181442775,-0.0873832437041687,-0.0865708859114334,0.143274476310632
-16.222291747269,15.9051998033463,-1.07143022538765,0.0478869143967294,-0.0877886292725904,-0.0758927120539775,-0.0329306031666924
-16.2632798384026,15.7982218166878,-1.38899757803556,0.0180798970468552,-0.0983520072127413,-0.0590679881803898,-0.00862597944572108
-16.1773846943666,15.6840716702806,-1.48873220946762,0.00819720379405491,-0.0996634629639104,0.0776979402419523,-0.0144866834433438
-16.3251336109639,15.7332269613794,-1.73402815560366,-0.0162507918619288,-0.0986707239451514,-0.131498124735457,0.147826015044033
-16.2308056038157,15.7175930620653,-1.80632137596636,-0.0233353571243425,-0.0972391953271899,0.11766336427254,0.0816052960130254
-16.2778450417847,15.5264597852418,-1.93842163934503,-0.0359400428399377,-0.093318343966572,-0.0110993951290495,-0.0978149328569191
-16.2202393555854,15.4745836677069,-1.98800967173878,-0.0405214409220562,-0.0914221681300564,0.0981271271213685,0.0395460505951548
-16.3219372634037,15.2446385263168,-1.66422770437948,-0.00932955032446001,-0.0995638463034819,-0.0923683574937902,-0.130381295086554
-16.4284407744807,15.0545364375922,-1.73720933422835,-0.016564598302301,-0.0986185280922576,-0.0899389127747766,-0.0914835606323978
-16.2836725217333,15.071334594828,-1.74340318955925,-0.0171751055528189,-0.0985140383359119,0.16194335830031,0.115312195571764
-16.1794230920908,14.8329028535342,-1.64545929458815,-0.00745936182755296,-0.0997214015200631,0.111708791470048,-0.138710339773817
-16.2700853351376,14.5634855593634,-1.5179425865261,0.00528291357278047,-0.0998603566195441,-0.0959451566196188,-0.169556937551257
-16.2847565562617,14.4126757495709,-1.41225928329746,0.0157873766065997,-0.0987459302446505,-0.0304585977307359,-0.0520638795478248
-16.2214606778951,14.3516280443095,-1.32360197660018,0.0244684560133014,-0.0969602736192774,0.0388274223533114,0.0359125683579268
-16.1973341581551,14.2685266508039,-1.373885943128,0.0195640357685044,-0.0980675711152707,0.00456248397152642,0.0149661776096491
-16.0925359603801,14.2086934766911,-1.45303564399006,0.0117488695546418,-0.0993074219995062,0.0930493282203817,0.0394742478866753
-16.0688322967052,13.9896376590031,-1.37780216635966,0.0191798322252205,-0.098143436030192,0.00452383144968138,-0.120912381657756
-16.0200696820187,13.8056481871202,-1.26612763511604,0.0299977141301688,-0.0953946389844035,0.0187649005563031,-0.0885948328985419
-15.9547210608911,13.7182306969969,-1.37876930289217,0.0190849051676503,-0.098161939644354,0.0462637159599851,0.010744449521077
-16.0014238545848,13.610647491487,-1.45556943677201,0.0114972076803551,-0.0993368723866158,-0.0582000013740973,-0.00824633312331369
-15.8992785069336,13.4456218073196,-1.61659422844464,-0.00457818935439965,-0.0998951459393061,0.106723537005634,-0.0651305382280339
-15.9092051047327,13.3249072866846,-1.5382953966642,0.00324952085874829,-0.0999471891260007,-0.0131761186579152,-0.0207673315090722
-15.9099902744316,13.0759899948162,-1.55655301278967,0.00142428324151969,-0.099989856571794,-0.00220945294035718,-0.148927435296613
-15.8098489308517,12.8942298770758,-1.54420205784423,0.00265911342392831,-0.0999646393271075,0.0974822301559743,-0.0817954784132503
-15.85670797944,12.8309106881402,-1.53222986177633,0.00385569052813997,-0.0999256406061588,-0.0507147391164406,0.0366064516705476
-15.8982987001172,12.6971818744077,-1.58530266823576,-0.00145058326751143,-0.099989478487409,-0.0401401374097493,-0.0337393352451001
-15.8552502274893,12.7536341697645,-1.56562285158812,0.000517345212893468,-0.0999986617606991,0.0425311274150326,0.156450957117462
-15.8271716117301,12.6294907491161,-1.44012270155975,0.0130302054270893,-0.0991474343920601,0.015048410332149,-0.0249959862562552
-15.9152247402417,12.5828014285618,-1.59892071325147,-0.00281206789601195,-0.099960453551133,-0.0852410606156435,0.0532711329968088
-15.9582104517872,12.5070008098314,-1.75450252410429,-0.0182674654360714,-0.0983173418402976,-0.0247182461094445,0.0225167231099012
-15.9909633938747,12.4427015409533,-1.73899055498,-0.016740233300512,-0.0985888664558247,-0.0160127087869841,0.0342895975777018
-16.0660904207929,12.4070156459385,-1.85178955634016,-0.0277310060750039,-0.0960780479717823,-0.0473960208432049,0.0603921529570391
-16.1431328305287,12.5084233700625,-2.0726480661865,-0.0481049769914565,-0.0876693286654543,-0.0289374327443077,0.189077052789421
-16.2310590957294,12.4319009486613,-1.81533094286408,-0.0242104812216454,-0.0970250101727197,-0.0637157839790345,0.0205025887714685
-16.1861849312481,12.320996819264,-1.92380166597433,-0.0345719388287438,-0.0938337947949543,0.0794461033100658,-0.0170703346023007
-16.1909143339484,12.1396896143577,-2.29464135906404,-0.0662270507881745,-0.0749264822602834,0.0614976480878369,-0.106380722646009
-16.3758643703446,12.1178990455727,-2.26912076406938,-0.0642935242453698,-0.0765920540272295,-0.120656512150849,0.054801485242193
-16.3107872095209,11.9731035544906,-2.06520233310563,-0.0474508871638947,-0.0880250720383649,0.112528047987641,-0.0567704190436872
-16.2160426073483,11.9424674659397,-2.33866475808501,-0.0694603382392074,-0.0719392897636257,0.164204940411755,0.0413032012127448
-16.2918918300017,12.0167111310407,-2.3902293013175,-0.073075887540364,-0.068263567590539,-0.00277333511301736,0.142507232691517
-16.4721425001237,11.9556651181658,-2.26385279680893,-0.0638891495604234,-0.0769296858725282,-0.116361520561592,0.0158836729976251
-16.583524333647,11.9838166151115,-2.26852304984986,-0.0642477326034758,-0.0766304694968802,-0.0471341009197677,0.104781966442597
-16.6038130793387,11.8786003011027,-2.0627061079865,-0.0472310091596734,-0.0881432457636934,0.0269422634679142,-0.0170730682451656
-16.5938695791564,11.7754264569048,-1.86152131573543,-0.0286646866106538,-0.0958036311499361,0.0386081867929395,-0.00737021304794827
-16.5985347352055,11.7259004818089,-1.73847253105933,-0.0166891596655499,-0.0985975250686232,0.0120240036164922,0.0490715499726999
-16.5664301689031,11.7151980831297,-2.01275944658914,-0.0427714779073255,-0.0903913750178808,0.0748760442097132,0.0796889763386899
-16.5096129110961,11.6077660043583,-1.92837098410063,-0.0350003328887933,-0.0936748455972768,0.0918175906957567,-0.0137572331741034
-16.4520930407932,11.5485647838212,-2.10069320557752,-0.0505444364801618,-0.0862859197140697,0.10806430678308,0.0270846991769447
-16.5132267213788,11.2103382870147,-1.92460073773327,-0.0346469077188576,-0.0938061393807514,-0.0264867728666693,-0.244420357425707
-16.5073252441378,11.1689403688697,-1.87222242350352,-0.0296882307914981,-0.0954914077415908,0.0355897080324604,0.0540934895965975
-16.5681785430667,11.1099975173092,-1.75211552524328,-0.0180327302341175,-0.0983606661237283,-0.0428205686948134,0.0394178145632341
-16.6333505477625,11.0361219949985,-1.73889449097482,-0.0167307623819075,-0.0985904741347771,-0.0484412423138803,0.0247149518240581
-16.6436780573133,11.0901859766103,-1.96117454490542,-0.038053820527907,-0.0924765199563102,0.0277263109770938,0.146540501568062
-16.6070490699694,11.0217655692836,-1.93216201156027,-0.0353552044399459,-0.0935414855505814,0.0719841917838875,0.025121078223959
-16.6746626478409,10.7814290649445,-1.90167135528383,-0.0324870718235762,-0.0945758434502691,-0.0351265060479159,-0.145760660888878
-16.6848011588682,10.7944913717577,-2.11081670260232,-0.0514153468053297,-0.0857698205249823,0.0412768357779801,0.0988321273381684
-16.9404184724299,10.6994185939039,-2.32073978845828,-0.0681597390462334,-0.0731727406426011,-0.18745757451544,-0.0219000372111972
-16.9634461965514,10.7139474660086,-2.37786037327934,-0.0722259720318788,-0.0691621931697532,0.0491982479103888,0.0836910652744646
-16.9177176843843,10.7307036545933,-2.22688317204573,-0.0610020803754727,-0.0792385398014398,0.106730592542611,0.0959947283861831
-17.1168262948725,10.5879935147898,-2.50986367818314,-0.0807007684281592,-0.0590540936354511,-0.118407842060052,-0.0836560461680553
-17.2064462741805,10.4149736462104,-2.37324943900705,-0.0719063030485211,-0.0694944859819414,-0.0177136762595057,-0.103525382597525
-17.1562820405071,10.3228830659196,-2.72536142070906,-0.0914619206292512,-0.0404316345799741,0.141626154302627,-0.0516589457108071
-17.1604876908143,10.3867847712338,-2.88201869550105,-0.0966499417515327,-0.0256668805939745,0.0924442914442971,0.0895685859082367
-17.1764715607212,10.3365233456053,-2.79990626488469,-0.094219093637651,-0.033507646800388,0.0782352237308047,-0.0167537788281664
-17.364030744479,10.3035415456745,-2.80668945317957,-0.0944442129928731,-0.0328677749803181,-0.0931149707649411,-0.000114024950486957
-17.5009159601403,10.2343471540928,-2.75861582957074,-0.0927556357575675,-0.037368329307175,-0.0441295799037185,-0.0318260622745566
-17.5245815323503,10.1383075607112,-2.77899352918415,-0.0934978058952406,-0.0354705552927481,0.0698322336852074,-0.0605690380888273
-17.6940689308499,10.0041273841757,-2.80300818775991,-0.0943225783228877,-0.0332152257033235,-0.0751648201767137,-0.100964950832169
-17.6878004629356,10.052999134632,-2.63441953260259,-0.0874121036666231,-0.0485708156465953,0.0936805715809872,0.0974425661028587
-17.7394771047091,10.0559715658644,-2.39093676399276,-0.0731241631751201,-0.0682118520488808,0.0214475214016048,0.0711842832812964
-17.7853072578718,9.85913309735628,-2.46934479648415,-0.078242379902257,-0.0622746335776525,0.032412226739576,-0.134563834930428
-17.9774500097352,9.88812064297678,-2.53155705834656,-0.0819627625969645,-0.0572896635308118,-0.110179989266483,0.0862772091513101
-18.2009927067804,9.74341262946811,-2.62113265912303,-0.08675905257586,-0.0497279277281807,-0.136783644469281,-0.0949800857804944
-18.3011603557696,9.73668994785468,-2.56161594960236,-0.0836475416460731,-0.0548004450398761,-0.0165201073431931,0.0480777634264471
-18.3520652359891,9.82804716899017,-2.48173657114493,-0.0790080461594145,-0.0613003151873775,0.0281031659399703,0.152657536322865
-18.3216253841189,9.80314160272615,-2.43102926386725,-0.0757994519207483,-0.0652260920837219,0.106239303790876,0.0403205258197088
-18.4170705303455,9.63662124243283,-2.24912136482373,-0.0627489737855273,-0.0778624831922487,-0.032696172441063,-0.0886578771010776
-18.4661755205899,9.64702069836896,-2.27787182518527,-0.0649613156185418,-0.076026491916359,0.0158563253741573,0.0864259478524873
-18.5827438474681,9.55119679216765,-2.50319494517582,-0.0803051609080391,-0.0595909484027059,-0.0362631659701891,-0.036232957798602
-18.5631578849714,9.39669535994476,-2.44364393692299,-0.0766162050225644,-0.0642647424949355,0.0962021675192604,-0.0902366897279483
-18.6827875274001,9.18109045169881,-2.34304950094775,-0.0697751047956726,-0.0716340334670114,-0.0498545376329527,-0.143970874778942
-18.745017325827,9.0705016133653,-2.27875968358941,-0.0650287907652005,-0.0759687855083637,0.00279899233832126,-0.0346200528251464
-18.9202714334168,9.10631127122255,-2.30494864078838,-0.0669958075231933,-0.0742398934153009,-0.10825830006661,0.110049551272553
-18.8818462620372,8.99045063830385,-2.23351263077521,-0.0615260446496578,-0.0788323907399003,0.0999512160291877,-0.0370282421787975
-18.9540988687532,8.86513728220026,-2.06763025895826,-0.0476644654447597,-0.0879096054698536,-0.0245881412711988,-0.0374037506337349
-19.0007594043867,8.7865531756818,-1.88166054516008,-0.0305881546581786,-0.0952069577006184,-0.0160723809753743,0.0166228511821501
-18.9354852673707,8.69104699943847,-1.99137261268041,-0.0408286585589241,-0.0912853802110656,0.106102795574991,-0.00422079603226089
-18.9418711568199,8.6298548419951,-2.00029482289546,-0.0416414900157615,-0.0909174697693861,0.0352556005665335,0.0297253123260147
-18.9342975379376,8.50075826069809,-2.31097326369544,-0.0674418563410543,-0.0738349240757556,0.0750154752233113,-0.0552616572212501
-18.8999816181482,8.3867645801004,-2.13101721654456,-0.053137333492984,-0.0847137756758333,0.0874532532823848,-0.0292799049218613
-18.849063555608,8.2604106606256,-2.13615037324701,-0.0535714806045522,-0.0844398985423129,0.104489543144803,-0.0419140209324905
-18.9357216856695,8.28481098375546,-2.05806442981161,-0.0468213692493901,-0.0883615265916805,-0.0398367608121308,0.11276184972155
-18.9620450846368,8.17461255143341,-1.92388756722079,-0.0345799991411139,-0.0938308246761189,0.00825660017379382,-0.0163676076459419
-18.835890049137,8.15334976936584,-1.82093945719256,-0.0247542637540073,-0.0968877000758974,0.150909299253843,0.0756249180083263
-18.9061130956763,8.11011954442419,-1.96644204109373,-0.0385404100623913,-0.0922747895810266,-0.0316826364769263,0.0490445646393777
-19.0174290671757,7.95972132958904,-2.23642998082332,-0.0617557641805654,-0.078652562516897,-0.0495602073187935,-0.0717456523182453
-19.0329152947611,7.93598951063899,-2.19284969864429,-0.0582705129555367,-0.081268366046689,0.0427842853700873,0.0575365470966357
-19.1502089028483,7.82030976896001,-2.23946477335215,-0.0619941736392546,-0.0784647846794086,-0.0552994344478845,-0.0372149569995746
-19.1246932276936,7.80765609484064,-2.44566381825118,-0.0767458557937615,-0.0641098558607268,0.102261530948409,0.0514561817413611
-19.1856845603618,7.90145710608385,-2.53656847065866,-0.0822488343057755,-0.0568781966604171,0.021257501637634,0.15067920790362
-19.1943372873448,7.77211475836914,-2.5756356583184,-0.0844075823343453,-0.0536223838007107,0.0757548553513339,-0.0757199639139974
-19.2447969986913,7.65644571376587,-2.75274135655405,-0.0925345173103455,-0.0379125718745296,0.0420748059638527,-0.0777564727287345
-19.3165148877485,7.58739326763508,-2.89404383262726,-0.0969515941755624,-0.0245028240579948,0.0252337051183735,-0.0445496220727963
-19.4448738622706,7.65820846048502,-2.92703141343316,-0.0977069908449125,-0.021291874976906,-0.030651983677245,0.0921070678268431
-19.6131155709467,7.61682805043971,-3.03667987373519,-0.0994501700262261,-0.0104720428644421,-0.0687915386498665,-0.0309083671808703
-19.7737757415652,7.66246398456207,-3.19608605143088,-0.0998515602180785,0.0054466431878216,-0.0608086104004382,0.0401892909345473
-19.8654522118585,7.69841056726333,-2.92025176200129,-0.0975603949825423,-0.021953799918245,0.00588392468930032,0.0579003826194973
-19.9610258575808,7.71351753199718,-3.07663358767749,-0.0997890901677779,-0.00649133911354925,0.00421544444548494,0.0215983038474079
-20.0065864667475,7.65104825415845,-3.24431876471567,-0.099472831135235,0.0102545534247487,0.0539122219684487,-0.0727238312634875
-20.1356696369268,7.61672853279722,-3.19514151202108,-0.0998566602449396,0.00535232703846622,-0.0292265099342963,-0.0396720483996943
-20.1992432416899,7.56607997457987,-3.21664854704571,-0.0997184628474271,0.00749854434849194,0.0361448580843327,-0.0581471025658368
-20.2526143263001,7.60417261766276,-3.09567314148896,-0.0998945884449551,-0.00459033761427563,0.0465235038347476,0.0426829806971643
-20.2633963801393,7.64535544269582,-2.96960113394132,-0.0985245882671821,-0.0171144823696844,0.0877425344279579,0.0582973074027413
-20.2927690488008,7.71640650095561,-2.96780314379191,-0.0984936573594952,-0.0172916008498449,0.0691209886979465,0.0883426591096403
-20.3444585825624,7.58628616962087,-2.988522414917,-0.0988307607668219,-0.0152473186577579,0.0471412270052258,-0.114873012676982
-20.4800851485187,7.49766728359308,-3.00014789353224,-0.0990013356510027,-0.0140973593029867,-0.0366252303052408,-0.0745215267248059
-20.5536201249708,7.65063161762148,-2.98282565163392,-0.0987422971930089,-0.01581008365087,0.0252073207409282,0.168774417679267
-20.4888899833018,7.60717611820449,-3.10276853516001,-0.0999246438575568,-0.00388143658204498,0.164654785526526,-0.0395740628349455
-20.5851403451167,7.58597108075705,-3.07232809787286,-0.0997602169539029,-0.00692091853081858,0.00350985513901625,-0.0142841189166156
-20.7227740451822,7.69297925262537,-3.10535111031168,-0.0999343347148492,-0.0036233610226541,-0.0376993653506377,0.110631532890969
-20.7488195719047,7.78648027296384,-3.06418357681057,-0.0997005413202441,-0.00773317919424411,0.0736550145977635,0.101234199532714
-20.9233093781574,7.7570428982251,-3.19260184997518,-0.0998699313004342,0.00509870788009565,-0.0746198749522755,-0.0345360826188374
-21.0662628377898,7.66452727426193,-3.01482819541292,-0.0991976139480327,-0.0126425229688174,-0.0437558456844185,-0.0798731009943487
-21.2109750572984,7.5928449496344,-3.05883679958451,-0.099657768813377,-0.00826614270016638,-0.0450544506952517,-0.0634161819273633
-21.3498877408678,7.5168387335397,-2.87439183762912,-0.0964513749993376,-0.0264032623123953,-0.0424613085700085,-0.0496029537823035
-21.4996448212639,7.41810513637774,-2.84621418056978,-0.0956692036607485,-0.0291101953088299,-0.0540878767354078,-0.0696234018531331
-21.6226472625663,7.51768349720259,-2.89066730377116,-0.0968683071708095,-0.0248300436137697,-0.0261341341315662,0.124408404438618
-21.7706114070308,7.59555044423888,-2.95451669738269,-0.0982552267929051,-0.0185986668305766,-0.0497089176716159,0.0964656138668691
-21.683913898551,7.72041767948401,-2.85114918702595,-0.0958116971040801,-0.0286377146091656,0.182509205583879,0.153504949854298
-21.9305745485544,7.74497589081973,-3.08369328236446,-0.0998324299610393,-0.00578670269447046,-0.146828220042319,0.0303449140301895
-22.0904049037849,7.65328032095567,-2.88252229717999,-0.0966628553792262,-0.025618204268348,-0.063167499851319,-0.0660773655957188
-22.0823171184749,7.61694909443811,-2.81774240913107,-0.0948017227012255,-0.0318219008370013,0.102889508011245,-0.00450932568055196
-22.1774201159835,7.62923539800583,-2.74367716669874,-0.0921870739960384,-0.0387497533933952,-0.00291592351258485,0.0510360569611177
-22.2409613960436,7.54828004725303,-2.62903285692366,-0.087149201516805,-0.0490409693519951,0.0236079214567202,-0.0319143814008063
-22.3942867393165,7.4404902617412,-2.68940371789371,-0.0899492834310789,-0.0436935511286898,-0.0633760598418367,-0.0640962343831477
-22.5111646366093,7.34761105856335,-2.5554881023553,-0.0833101644923365,-0.0553119923005838,-0.0335677328004282,-0.037567210877262
-22.4653958445929,7.24306736892718,-2.54869230679948,-0.0829323546516601,-0.0558768695609487,0.12870114666809,-0.0486668200752194
-22.545838647423,7.05860243061943,-2.34091824330026,-0.0696222758613596,-0.0717825793900216,-0.0108205269687942,-0.112682358917729
-22.6034447673322,6.85506004353393,-2.27563114712696,-0.0647908017952381,-0.0761718583384322,0.00718468188608856,-0.127370528747069
-22.7850167436213,6.77698807548723,-2.32465804000957,-0.0684459242999618,-0.0729051126240396,-0.113126051989182,-0.00516685542266282
-22.8903416850247,6.62511717475769,-2.15819987105305,-0.0554201649263772,-0.0832382443323569,-0.0499047764770202,-0.0686326563971759
-22.9177044716564,6.57634015716455,-2.01656530878973,-0.0431151844310504,-0.0902279384197407,0.0157523977993355,0.0414509208265996
-22.9042253855526,6.61876584696216,-2.07968514401372,-0.0487207167030388,-0.0873286422884396,0.0621998028069286,0.129754332086044
-22.9956400891855,6.58322873695641,-2.34137116548226,-0.0696547806416299,-0.0717510385553158,-0.0217599229913339,0.0362139285495681
-22.9312914069052,6.38369982247526,-2.35839214656826,-0.0708659050107958,-0.0705551097157454,0.135214587291068,-0.128973804765399
-23.1109953383992,6.49758991565356,-2.54204937734226,-0.0825593414448871,-0.0564265464137807,-0.0971445900491061,0.170316639592075
-23.1734029673615,6.53046269639446,-2.78448786885394,-0.0936912809522559,-0.0349563137862883,0.0312836519899864,0.0678290945271869
-23.4045225174496,6.48862399093547,-2.75079447353985,-0.092460530645558,-0.0380926537896986,-0.138659019442526,-0.00374605166928332
-23.4204517176622,6.37031675914869,-2.71052924207004,-0.0908521930595673,-0.0417837171188384,0.0749229928469946,-0.0765235146679428
-23.5757718684312,6.30466285361355,-2.58999116419573,-0.0851686351100085,-0.0524051867041634,-0.070151515659004,-0.0132487188309813
-23.8225050643756,6.20510146312048,-2.42354242015293,-0.075308994548398,-0.0657917573873001,-0.17142420139606,-0.0337696331057715
-23.9067896567233,6.22384782007067,-2.50014384086611,-0.0801229692010277,-0.0598356900721565,-0.00416162314660373,0.0785820470223526
-23.9076567719933,6.23869993657993,-2.40914667333298,-0.0743541024889431,-0.0668690320182949,0.073486987218903,0.0817211485275509
-23.8651636946149,6.1218554660661,-2.27759947849716,-0.0649406076463377,-0.0760441810957579,0.107433685024733,-0.0408002894180695
-23.921707965569,6.14440622615718,-2.27990550997756,-0.0651157950965297,-0.0758942239498288,0.0085715241424662,0.0984449840409072
-24.0207296730546,6.01432414190097,-2.42191709823257,-0.0752019623392332,-0.065914071792968,-0.0238197451464255,-0.0641680124632398
-23.9621090471439,5.91511815699283,-2.49586318287506,-0.0798660997715728,-0.0601781198383364,0.138486725682277,-0.0390278650698077
-24.1492622419465,5.87228467920973,-2.37498124884282,-0.0720265463932996,-0.0693698537886152,-0.115126648409286,0.0265363760055191
-24.0825406349612,5.86787880104704,-2.34029885273482,-0.0695778010566576,-0.0718256889985761,0.136299408041942,0.0674198108358861
-24.1354659703869,5.83884508170227,-2.32210255667921,-0.0682593932099701,-0.0730797867991327,0.0153340577843104,0.0440460674543606
-24.1075045689792,5.73398130455988,-2.39108777430689,-0.0731344630345209,-0.0682008087683152,0.101095864442179,-0.036662968374078
-24.1505126994207,5.74002457318885,-2.51110436247106,-0.0807739737842353,-0.0589539240348229,0.0377658433427142,0.0649971926637904
-24.1821839978906,5.65764160798134,-3.03127565767781,-0.0993921248745151,-0.0110093375336029,0.067720826404629,-0.0713736276738997
-24.3656988668397,5.73679755699331,-3.30300046275652,-0.0987002015512147,0.0160707875895864,-0.0848146673978507,0.0630851614223851
-24.4476515620564,5.75796295280585,-3.37147653962519,-0.0973692859815707,0.0227864465733271,0.0154165907649018,-0.00162105076079455
-24.6111844549473,5.84967017384446,-3.50380395183869,-0.0935115552725708,0.0354342917313855,-0.0700213376184098,0.0562729293072277
-24.7213967260881,5.78430054407943,-3.36745088406541,-0.0974602271416232,0.0223942877873626,-0.0127520439990954,-0.0877639175523939
-24.7632486467919,5.79711230871544,-3.36296553381925,-0.0975596926604038,0.0219569207314583,0.0557077719566126,-0.00914515609544342
-24.8214840819524,5.9519158415346,-3.63249975476284,-0.0881905590367373,0.0471426059609325,0.029955123876237,0.107660926858229
-24.787903395565,5.92879380318697,-3.71216435684338,-0.0841592328195678,0.054011327804654,0.117739919206895,-0.0771333661522819
-24.8410652489486,6.08537956851077,-3.87452725084714,-0.0743214202684964,0.0669053547130088,0.0211595668849398,0.089680410610784
-24.9707388391682,6.23748124668102,-4.01236312421329,-0.0644237462913037,0.0764825530025883,-0.0652498439283509,0.0756191251676619
-24.9227768771304,6.31803664418117,-4.02450648454801,-0.0634902639734922,0.07725921550583,0.111452226011305,0.00329618199432358
-24.9624060370106,6.46861704177177,-4.15073699462381,-0.0532585125844956,0.0846376443273744,0.0136293527043492,0.0659427532632266
-25.0142243794502,6.61636250783461,-4.39619821685791,-0.0310948424962337,0.0950426786771839,-0.0207234999433508,0.052702787385654
-24.9930933807747,6.71359621570745,-4.3396415810536,-0.0364175539495717,0.093133032616414,0.0575485526249908,0.0041006752564221
-25.0659980268472,6.90275493747014,-4.21414744011563,-0.0477881604568858,0.0878424255137968,-0.0251164856155655,0.101316296248902
-25.1031949682135,6.99638973202497,-3.85968949000327,-0.0753059283748889,0.065795266939166,0.0381089870085991,0.0278395276156631
-25.1641260870864,7.0462873782763,-3.9372343904852,-0.069982650926109,0.0714312856481974,0.00905153205315301,-0.0215336393968708
-25.2416786734223,6.95940315813103,-3.87280929398432,-0.0744362510500531,0.0667775750504125,-0.00311633528584565,-0.153661795195684
-25.3691337670745,7.08749772606776,-3.88418318041059,-0.0736719321896476,0.0676198669581948,-0.0537831614625026,0.0604747009785327
-25.561471396314,7.15289079271879,-4.0641698849337,-0.0603767697516528,0.0797160314764596,-0.131960859487857,-0.0143229648254257
-25.5919866002736,7.28036550638587,-4.03640949866102,-0.0625661705037248,0.0780094501230386,0.0320509665441739,0.0494652635440374
-25.5913723573902,7.40770249872392,-4.02444945775564,-0.0634946697154948,0.0772555947341047,0.064108912598833,0.0500813976039509
-25.6246620667258,7.46252398879914,-3.78471073196548,-0.0800229759560018,0.0599693531659727,0.0467332666203761,-0.00514786309075888
-25.7485695460814,7.57063388265052,-3.69083463243218,-0.0852920485071297,0.0522040847200431,-0.0386154308483833,0.0559058091313449
-25.8890216064472,7.80330820305528,-3.57433537766055,-0.0907818970662824,0.0419362273582986,-0.0496701632995826,0.190738093046458
-25.9555692915074,7.82146617802734,-3.63253581137676,-0.088188859176668,0.0471457857832259,0.0216411741164511,-0.0289878108111647
-25.9671391722587,7.92962911992646,-3.51443045878882,-0.0931297398752474,0.0364259735733824,0.0815598591240287,0.0717369683257314
-26.0709649041783,7.80838085566134,-3.49004488423333,-0.093990231417855,0.0341443465015522,-0.00983550050177517,-0.155392610766663
-26.1003420676256,7.77052972134967,-3.34367338968806,-0.0979651078111236,0.0200708159165225,0.0685879443638304,-0.0579219502281949
-26.1489059355306,7.89157760325598,-3.3522314178323,-0.0977897558475224,0.0209084588452127,0.0492258879424716,0.100139423061094
-26.2365248806442,7.99710928588193,-3.38822863811976,-0.0969739208495155,0.0244143129141883,0.00935497573595612,0.0811173697117602
-26.2863778009318,8.0237645777264,-3.49650921878304,-0.0937675486690619,0.0347512131672422,0.0439146283814629,-0.0080959213227727
-26.4339786041519,8.19746397829554,-3.45790106619471,-0.0950390197398803,0.0311060239645416,-0.0525617834801855,0.142593376604607
-26.4077144249157,8.12704549780315,-3.28054434744524,-0.0990361735993564,0.0138504988645946,0.125300352835495,-0.0842689793569924
-26.5071714993915,8.19602353673679,-3.19898144698042,-0.0998353715103987,0.0057357297164947,0.000378297034655972,0.0632423092171488
-26.5874051877085,8.17722639844753,-3.19135163823669,-0.0998762277134077,0.00497384536747356,0.0196425393963748,-0.0237709836567368
-26.7207069409413,8.21922870218656,-3.36010786768233,-0.0976220397754203,0.0216780384280094,-0.0356797134574238,0.0203242653110212
-26.8819243212911,8.19047894367602,-3.34754068821891,-0.0978867555856352,0.0204495252003099,-0.0633306247641365,-0.0491992837108497
-27.0720491662769,8.23867830817363,-3.25553030385567,-0.0993516124839047,0.0113691291156376,-0.0907732325018649,0.0368302353819767
-27.0566323213807,8.23881170359074,-3.20593299453518,-0.0997930874204416,0.00642959587346686,0.115209932316621,-0.00629620045635848
-27.19116911406,8.34360437866633,-3.16221829629729,-0.0999787298972167,0.0020624180321623,-0.0345580627820721,0.102730257043429
-27.2568119954178,8.45998069122094,-3.05024820533805,-0.0995830995877444,-0.00912174744757697,0.0339402182299411,0.125498060002184
-27.1568801681642,8.49770342621843,-2.98352064540232,-0.0987532612546691,-0.0157414545569041,0.198685088508229,0.053464189554389
-27.3202909278149,8.44070131409011,-2.96082640666692,-0.0983706223117607,-0.0179783387997038,-0.065040137338868,-0.0390237733286076
-27.4707671457819,8.58601661592737,-2.94389728729763,-0.0980521834741842,-0.019641011072369,-0.0524240344928293,0.164956312909629
-27.4742893422838,8.57107646286174,-2.93046490207019,-0.0977795201863872,-0.0209562742900519,0.0942573236844733,0.00601612122442008
-27.4501459469815,8.50126921402784,-2.81499108285166,-0.0947138115650126,-0.0320826105363526,0.118857206867282,-0.0377246382975436
-27.5819262844515,8.568065565682,-3.05338556622309,-0.0996112276549595,-0.00880927494586413,-0.0321691098150723,0.0756056266000198
-27.5940001970135,8.53516682567247,-2.80159749802493,-0.094275628107387,-0.0333482525023075,0.0822017155454464,0.000449512492781245
-27.6571652567104,8.48737102591272,-2.90735402767063,-0.0972691340050944,-0.0232102470882796,0.0341040743081815,-0.0245855526714793
-27.7902650540499,8.42687508445662,-2.8819677954086,-0.096648635179737,-0.025671800051693,-0.036451162159767,-0.0348241414044024
-27.8845527649884,8.42326181839855,-2.87303397603216,-0.0964154341164906,-0.0265342055492275,0.0021277231780239,0.0229209394911618
-27.9404815867234,8.44960794638293,-3.06418715174076,-0.0997005689651828,-0.00773282277171974,0.0437717472301817,0.0340789507560957
-27.9691918730953,8.61806501393202,-3.29975309656729,-0.098751868776282,0.0157501877192616,0.0700415824043574,0.152706879829834
-28.0995602850322,8.82025484788224,-3.16538304851635,-0.0999717021901727,0.00237881508306445,-0.0303967097466917,0.199811018867154
-28.1341791403064,8.70926441373604,-3.11709518839218,-0.0999699952105437,-0.00244950150109782,0.0653511399363476,-0.108540932645106
-28.3303390966288,8.64879159606836,-3.01170860150835,-0.0991576917858526,-0.012951917221086,-0.0970022645365738,-0.0475209004465906
-28.3747565134532,8.65957063837461,-3.14909764260255,-0.0999971837702146,0.000750491856004149,0.0555797669458356,0.0100285504502469
-28.6422289616773,8.63283280979918,-3.07306527469909,-0.0997652917878682,-0.00684737573684432,-0.167707156436233,-0.0198904528385886
-28.7786579797653,8.76712393305165,-2.96677415196637,-0.0984758123029817,-0.0173929408458693,-0.0379532057850143,0.151684064098335
-28.9157349566648,8.79758688262955,-3.11621009448555,-0.0999677880141679,-0.00253798336369278,-0.0371091888854016,0.0330009329416003
-28.9613860355433,8.85378895673502,-3.08383903596946,-0.0998332723333893,-0.00577215169649217,0.0541821934549613,0.0619742258019542
-29.2125084042268,8.83291378176532,-2.8402304927647,-0.0954933056896807,-0.0296821254032994,-0.155629062993845,0.00880695043360635
-29.2647507224212,8.80602877945219,-2.81595002810526,-0.0947445334791238,-0.0319917704390238,0.0425022152847143,0.0051067681258905
-29.2249564167986,8.68228521433285,-3.02136137148868,-0.0992780922009916,-0.0119941822952387,0.139072397823608,-0.111749382824101
-29.3510874539083,8.6952533840985,-3.03774757313763,-0.0994612943323133,-0.0103658540285372,-0.0266697427774076,0.0233340237941815
-29.4588116941999,8.5716802688646,-2.9326674536709,-0.0978254402490011,-0.0207408591936091,-0.00989880004263011,-0.10283225604029
-29.6597547774436,8.65651046940969,-3.05907583321028,-0.0996597418523422,-0.00824232090642647,-0.101283341391276,0.0930725214515156
-29.7236272528364,8.58878663029602,-3.05308394290605,-0.0996085660411233,-0.00883931961358902,0.0357360906482986,-0.0588845195000833
-29.8374894767923,8.64269825007766,-3.14837851494464,-0.0999976976131187,0.000678580927584267,-0.013864526342779,0.0532330388540574
-29.8577458135819,8.53320544316705,-3.1304105231893,-0.0999937480631309,-0.00111818973662786,0.0797374112734639,-0.108374617173983
-29.9539131909953,8.46649728831608,-3.42709750612326,-0.0959519587314444,0.0281641903061173,-0.00021541868191477,-0.0948723451570856
-29.9936945245983,8.507911902944,-3.29923083086466,-0.0987600810909121,0.0156986108594511,0.058978747487922,0.025716003768474
-30.183190406976,8.44052163828097,-3.47286321105154,-0.0945629864745839,0.0325244767676234,-0.0949328959031188,-0.0999147414306578
-30.3474828760557,8.36863594323133,-3.46824708832107,-0.0947121154177662,0.0320876174418066,-0.0695803536619746,-0.103973312491444
-30.3839147785255,8.3736880753789,-3.42629065581424,-0.0959746517819136,0.028086762279416,0.059542749312115,-0.023034630131844
-30.4914938888927,8.36217651363687,-3.37473306529282,-0.0972945651663797,0.0231034107673543,-0.0102845452007747,-0.0346149725093929
-30.5043571750137,8.3222692672714,-3.32017611570419,-0.0984096307796542,0.0177635742409047,0.0855463446586167,-0.0576708206063707
-30.6197620399007,8.24839783137408,-2.89868534687286,-0.0970642796301762,-0.0240525595285609,-0.0183405852567842,-0.0498188763687604
-30.7374367884996,8.15455859419294,-2.97887843191774,-0.0986791222528315,-0.0161997170163782,-0.0189956263460984,-0.0776395201647548
-30.8134666527622,8.18162987167069,-3.30300613339775,-0.0987001104179571,0.0160713472827599,0.0226702461553696,0.0109999301949886
-30.9769770776115,8.11702993716592,-3.29485214683678,-0.0988278733721138,0.0152660225581336,-0.0646825514771856,-0.0798659570629012
-31.0558056715018,7.98150954742881,-3.27609541747995,-0.0990968131867381,0.0134097582466179,0.0202682192963932,-0.148930147983729
-31.0759217468518,7.97468445499505,-3.22136278754472,-0.0996820049642401,0.00796855609939602,0.0795659296142368,-0.0147936485331537
-31.1497313830013,7.94170706010491,-3.0535611073688,-0.0996127725104238,-0.00879178894119772,0.0258031363610103,-0.0241856059489447
-31.3553786723551,8.08176464863793,-3.16196765003602,-0.099979243694071,0.00203735867278551,-0.10566804565981,0.138020229860231
-31.4492058901595,8.07706137225165,-3.15055739414946,-0.0999959816982464,0.000896462048257139,0.00616876389393362,-0.00559973843453943
-31.6112181646152,8.13020654628105,-3.20827123431791,-0.0997777806947762,0.00666291825142296,-0.0622344937609651,0.0464822557779838
-31.7057645735673,8.0097045809571,-3.08026383951856,-0.0998119977658483,-0.00612903760718509,0.00526558881371431,-0.114372927716769
-31.8279033314385,7.96908556912422,-3.03375794022753,-0.0994191469194984,-0.0107625845315701,-0.0227196109516306,-0.0298564273013058
-31.9152207344701,8.00079716527521,-2.98676490415779,-0.098803810817662,-0.0154209911454374,0.0114864077860544,0.0471325872964299
-32.1131310469668,7.96538956651038,-2.92820125327233,-0.0977318320655953,-0.0211775589032889,-0.100178480431106,-0.0142300398615451
-32.1513655930744,7.90402225284536,-2.99050362780698,-0.0988607749659114,-0.0150514840842834,0.0606262288582551,-0.0463158295807398
-32.1677696550298,7.85806071992638,-3.09015598360851,-0.099867742612709,-0.0051413991715971,0.0834636806573652,-0.0408201337473784
-32.3057077587597,7.85411589314914,-3.24334770364431,-0.0994827420318778,0.0101579544111425,-0.0384553616980505,-0.0141027811883834
-32.3382378905898,7.8925450951538,-3.19888719865475,-0.099835911649914,0.00572632037442665,0.0673057798197703,0.0327028816302377
-32.4225065222381,7.86909792468625,-2.86734699771266,-0.096262976361796,-0.0270820859973582,0.0119943447135631,0.00363491552980477
-32.4825691330945,7.94470095975214,-2.77494136988195,-0.093353306332301,-0.035849131047036,0.0332906954759027,0.11145216611292
-32.6920800481951,7.84496528266334,-2.80027454504962,-0.0942314274495812,-0.0334729455055021,-0.115279487651055,-0.0662627315832938
-32.7737965475331,7.88331798542945,-2.83146334196627,-0.0952294114296053,-0.0305181781692643,0.0135129120915938,0.0688708809353733
-32.8671099351187,7.86295170593378,-2.69845914278989,-0.09034125376654,-0.0428772418409771,-0.00297213381901651,0.0225109623453106
-32.8659053819776,7.79140670980247,-2.58388202227566,-0.0848468970679435,-0.0529245128266836,0.0860514502090011,-0.0186204833046242
-33.0740154481269,7.71990966996374,-2.77206295579974,-0.0932497311028545,-0.0361176916378294,-0.114860335046417,-0.0353793482009004
-33.0792884461065,7.61351303215271,-2.86237620570765,-0.0961271682320466,-0.0275602526782287,0.0908541702523764,-0.0788363851328073
-33.1398314257042,7.52006284949935,-2.66050829415119,-0.0886493666789904,-0.0462740725181381,0.0281063870813125,-0.0471761101352208
-33.4122831481698,7.29948742560935,-2.67683182500347,-0.0893928789956422,-0.0448209012054697,-0.183058843469964,-0.175754522684525
-33.3503205921007,7.21735584847101,-2.4737350843001,-0.0785150285438675,-0.061930527954763,0.140477584613015,-0.0202010491835851
-33.4669517062723,7.15955285651107,-2.43144537494383,-0.0758265866570851,-0.0651945454461918,-0.0408045275144997,0.00739155348625697
-33.5402273729036,7.02242075323751,-2.35264958400169,-0.0704595716355826,-0.0709608960268273,-0.00281609499578295,-0.0661712072467289
-33.7178146789846,7.00374100573586,-2.3292622368632,-0.0687808671255795,-0.0725892024853103,-0.108806438955399,0.0539094549836587
-33.8612352751588,6.98491221322238,-2.34213667563397,-0.0697096863756236,-0.0716976960955664,-0.0737109097986006,0.0528689035820795
-33.8666368397988,6.92650244700863,-2.22500156514609,-0.060852876693033,-0.0793531813992516,0.0554513120530351,0.0209434151855061
-33.8775087170046,6.75606506762444,-2.09692759087584,-0.0502191593642792,-0.086475638377205,0.0393472821585172,-0.0839617410069851
-34.1097631231372,6.52667135410713,-2.09142041876196,-0.0497421640022369,-0.0867508911791375,-0.182512242130386,-0.142642822338171
-34.1360162919118,6.38575591047014,-1.80967659552801,-0.0236614840137723,-0.0971603528928647,-0.00259168476082539,-0.04375509074413
-34.144892629475,6.45613880250134,-1.82055936329309,-0.0247174355430205,-0.0968971020215601,0.0158410979798183,0.167279994052764
-34.1642890850625,6.3540745473667,-1.88763999536009,-0.0311568897079658,-0.0950223564416588,0.0117604341205189,-0.00704189869297811
-34.2609870628893,6.32304784965207,-1.86518226102488,-0.0290152255900669,-0.095698049530581,-0.0676827522367927,0.0646713518159476
-34.3011676855801,6.34418667866405,-1.91313079897021,-0.033568701596468,-0.0941973581005714,-0.00661192109426723,0.115336187112548
-34.3869285673925,6.23839865960658,-1.90059640232601,-0.0323853884907087,-0.0946107108751745,-0.0533754933217734,-0.0111773081822955
-34.3596812706996,6.18778822631687,-1.84184077380001,-0.0267737898647559,-0.0963491783892208,0.0540210865577369,0.0457387450995117
-34.3687861899432,6.16707087357781,-1.77078247380187,-0.0198655753920528,-0.0980069329912056,0.010760656148427,0.077289580252148
-34.4156595528327,6.20427039892081,-1.55785990107072,0.00129360649063236,-0.0999916325611668,-0.0481669693801199,0.137191157904172
-34.4126351152044,6.0396056246122,-1.58722129987661,-0.00164242345708484,-0.0999865113162151,0.00466686108532999,-0.064678262992401
-34.2753345433064,5.88800857681798,-1.56020812336026,0.00105880055950749,-0.0999943945497706,0.136241771338508,-0.0516026532444429
-34.2000819949501,5.80819243023551,-1.3951958843396,0.0174699377793184,-0.0984621819481304,0.0577826105769641,0.0186460353656608
-34.1321323679485,5.695803499833,-1.28595831017838,0.0281001998365884,-0.0959707182902358,0.0398494271650094,-0.0164182121122751
-33.969622777122,5.59396411986128,-1.0851809499654,0.0466752679605729,-0.088438788779634,0.115834322865922,-0.0134005911920883
-33.854453326097,5.52113651494213,-1.0482590787822,0.0499080408606529,-0.0866555679541217,0.0652614101644016,0.0138279630349729
-33.832891012968,5.39254276666377,-1.11724027894281,0.0438164810176652,-0.0898894654074024,-0.0222541678886587,-0.0387042828709558
-33.6876104557334,5.27669438108455,-0.984638326263679,0.0553164450912753,-0.0833072079862477,0.0899641121433166,-0.0325411775929769
-33.6741040928189,5.14720101118196,-0.920633597338943,0.0605315944005966,-0.0795985306354436,-0.0470252314860873,-0.0498948392671441
-33.6789246631518,5.04110609298336,-0.922629287365324,0.0603726199704077,-0.0797191743428689,-0.0651931903032921,-0.0263757438557319
-33.6251961172735,4.95015749610047,-0.848011301156858,0.0661475910281877,-0.0749966412659102,-0.0124190451499371,-0.0159519556169816
-33.6115825635716,4.83270515576873,-0.762563160869293,0.0723067815174085,-0.0690777051341006,-0.0586932278154824,-0.048374635197644
-33.5488769652455,4.84659342024338,-0.875006345849699,0.0640991987434716,-0.0767547569890292,-0.00139360041739556,0.0906430214636782
-33.4800941714351,4.7721577609052,-0.730528123170827,0.074482210913526,-0.0667263085853925,-0.00569941710310307,-0.00770935075278656
-33.3809509120476,4.67435686917116,-0.801613229654355,0.0695548543137694,-0.0718479104872947,0.0295884050736643,-0.0259529812467376
-33.347352179238,4.63927244290722,-0.813650640172395,0.068684973244215,-0.0726799453112169,-0.0350862404345507,0.037595519047269
-33.2305406060695,4.71330443665939,-0.889362796317785,0.0629907051739442,-0.0776670526136356,0.0538208679945353,0.151699046365805
-33.1611840732878,4.60698816381726,-1.01954712682105,0.0523751794437526,-0.08518709161742,0.0169813533379717,-0.0211291812247039
-33.0697015435308,4.44439811912924,-1.22885761401848,0.0335314194787642,-0.0942106358525361,0.0579511102782346,-0.0683794088354901
-32.9729866702013,4.37594343921299,-1.00466744524687,0.0536368915135531,-0.0843983641355882,0.0430779818158911,0.0159436842193388
-32.9957246484031,4.38009786268263,-1.01882264122913,0.052436882513523,-0.0851491242013856,-0.0751748607152618,0.0893035476710287
-32.919508936094,4.26374284802836,-0.961294321969743,0.0572459208324061,-0.0819933201428622,0.0189697914766418,-0.034361694511404
-32.9242389382757,4.09445966426565,-1.27643017747936,0.0290133322066654,-0.0956986235756068,-0.0337433343883258,-0.0735845601871032
-32.8523402204786,3.92055432060708,-1.2141694435139,0.0349115345966854,-0.0937079759257687,0.0369871832004169,-0.0801973677328061
-32.7180232979359,3.71408741774905,-1.23290663109348,0.0331496851821503,-0.094345632502646,0.10116723736052,-0.112121270355384
-32.5894032204706,3.65913519888282,-1.09464061286092,0.0458365909512268,-0.0888763575422053,0.0827834865140726,0.0339241386759823
-32.5764031407911,3.58433445690177,-1.16235139022706,0.0397182665541905,-0.0917739576455667,-0.026718186874676,0.0169732156645164
-32.5090024088758,3.61494766099336,-1.237883810931,0.0326797013445994,-0.0945094551885037,0.0347210305707133,0.125122659280088
-32.4902343902089,3.72279164463916,-1.28051724693109,0.0286219640535856,-0.0958164034689012,-0.00985394538667439,0.203660387114698
-32.4593045072381,3.72415728361852,-1.28117077435769,0.028559339298265,-0.0958350882445808,0.00237054367250034,0.097200727223949
-32.4976723201831,3.66716606504306,-1.40370461141104,0.0166315276610401,-0.0986072628545183,-0.0549993406060878,0.0416160442790532
-32.3843080674082,3.72246925865272,-1.40023583076112,0.0169734738816072,-0.0985489786065305,0.0963907788933489,0.153852172216193
-32.3378206379585,3.48432138955742,-1.38040680667519,0.0189241391046646,-0.0981930596282003,0.0275632903450567,-0.139954809467097
-32.3692047618952,3.35625489607216,-1.42611329434104,0.014417878119844,-0.0989551655575459,-0.0458020020566092,-0.0291113279277142
-32.4241533602008,3.23542140782802,-1.38496296722104,0.0184765608893837,-0.0982782615724398,-0.0734251591949815,-0.0225552266717006
-32.4138286348484,3.1821327113586,-1.17857026799675,0.0382246373392298,-0.0924060447172389,-0.0278999119867809,0.0391173482478142
-32.3845135556971,3.1183979261958,-1.33119176167668,0.0237318506935257,-0.0971431894816111,0.00558322845772308,0.033408404318815
-32.404233917441,2.97653457452652,-1.39513690810547,0.0174757446776287,-0.0984611514657549,-0.0371961064214634,-0.043402200203527
-32.4184473502234,2.75373276660184,-1.39630500797838,0.0173607203228172,-0.0984814977032383,-0.0315741531052227,-0.12432031022144
-32.4230609385642,2.68524068122586,-1.28858493990922,0.0278480236503291,-0.0960441959660797,-0.0324616119911236,0.0275521105900962
-32.3749093207812,2.47766113388847,-1.26864413824472,0.0297575584915488,-0.0954698261893361,0.018394059291456,-0.112109721148051
-32.4184640726506,2.38084892904509,-1.55614404913121,0.00146517533882538,-0.0999892657300097,-0.0450199272082306,0.00317706088662373
-32.2939750420449,2.35913657963945,-1.280698707417,0.028604576691319,-0.0958215956468606,0.0958844539143335,0.0741092462412278
-32.1487954112761,2.12082066956408,-1.2267146219102,0.0337332349783132,-0.0941385620131193,0.111446395790474,-0.144177348062249
-32.1579409120508,2.03108725362956,-1.01104176557384,0.0530978232663688,-0.0847385459184512,-0.0622433240410292,-0.00499487001607157
-32.0555988080479,1.94115155818099,-1.2290491183261,0.0335133771214212,-0.0942170555362319,0.0688287268815286,0.00428136008766078
-32.0995415607196,1.82460866791592,-1.26276798694906,0.0303180366557839,-0.0952933190383174,-0.0742607893274867,-0.0212495712267524
-31.9721251336511,1.67313492933286,-1.21762549026254,0.0345874675998751,-0.0938280719455941,0.0928289594685774,-0.0576456666374652
-31.9137277052931,1.6102629450836,-1.2660031347049,0.0300095905694244,-0.0953909035173455,0.0283878377885523,0.0325189192680844
-31.844896139673,1.49866352565668,-1.39992521390553,0.0170040840361463,-0.0985437016053876,0.0518274815839761,-0.0130557178215336
-31.8189556225361,1.37377150773128,-1.51196408097085,0.00587983130104676,-0.099826988254035,0.020060685835825,-0.0250650296713653
-31.8237992292271,1.19375845719412,-1.74959414441355,-0.017784668478669,-0.098405820798893,0.0129410617877261,-0.0816072297382686
-31.8195708813146,1.14172203534358,-1.85405251924561,-0.0279483559427971,-0.0960150477794742,0.032176703855276,0.0439786259289399
-31.9088528050335,1.05665097173659,-1.6306248656511,-0.00597928529925315,-0.099821080675928,-0.0833026384196156,0.0147500170689359
-32.0400091668924,1.11893325573338,-1.61827583683064,-0.00474616731724506,-0.099887305979272,-0.126410194541737,0.162169589976062
-32.0777842933436,0.823670034599525,-1.65738213786978,-0.00864776611706844,-0.0996253790014597,-0.0291273603340461,-0.195637842132395
-31.993856272365,0.730940828263596,-1.82704213466778,-0.0253450735127503,-0.0967348295529241,0.109273094491271,0.00400562321699449
-32.092104696263,0.576964156504935,-1.70503791292728,-0.0133838759060766,-0.0991003121374032,-0.0848645479918297,-0.0548763596212578
-32.1116234485224,0.400364163579416,-1.63552633471887,-0.00646848145520579,-0.0997905744429987,-0.0130502708042144,-0.0768094184825203
-32.1439830917687,0.466838310497168,-1.78260629064677,-0.0210229758027242,-0.0977652008047755,-0.0113366674436395,0.164239347722528
-32.2371160412574,0.335508343026244,-1.83188008836174,-0.0258127737028446,-0.0966110796635962,-0.0673201757857829,-0.0347188878073281
-32.4359663210323,0.280992432872373,-2.01240134313563,-0.0427391057019894,-0.0904066858356957,-0.156111174072909,0.035890775681825
-32.5444576739874,0.261526311094168,-2.18532657937646,-0.0576574781424788,-0.0817044381551552,-0.0508338748126453,0.06223831637695
-32.7354285161513,0.182816584439756,-2.20820692306736,-0.0595116491838001,-0.0803639447228937,-0.131459192980137,0.0016542180684822
-32.8268948908594,0.146680792302646,-2.57047634447719,-0.0841298054548202,-0.0540571534039123,-0.00733656925323922,0.0179213612668017
-32.9423185639524,0.165077891750063,-2.63528486480821,-0.0874541008253283,-0.048495156962663,-0.0279695722676991,0.0668922564100798
-33.1127011995675,0.250505852319374,-2.59282096594568,-0.0853165901955988,-0.0521639668487381,-0.0850660454194752,0.13759192741805
-33.2119655366213,0.0747371414984271,-2.38119999223879,-0.0724565442043812,-0.0689206007080507,-0.0268077928494124,-0.106848110112896
-33.2690318720286,0.00243221779859991,-2.46704647221043,-0.078099046076721,-0.0624542953038957,0.0210327106693469,-0.00985062839593143
-33.3276407122786,0.0926018268323849,-2.51091560680086,-0.0807628444579236,-0.0589691695300624,0.0221540042079609,0.149138778563847
-33.3554863785515,0.0629395744486138,-2.75280819067864,-0.0925370509572292,-0.0379063873264014,0.064691384684288,0.00824413494263032
-33.4909559818491,-0.0410117491155573,-2.63859074695801,-0.0876139419208285,-0.0482057795403589,-0.0478556613767194,-0.0557455440238122
-33.622451284001,-0.217203346448146,-2.88435275376226,-0.0967095864258194,-0.0254412242894669,-0.0347857157261089,-0.150750373043122
-33.704459039498,-0.250068048892011,-2.89222424993753,-0.0969068487881005,-0.0246791948401934,0.0148990932911637,-0.00818550760367165
-33.8317517728671,-0.262043024961651,-2.62558960530528,-0.0869798248342253,-0.0493407546740773,-0.0403129085349023,0.0373657786044379
-33.9052632150234,-0.301859804542422,-2.82990416062669,-0.0951817123214276,-0.0306666209348372,0.021670270165129,-0.00915015864593371
-34.1061293310756,-0.405385371382762,-2.76455906254229,-0.0929760849836599,-0.036816404239296,-0.107890031068604,-0.0667091626010441
-34.1844057393752,-0.462972532657877,-2.62111415575993,-0.086758132427105,-0.0497295330539199,0.00848172412755277,-0.00785762822119485
-34.2571406499507,-0.358195534868384,-2.93636419258811,-0.0979014451811883,-0.0203790831843529,0.0251665346057313,0.125156080973846
-34.3216733092086,-0.546646026421198,-2.61740468825708,-0.0865730658616284,-0.0500510166461997,0.0220404066037241,-0.138399474906615
-34.3899172024826,-0.47744070248189,-2.63455870599869,-0.0874188625854135,-0.0485586497369171,0.0191749693113783,0.117763973676225
-34.440242232981,-0.657397644007826,-2.66866481961226,-0.0890238492882093,-0.045549470445991,0.0386988187897828,-0.134407471079945
-34.5352754832216,-0.71764037602295,-2.51105617550551,-0.0807711328797519,-0.0589578162190686,-0.0142621173607991,-0.00128491579605527
-34.5801676048899,-0.648005084165274,-2.73531105685869,-0.0918596669340497,-0.0395196355090157,0.0469675452657132,0.109154927366691
-34.6258312759764,-0.864611158770007,-2.56165352357038,-0.0836496006571949,-0.0547973020311386,0.0379859295707183,-0.161808772573594
-34.6947763877214,-0.90869208324296,-2.8575139022536,-0.0959920261315128,-0.0280273245096098,0.0270469143865257,-0.0160535999633431
-34.7615912749868,-0.882631404757647,-2.64433193582504,-0.0878892549567322,-0.0477019796565146,0.0210743676913254,0.0737626581418278
-34.8924151547471,-1.06235555513535,-2.54432424173812,-0.0826874904530571,-0.0562385892655175,-0.0481363893072351,-0.123485561112182
-34.8909608803999,-1.06587118036158,-2.69039070495474,-0.0899923645819422,-0.0436047510823168,0.0914466389291253,0.0400891258560865
-35.0682228010048,-1.15437643137698,-2.55199693872138,-0.0831165539676239,-0.0556025040492519,-0.0941453666372938,-0.0329027469661496
-35.0840762064561,-1.13461624143982,-2.60350666308044,-0.0858691170852115,-0.0512493388348205,0.0700157116339073,0.0710095287719759
-35.1616354540866,-1.12755109575348,-2.81841970472613,-0.094823253788677,-0.031757684753901,0.0172640061582108,0.0388228304402445
-35.2379468159416,-1.29032668316544,-2.62783134832442,-0.0870902154793063,-0.049145644443511,0.0107788536242848,-0.113629942968455
-35.3112631225794,-1.25609593219956,-2.71471011474295,-0.0910260909184992,-0.041403511591375,0.0177097842806986,0.0756342625572559
-35.4282735457929,-1.2530600985342,-2.91031764624695,-0.0973374930650395,-0.0229218769696852,-0.0196729301484901,0.0259577106350519
-35.4997686151445,-1.30666742080147,-2.63564165525838,-0.0874713978674164,-0.04846395108862,0.0159763285158334,-0.00514337117864883
-35.5236310972147,-1.32898222411286,-2.73795325960927,-0.0919637650554067,-0.039276785978921,0.0681012829851979,0.0169619826675227
-35.6228603817474,-1.41996203733707,-2.64409379583794,-0.0878778927158909,-0.0477229082497533,-0.0113513918168091,-0.0432569049744476
-35.7265915649212,-1.29643269505211,-2.66419860708239,-0.0888195284685856,-0.0459466142671918,-0.0149116547052017,0.169475956552149
-35.8665499212833,-1.44904219429131,-2.76710437488942,-0.0930694929527987,-0.0365796320581407,-0.0468888634092792,-0.11602986718106
-35.9319763884131,-1.49832309994242,-2.68361221449446,-0.0896947249825588,-0.044213757025423,0.0242682578527198,-0.00506714862568991
-35.8806440990874,-1.60687158384602,-2.30361990016418,-0.0668971028476332,-0.0743288479030395,0.118229392173383,-0.0342196360005613
-36.0708304582278,-1.48197000909332,-2.40541504821064,-0.0741040552174691,-0.0671460274351826,-0.116082303922998,0.192047602187885
-36.0565974490022,-1.53096567508763,-2.42757433096914,-0.0755736482057604,-0.0654875842955897,0.0898066574313514,0.0164919183012833
-36.1550174374861,-1.47535459319094,-2.52272739318316,-0.0814537256134132,-0.0580111246546281,-0.0169662628704197,0.113622206551311
-36.2519547249427,-1.54580558734917,-2.54213837908719,-0.0825643631789827,-0.0564191982648553,-0.0143729242776391,-0.0140317958933713
-36.3184443673289,-1.71444632929112,-2.62476016474592,-0.0869388696959369,-0.0494128822878498,0.0204492273097205,-0.119227859654098
-36.5840000249728,-1.74540223518627,-2.62271380201381,-0.0868375710531488,-0.0495906871659321,-0.17871808659074,0.018634781270785
-36.7201809906793,-1.94159381160895,-2.52085405561538,-0.0813449083312605,-0.0581636130976991,-0.0548360573751985,-0.138027963324984
-36.7178932175093,-2.01552901669512,-2.63597955985637,-0.0874877690652932,-0.0484343913348555,0.0897755422352227,-0.0255008137513155
-36.8335902827926,-2.10790645333754,-3.00450117292731,-0.0990617671132164,-0.0136662466100566,-0.0166352981700579,-0.0787111900323612
-36.795450829696,-2.02609180215413,-2.91674409270953,-0.0974827882922032,-0.0222958737612474,0.135622241388818,0.104110524944652
-36.9693308204604,-2.0009597604251,-2.77861587002465,-0.0934844034478304,-0.0355058630651796,-0.0803955873165365,0.0606379047942145
-37.0757451921262,-2.07475544781645,-2.59909179670426,-0.0856420219993331,-0.0516279388303053,-0.0207723496665007,-0.0221677485610492
-37.1618732678381,-2.15765040151184,-2.74291306940821,-0.0921574385058781,-0.0388201819680859,0.00602936279394317,-0.0440747717273036
-37.1948372757977,-2.06670397722133,-3.22419458366154,-0.0996590399899968,0.00825080288652095,0.0666950320304438,0.0826956214039907
-37.3850811140311,-2.24156114504349,-3.19151096967261,-0.0998754339557323,0.00498975872704754,-0.0903684042777333,-0.179846926549213
-37.6420378392517,-2.20934580331787,-3.17348152339633,-0.0999491593076672,0.00318834654492853,-0.157007565912882,0.0290269951806927
-37.8093868873521,-2.21818862950703,-2.84334080936611,-0.095585164444176,-0.0293849678948239,-0.0717638836562635,0.0205421417056673
-37.8377021110302,-2.22662342402861,-2.91443190911144,-0.0974309756037384,-0.0225212120656,0.0691157519256418,0.0140864175440223
-37.9712503652115,-2.18002593048964,-2.91901985198829,-0.0975332758545108,-0.0220739688567304,-0.0360149783267616,0.0686714623956961
-38.0876330646119,-2.10215747251443,-3.1023392247146,-0.0999229683079117,-0.00392433491639948,-0.0164597310925216,0.0817927928916082
-38.2080604747174,-2.05445455693476,-3.24564670849518,-0.0994591259618979,0.0103866386716462,-0.0209682841435181,0.0373162769080242
-38.3515428736973,-2.03075906744283,-3.52739388139048,-0.0926497226797698,0.0376301592789847,-0.0508326763002189,-0.0139346697870559
-38.6018670119316,-2.08344700264847,-3.65598875202577,-0.0870590006149043,0.0492009188118891,-0.1632651376194,-0.10188885401752
-38.635181246848,-2.1756278087607,-3.62201366410199,-0.0886800430287952,0.0462152568792065,0.055365808112485,-0.138396062991443
-38.7526408134219,-2.17167647066278,-3.7422050523369,-0.08249896738243,0.0565147801980398,-0.0349605991915483,-0.0525634421001182
-38.7643182333592,-2.16425216252741,-3.53794930022251,-0.0922473666406782,0.0386060014487423,0.0805699467034124,-0.0311816933133717
-38.8699275802158,-2.08592496133924,-3.58351744522679,-0.0903930143034169,0.0427680133410739,-0.0152163325532071,0.0355591878470989
-39.0124001779309,-1.94671392189424,-3.56928698176463,-0.0909924500001568,0.0414773919499401,-0.0514801477148699,0.0977336474950559
-39.0490399931382,-1.77677635416095,-3.76271676513663,-0.0813224794247765,0.0581949683409726,0.0446826642173968,0.111742599392317
-39.0657761663217,-1.57094960042267,-3.67306292676211,-0.086206286610703,0.0506801356430045,0.0694701134272153,0.155146618095281
-39.0649811179329,-1.5037929487545,-3.63663372078541,-0.0879949200876423,0.047506778871751,0.0887899684764191,0.0196498727964189
-39.153438112923,-1.49943452625073,-3.75813594948652,-0.0815882056854383,0.0578218357805303,-0.00686878930458645,-0.0534634132767691
-39.2064935747532,-1.4684692489108,-3.82107536107323,-0.0777897884626274,0.0628390707358065,0.0247343266323392,-0.0318737933958713
-39.2699423023318,-1.30576058287813,-3.92415005067546,-0.0709112650450242,0.0705095205608032,0.0074625374664361,0.0921991454718714
-39.4084283679327,-1.20001730631791,-3.64571993130659,-0.0875596370620801,0.0483043471910842,-0.0509264285387994,0.0574389293691278
-39.411407136146,-1.10124664314463,-3.43451122600977,-0.0957405223231,0.0288747707402153,0.0927617541098265,0.0698958924330637
-39.4913759591825,-1.05790732853289,-3.34830619776422,-0.0978710725993702,0.0205244524469913,0.0179022495628312,0.0228148621647559
-39.6103738495421,-1.10402894656393,-3.34862710131752,-0.0978644811904267,0.0205558585646192,-0.0211334091691244,-0.0666774765956655
-39.6673827450326,-1.04739153700315,-3.25675492202202,-0.0993376151470508,0.0114907883496487,0.0423287196565605,0.0451466212111313
-39.7626971904673,-1.10611643526942,-3.29416634230852,-0.0988383196379423,0.0151982423703518,0.00352387420320022,-0.0739231406366199
-39.8979725977975,-1.11717662406237,-3.2992179351953,-0.0987602835267953,0.0156973372807939,-0.0365151238034291,-0.0267575260737396
-39.9835625542547,-1.0658955875582,-3.22038680810947,-0.0996897346345487,0.00787126473276403,0.0140997781774086,0.0434097717714015
-40.2536587223924,-1.01288076380247,-3.24649645548808,-0.0994502640397615,0.0104711500047377,-0.170645904097986,0.0425436737509979
-40.374136800943,-0.920193920774813,-3.51227470101927,-0.0932080489895262,0.0362251239275464,-0.0272700295610382,0.0564617191001062
-40.505091946893,-0.835806478180931,-3.64199374077693,-0.0877390199866049,0.0479777487153174,-0.0432161259633952,0.0364096938785643
-40.5357515584724,-0.768170729849638,-3.61489761458446,-0.089006665021996,0.0455830405047995,0.0583470534425474,0.0220527078264934
-40.7119408355108,-0.631779394197873,-3.57291985939431,-0.0908411675928379,0.0418076819540374,-0.0853481094455353,0.0945836536977276
-40.9331579299755,-0.537387154267411,-3.63095790422891,-0.0882631410322867,0.0470065733181506,-0.132953953432452,0.0473856666123114
-41.004274854235,-0.554173570321548,-3.49640815931383,-0.0937710601293882,0.0347417368911035,0.022654135869949,-0.0515281529452398
-41.1022758825249,-0.406090889585964,-3.33327308334067,-0.0981685484647668,0.0190508816678056,0.000167520174887636,0.129031799067779
-41.1677756142442,-0.505450862398687,-3.25252945985036,-0.099385282082137,0.0110709396825232,0.0338855503627593,-0.110430912495247
-41.2317978866582,-0.500753895049072,-3.36300497931779,-0.0975588264828206,0.0219607690050896,0.033536554068883,-0.0172638016554743
-41.4059749198619,-0.375792870042826,-3.25938432835992,-0.0993070578312563,0.0117519472811749,-0.0748699753725177,0.113209077725071
-41.5901499270444,-0.242727139940433,-3.01464157974057,-0.0991952529278236,-0.0126610345779915,-0.0849797542546418,0.145726764680384
-41.7678770998558,-0.22888562984397,-3.19028302553936,-0.0998814858007308,0.00486711354279083,-0.0778456870106541,0.00897439655367194
-41.8485350548129,-0.243073041540206,-3.21302913993354,-0.0997449499123206,0.00713757430704932,0.0190869949551884,-0.0213249860032851
-42.0461288926573,-0.242810508795805,-3.28854267963083,-0.0989222260702545,0.0146421716048362,-0.09867161177412,-0.0143796388604347
-42.0793063501152,-0.140896361925732,-3.3709147130313,-0.0973820726452982,0.022731738325651,0.0642046151873545,0.0791824085444213
-42.1034198950488,-0.0705499391511665,-3.43254668429292,-0.0957970632267126,0.0286866288911267,0.0716835182931794,0.0416597938834391
-41.9973855054134,-0.0858831408058852,-3.52906665213089,-0.0925866464552925,0.0377850883042857,0.198621036090628,-0.0531182899590044
-42.0459301552139,-0.0346569926239255,-3.58278787315854,-0.0904241925916092,0.0427020537463431,0.0418795427911878,0.00852409443561664
-42.0565735053461,0.0508500714194769,-3.72302835627368,-0.0835674988672694,0.0549224283245828,0.0729241487350536,0.0305846357188195
-42.0846227846918,0.201321293923218,-3.70988305000325,-0.0842822301268407,0.0538191943905356,0.0562329507810793,0.0966520281132057
-42.1873677057101,0.212689231515553,-3.72965267369138,-0.0832018443992588,0.0554747968771543,-0.0195430766190463,-0.0441068592848199
-42.1904394153119,0.338723642204233,-3.7943760419613,-0.0794396248191296,0.0607399868998663,0.0763679152173042,0.0652944237888144
-42.2951444041162,0.279662295647048,-4.06635673072903,-0.060202298852655,0.0798478754435935,-0.0445026899515977,-0.138909222000779
-42.4214673259904,0.280375932750058,-4.21150607628113,-0.0480200172887845,0.0877158933123573,-0.0783029045853858,-0.0870022562093471
-42.3223124514085,0.375451434813562,-4.35759852429231,-0.0347393879496879,0.0937719303676803,0.133894262531568,0.00130357169582362
-42.4099084042201,0.560625508346697,-4.40288263237859,-0.0304588477926689,0.0952484046645561,-0.0571371050189318,0.0899256688685783
-42.4584653176146,0.563902282746241,-4.32808990067157,-0.0374909432723304,0.0927061442006456,-0.0110659701221905,-0.0894293698011008
-42.4658632546497,0.664328189694799,-4.40504898082555,-0.0302524352478864,0.0953141655871384,0.0228544982128265,0.00511174136141879
-42.3907125103435,0.706490995345802,-4.66233955707109,-0.0050028530756949,0.0998747789039005,0.0801535973818983,-0.0577119732528977
-42.1112677687693,0.730321617210204,-4.64854343292842,-0.00638021811851924,0.0997962565267862,0.285824959692699,-0.075965634662384
-42.118743026148,0.831186649388793,-4.62760238341618,-0.00846850482937882,0.0996407769236811,0.000993247450689516,0.00122425525490799
-42.101040609115,0.945321980287658,-4.54506050900041,-0.0166548730558613,0.0986033224769488,0.0343572900888778,0.0155320084219168
-42.1178905275154,0.925356013132862,-4.60673112737171,-0.0105461376031755,0.0994423399848117,-0.00630378079722149,-0.119408307139608
-42.0414883901442,1.02802907478906,-4.60130870837983,-0.0110851979520069,0.099383692758746,0.0874873353231327,0.00328936889745091
-42.0687162336844,1.13958104425264,-4.41170825231365,-0.0296170462505894,0.0955135098893892,0.00238920271044307,0.016038459574188
-42.0892537831779,1.18268574458581,-4.49397584164185,-0.0216680735112424,0.0976242520601894,0.00113052401773084,-0.0545195517270192
-42.1986418464339,1.24927609386235,-4.56865432119412,-0.0143240252168275,0.0989687945848978,-0.0950640380391832,-0.0323784453083542
-42.2420258304886,1.30182036960046,-4.65413952096702,-0.00582165249408329,0.0998303979869766,-0.0375623315606073,-0.0472861222488645
-42.2053718936393,1.31506647286136,-4.67049914754427,-0.00418775828280394,0.0999122749243796,0.040841695132154,-0.0866661716634773
-42.1590826365205,1.38722425103101,-4.88842743447439,0.0175130636833411,0.0984545204671844,0.0287761934354385,-0.0262967422975384
-42.0473706629681,1.3839621164414,-5.07644700376211,0.0356069213497318,0.0934459584572496,0.0761050522026543,-0.0967080930468627
-41.9073577792426,1.41120033585311,-5.35415182054058,0.0598608479317268,0.0801041752026364,0.0801520357937551,-0.0528659557909203
-41.8019884705365,1.5963709051867,-5.4043421459716,0.0638042338291337,0.0770001282172779,0.0415650748770195,0.108170441116308
-41.7885916461896,1.78593255836538,-5.38476129321034,0.0622843708070603,0.07823462886196,-0.0488875464602181,0.111327024316717
