theta_array,theta_org,x_array,y_array,xi_x_array,xi_y_array,fmpi_x_array,fmpi_y_array
4.4110002850939+0i,0+0i,0+0i,0+0i,0,0,0+0i,0+0i
4.38250973072415+0i,1.56194484811893+0i,-0.0323928791098645+0i,-0.0946081464937016+0i,-0,-0,-0.0323928791098645+0i,-0.0946081464937016+0i
4.354302730876+0i,1.56180974590962+0i,-0.0674411307369297+0i,-0.188265073935754+0i,-0,-0,-0.0350482516270651+0i,-0.0936569274420527+0i
4.32637652801877+0i,1.56168244515251+0i,-0.105090859073711+0i,-0.280906846134728+0i,-0,0,-0.0376497283367817+0i,-0.0926417721989737+0i
4.29872839129249+0i,1.56156285539123+0i,-0.145287244304199+0i,-0.372472399780202+0i,0,-0,-0.0401963852304879+0i,-0.0915655536454742+0i
4.27135561619234+0i,1.56145088127728+0i,-0.187974661849543+0i,-0.462903502744335+0i,-0,-0,-0.0426874175453436+0i,-0.0904311029641323+0i
4.24425552425992+0i,1.56134642295058+0i,-0.233096796458861+0i,-0.552144709416469+0i,0,0,-0.0451221346093181+0i,-0.0892412066721343+0i
4.21742546278135+0i,1.56124937640267+0i,-0.280596751217592+0i,-0.640143313370841+0i,0,0,-0.0474999547587313+0i,-0.0879986039543724+0i
4.19086280449177+0i,1.56115963382317+0i,-0.330417151554726+0i,-0.72684929765248+0i,-0,-0,-0.0498204003371335+0i,-0.0867059842816386+0i
4.16456494728615+0i,1.56107708393024+0i,-0.382500244338152+0i,-0.812215282951737+0i,0,-0,-0.0520830927834268+0i,-0.085365985299257+0i
4.13852931393614+0i,1.5610016122855+0i,-0.436787992154336+0i,-0.896196473923563+0i,0,-0,-0.0542877478161837+0i,-0.0839811909718268+0i
4.11275335181273+0i,1.5609331015942+0i,-0.493222162874563+0i,-0.978750603893665+0i,0,-0,-0.0564341707202264+0i,-0.0825541299701011+0i
4.08723453261451+0i,1.56087143199116+0i,-0.551744414615261+0i,-1.05983787818007+0i,-0,0,-0.0585222517406982+0i,-0.081087274286403+0i
4.06197035210149+0i,1.56081648131299+0i,-0.612296376204343+0i,-1.13942091624544+0i,-0,0,-0.0605519615890823+0i,-0.0795830380653711+0i
4.03695832983405+0i,1.56076812535721+0i,-0.674819723269244+0i,-1.21746469288267+0i,-0,-0,-0.0625233470649005+0i,-0.0780437766372309+0i
4.012196008917+0i,1.56072623812881+0i,-0.739256250065396+0i,-1.29393647862387+0i,0,-0,-0.0644365267961522+0i,-0.076471785741205+0i
3.98768095574858+0i,1.56069069207474+0i,-0.80554793716633+0i,-1.36880577955097+0i,0,-0,-0.0662916871009338+0i,-0.0748693009270949+0i
3.96341075977416+0i,1.56066135830677+0i,-0.873637015138431+0i,-1.44204427667447+0i,-0,0,-0.0680890779721016+0i,-0.073238497123501+0i
3.93938303324455+0i,1.56063810681328+0i,-0.943466024324746+0i,-1.51362576503604+0i,0,-0,-0.0698290091863145+0i,-0.0715814883615702+0i
3.91559541097871+0i,1.56062080666043+0i,-1.01497787086305+0i,-1.58352609267964+0i,0,0,-0.0715118465383004+0i,-0.0699003276435996+0i
3.93914527182666+0i,1.5606093261831+0i,-1.08482389739163+0i,-1.65509097637386+0i,0,0,-0.0698460265285872+0i,-0.0715648836942246+0i
3.91535981927301+0i,1.56060001646169+0i,-1.15635220988262+0i,-1.72497445447986+0i,0,0,-0.071528312490989+0i,-0.0698834781059975+0i
3.93890753199849+0i,1.56058854672558+0i,-1.22621524826035+0i,-1.79652273096947+0i,0,0,-0.0698630383777232+0i,-0.0715482764896037+0i
3.91512424809583+0i,1.56057914173226+0i,-1.2977600212997+0i,-1.86638935712779+0i,-0,-0,-0.0715447730393519+0i,-0.0698666261583284+0i
3.93866981374888+0i,1.56056768279013+0i,-1.36764006603433+0i,-1.93792102387676+0i,-0,0,-0.0698800447346334+0i,-0.0715316667489695+0i
3.91488869743096+0i,1.56055818195632+0i,-1.43920129421898+0i,-2.00777079567815+0i,-0,0,-0.0715612281846443+0i,-0.069849771801383+0i
3.93843211706665+0i,1.56054673386137+0i,-1.50909833981921+0i,-2.07928585015173+0i,-0,0,-0.0698970456002327+0i,-0.0715150544735791+0i
3.91465316726213+0i,1.56053713661383+0i,-1.58067601774734+0i,-2.14911876518767+0i,0,0,-0.0715776779281272+0i,-0.0698329150359434+0i
3.93819444194055+0i,1.56052569941974+0i,-1.65059005872277+0i,-2.22061720485235+0i,0,0,-0.0699140409754397+0i,-0.0714984396646846+0i
3.91441765757295+0i,1.56051600518053+0i,-1.72218418099384+0i,-2.29043326071514+0i,-0,-0,-0.0715941222710683+0i,-0.0698160558627836+0i
3.93795678835926+0i,1.56050457894142+0i,-1.79211521185502+0i,-2.36191508303867+0i,0,-0,-0.0699310308611769+0i,-0.0714818223235329+0i
3.91418216834695+0i,1.56049478712785+0i,-1.86372577306976+0i,-2.43171427732134+0i,0,0,-0.0716105612147414+0i,-0.069799194282669+0i
3.93771915631144+0i,1.56048337189833+0i,-1.93367378832813+0i,-2.5031794797727+0i,-0,-0,-0.0699480152583709+0i,-0.0714652024513659+0i
3.91394669956755+0i,1.56047348192294+0i,-2.00530078308856+0i,-2.57296181006906+0i,-0,-0,-0.071626994760427+0i,-0.0697823302963563+0i
3.93748154578565+0i,1.5604620777581+0i,-2.07526577725651+0i,-2.64441039011848+0i,0,-0,-0.0699649941679522+0i,-0.0714485800494203+0i
3.91371125121807+0i,1.56045208902855+0i,-2.14690920016592+0i,-2.71417585402307+0i,0,0,-0.0716434229094118+0i,-0.0697654639045937+0i
3.93724395677042+0i,1.56044069598395+0i,-2.21689116775678+0i,-2.785607809142+0i,0,0,-0.0699819675908551+0i,-0.0714319551189277+0i
3.91347582328174+0i,1.56043060790305+0i,-2.28855101341977+0i,-2.85535640425012+0i,0,-0,-0.071659845662989+0i,-0.069748595108121+0i
3.93700638925421+0i,1.56041922603474+0i,-2.35854994894779+0i,-2.92677173191124+0i,-0,0,-0.0699989355280182+0i,-0.0714153276611146+0i
3.91324041574167+0i,1.56040903800032+0i,-2.43022621197024+0i,-2.99650345581891+0i,0,0,-0.0716762630224586+0i,-0.0697317239076687+0i
3.93676884322544+0i,1.56039766736484+0i,-2.50024210995063+0i,-3.06790215349611+0i,-0,0,-0.0700158979803839+0i,-0.0713986976772019+0i
3.91300502858088+0i,1.56038737876975+0i,-2.57193478493976+0i,-3.13761700380007+0i,0,0,-0.071692674989127+0i,-0.0697148503039589+0i
3.93653131867245+0i,1.56037601942415+0i,-2.64196763988865+0i,-3.20899906896847+0i,0,0,-0.0700328549488988+0i,-0.0713820651684056+0i
3.91276966178229+0i,1.5603656296562+0i,-2.71367672145296+0i,-3.27869704326618+0i,-0,0,-0.0717090815643076+0i,-0.0696979742977045+0i
3.93629381558353+0i,1.56035428165802+0i,-2.78372652788748+0i,-3.35006247340211+0i,-0,0,-0.0700498064345137+0i,-0.071365430135936+0i
3.9125343153287+0i,1.56034379009992+0i,-2.8554520106368+0i,-3.41974356929172+0i,0,0,-0.0717254827493202+0i,-0.0696810958896096+0i
3.93605633394691+0i,1.56033245350721+0i,-2.92551876307498+0i,-3.49109236187272+0i,-0,0,-0.0700667524381833+0i,-0.0713487925809984+0i
3.91229898920281+0i,1.5603218595365+0i,-2.99726064162047+0i,-3.56075657695309+0i,-0,0,-0.0717418785454916+0i,-0.0696642150803692+0i
3.93581887375076+0i,1.56031053440783+0i,-3.06734433458134+0i,-3.63208872945788+0i,0,-0,-0.0700836929608667+0i,-0.0713321525047924+0i
3.91206368338722+0i,1.56029983739687+0i,-3.13910260353549+0i,-3.70173606132855+0i,0,0,-0.0717582689541553+0i,-0.069647331870669+0i
3.93558143498318+0i,1.56028852379134+0i,-3.20920323153902+0i,-3.77305157123707+0i,-0,-0,-0.0701006280035271+0i,-0.0713155099085123+0i
3.91182839786442+0i,1.56027772310721+0i,-3.28097788551567+0i,-3.84268201749825+0i,0,-0,-0.0717746539766521+0i,-0.0696304462611857+0i
3.93534401763222+0i,1.56026642108441+0i,-3.3510954430828+0i,-3.9139808822916+0i,0,-0,-0.0701175575671318+0i,-0.0712988647933469+0i
3.91159313261678+0i,1.56025551608889+0i,-3.42288647669713+0i,-3.98359444054418+0i,-0,-0,-0.0717910336143293+0i,-0.0696135582525864+0i
3.93510662168586+0i,1.56024422570899+0i,-3.49302095834979+0i,-4.05487665770466+0i,0,-0,-0.0701344816526527+0i,-0.0712822171604793+0i
3.91135788762659+0i,1.56023321575847+0i,-3.56482836621833+0i,-4.12447332555019+0i,-0,0,-0.0718074078685416+0i,-0.0695966678455291+0i
3.93486924713203+0i,1.56022193708215+0i,-3.63497976647939+0i,-4.19573889256128+0i,-0,-0,-0.0701514002610657+0i,-0.0712655670110872+0i
3.91112266287599+0i,1.56021082152761+0i,-3.70680354322004+0i,-4.26531866760194+0i,-0,0,-0.0718237767406507+0i,-0.0695797750406622+0i
3.93463189395859+0i,1.56019955461609+0i,-3.77697185661339+0i,-4.33656758194828+0i,0,-0,-0.0701683133933511+0i,-0.0712489143463426+0i
3.91088745834703+0i,1.56018833280303+0i,-3.84881199684542+0i,-4.40613046178691+0i,0,-0,-0.0718401402320255+0i,-0.0695628798386246+0i
3.93439456215332+0i,1.56017707771809+0i,-3.91899721789591+0i,-4.47736272095432+0i,0,-0,-0.0701852210504937+0i,-0.0712322591674119+0i
3.91065227402165+0i,1.56016574898645+0i,-3.99085371623996+0i,-4.54690870319437+0i,-0,0,-0.071856498344042+0i,-0.0695459822400453+0i
3.93415725170396+0i,1.56015450579042+0i,-4.06105583947344+0i,-4.61812430466982+0i,0,-0,-0.0702021232334825+0i,-0.0712156014754558+0i
3.91041710988167+0i,1.56014306947455+0i,-4.13292869055152+0i,-4.68765338691537+0i,0,0,-0.0718728510780837+0i,-0.0695290822455439+0i
3.93391996259818+0i,1.56013183823033+0i,-4.20314771049483+0i,-4.758852328187+0i,0,0,-0.0702190199433111+0i,-0.0711989412716291+0i
3.91018196590879+0i,1.56012029365892+0i,-4.27503690893037+0i,-4.82836450804273+0i,-0,-0,-0.0718891984355413+0i,-0.0695121798557301+0i
3.93368269482358+0i,1.56010907442998+0i,-4.34527282011135+0i,-4.89954678659981+0i,-0,0,-0.0702359111809774+0i,-0.0711822785570808+0i
3.9099468420846+0i,1.56009742092599+0i,-4.41717836052916+0i,-4.96904206167101+0i,-0,-0,-0.0719055404178131+0i,-0.0694952750712036+0i
3.93344544836769+0i,1.56008621377637+0i,-4.48743115747665+0i,-5.04020767500397+0i,0,0,-0.070252796947484+0i,-0.0711656133329544+0i
3.90971173839058+0i,1.56007445065698+0i,-4.55935303450295+0i,-5.10968604289652+0i,0,0,-0.0719218770263047+0i,-0.0694783678925541+0i
3.93320822321797+0i,1.5600632556513+0i,-4.62962271174679+0i,-5.18083498849691+0i,-0,0,-0.0702696772438379+0i,-0.0711489456003871+0i
3.90947665480807+0i,1.56005138222786+0i,-4.70156092000922+0i,-5.25029644681727+0i,-0,0,-0.0719382082624296+0i,-0.0694614583203614+0i
3.93297101936184+0i,1.56004019943134+0i,-4.77184747208027+0i,-5.32142872217778+0i,-0,0,-0.0702865520710507+0i,-0.0711322753605104+0i
3.90924159131831+0i,1.56002821500927+0i,-4.84380200620788+0i,-5.39087326853297+0i,0,-0,-0.0719545341276085+0i,-0.069444546355195+0i
3.93273383678662+0i,1.56001704448772+0i,-4.91410542763802+0i,-5.46198887114742+0i,0,0,-0.0703034214301387+0i,-0.0711156026144497+0i
3.90900654790242+0i,1.56000494836649+0i,-4.98607628226129+0i,-5.53141650314504+0i,0,-0,-0.07197085462327+0i,-0.0694276319976141+0i
3.93249667547958+0i,1.55999379018631+0i,-5.05639656758341+0i,-5.60251543050836+0i,0,-0,-0.0703202853221225+0i,-0.0710989273633244+0i
3.90877152454138+0i,1.55998158165936+0i,-5.12838373733426+0i,-5.67192614575653+0i,0,-0,-0.0719871697508507+0i,-0.0694107152481676+0i
3.93225953542791+0i,1.55997043588758+0i,-5.19872088108229+0i,-5.74300839536478+0i,0,0,-0.0703371437480279+0i,-0.071082249608248+0i
3.90853652121606+0i,1.55995811424224+0i,-5.27072436059408+0i,-5.81240219147217+0i,-0,-0,-0.0720034795117947+0i,-0.069393796107394+0i
3.93202241661875+0i,1.55994698094648+0i,-5.34107835730297+0i,-5.8834677608225+0i,-0,-0,-0.070353996708885+0i,-0.0710655693503274+0i
3.9083015379072+0i,1.55993454546392+0i,-5.41309814121052+0i,-5.95284463539832+0i,-0,-0,-0.0720197839075541+0i,-0.0693768745758211+0i
3.93178531903915+0i,1.55992342471246+0i,-5.48346898541625+0i,-6.02389352198898+0i,-0,0,-0.0703708442057289+0i,-0.071048886590664+0i
3.90806657459544+0i,1.55991087466761+0i,-5.55550506835584+0i,-6.09325347264295+0i,-0,-0,-0.0720360829395892+0i,-0.0693599506539662+0i
3.9315482426761+0i,1.55989976652932+0i,-5.62589275459544+0i,-6.1642856739733+0i,0,0,-0.0703876862395993+0i,-0.0710322013303525+0i
3.90783163126125+0i,1.55988710119083+0i,-5.69794513120481+0i,-6.23362869831564+0i,-0,0,-0.0720523766093681+0i,-0.0693430243423359+0i
3.9313111875165+0i,1.55987600573526+0i,-5.76834965401635+0i,-6.30464421188612+0i,-0,-0,-0.070404522811541+0i,-0.0710155135704813+0i
3.90759670788499+0i,1.5598632243654+0i,-5.84041831893472+0i,-6.37397030752755+0i,-0,0,-0.0720686649183672+0i,-0.0693260956414258+0i
3.93107415354722+0i,1.5598521416627+0i,-5.91083967285732+0i,-6.44496913083968+0i,-0,0,-0.0704213539226033+0i,-0.0709988233121327+0i
3.90736180444692+0i,1.55983924351731+0i,-5.98292462072539+0i,-6.5142782953914+0i,0,0,-0.072084947868071+0i,-0.0693091645517206+0i
3.930837140755+0i,1.55982817363832+0i,-6.05336280029923+0i,-6.58526042594778+0i,0,-0,-0.0704381795738408+0i,-0.0709821305563827+0i
3.90712692092712+0i,1.55981515796673+0i,-6.1254640257592+0i,-6.65455265702148+0i,-0,-0,-0.0721012254599725+0i,-0.0692922310736941+0i
3.93060014912656+0i,1.55980410098294+0i,-6.19591902552552+0i,-6.72551809232578+0i,0,0,-0.0704549997663129+0i,-0.0709654353043005+0i
3.90689205730558+0i,1.5597909670279+0i,-6.26803652322109+0i,-6.79479338753359+0i,0,-0,-0.0721174976955728+0i,-0.0692752952078088+0i
3.93036317864852+0i,1.55977992301146+0i,-6.33850833772217+0i,-6.86574212509053+0i,0,0,-0.0704718145010837+0i,-0.0709487375569492+0i
3.90665721356212+0i,1.55976667000907+0i,-6.41064210229856+0i,-6.93500048204505+0i,-0,-0,-0.0721337645763816+0i,-0.069258356954516+0i
3.93012622930742+0i,1.55975563903282+0i,-6.48113072607778+0i,-7.00593251936044+0i,-0,0,-0.0704886237792228+0i,-0.0709320373153851+0i
3.90642238967647+0i,1.55974226621247+0i,-6.5532807521817+0i,-7.07517393567469+0i,-0,-0,-0.0721500261039171+0i,-0.0692414163142558+0i
3.92988930108973+0i,1.55973124834992+0i,-6.6237861797835+0i,-7.14608927025535+0i,0,-0,-0.0705054276018047+0i,-0.0709153345806581+0i
3.90618758562818+0i,1.5597177549342+0i,-6.69595246206321+0i,-7.21531374354281+0i,0,-0,-0.072166282279706+0i,-0.0692244732874566+0i
3.92965239398186+0i,1.55970675025956+0i,-6.76647468803312+0i,-7.28621237289662+0i,0,-0,-0.0705222259699088+0i,-0.0708986293538113+0i
3.90595280139669+0i,1.55969313546418+0i,-6.8386572211384+0i,-7.35541990077115+0i,0,-0,-0.072182533105284+0i,-0.0692075278745353+0i
3.92941550797013+0i,1.55968214405235+0i,-6.90919624002302+0i,-7.42630182240703+0i,-0,0,-0.0705390188846201+0i,-0.0708819216358813+0i
3.90571803696129+0i,1.55966840708608+0i,-6.98139501860522+0i,-7.49549240248293+0i,0,-0,-0.0721987785821951+0i,-0.0691905800758974+0i
3.92917864304077+0i,1.55965742901269+0i,-7.05195082495224+0i,-7.56635761391083+0i,-0,0,-0.0705558063470282+0i,-0.0708652114278978+0i
3.90548329230114+0i,1.55964356907727+0i,-7.12416584366424+0i,-7.63553124380277+0i,-0,0,-0.0722150187119925+0i,-0.0691736298919362+0i
3.92894179917996+0i,1.55963260441865+0i,-7.19473843202246+0i,-7.70637974253365+0i,-0,0,-0.0705725883582285+0i,-0.0708484987308837+0i
3.90524856739525+0i,1.55961862070873+0i,-7.2669696855187+0i,-7.77553641985668+0i,0,-0,-0.0722312534962383+0i,-0.0691566773230334+0i
3.92870497637378+0i,1.55960766954195+0i,-7.33755905043803+0i,-7.84636820340254+0i,0,-0,-0.0705893649193215+0i,-0.0708317835458551+0i
3.9050138622225+0i,1.55959356124498+0i,-7.40980653337453+0i,-7.9155079257721+0i,0,0,-0.0722474829365034+0i,-0.0691397223695587+0i
3.92846817460824+0i,1.55958262364782+0i,-7.48041266940594+0i,-7.98632299164592+0i,-0,-0,-0.0706061360314128+0i,-0.0708150658738212+0i
3.9047791767616+0i,1.55956838994401+0i,-7.55267637644031+0i,-8.05544575667779+0i,-0,0,-0.072263707034368+0i,-0.0691227650318694+0i
3.92823139386927+0i,1.55955746599502+0i,-7.62329927813592+0i,-8.12624410239357+0i,0,-0,-0.0706229016956137+0i,-0.0707983457157841+0i
3.90454451099115+0i,1.55954310605722+0i,-7.69557920392734+0i,-8.19534990770388+0i,-0,-0,-0.0722799257914215+0i,-0.0691058053103109+0i
3.9279946341427+0i,1.5595321958357+0i,-7.76621886584038+0i,-8.26613153077662+0i,0,0,-0.0706396619130408+0i,-0.0707816230727389+0i
3.90430986488957+0i,1.55951770882935+0i,-7.83851500504965+0i,-8.33522037398184+0i,-0,0,-0.0722961392092626+0i,-0.069088843205216+0i
3.92775789541431+0i,1.55950681241534+0i,-7.90917142173446+0i,-8.40598527192751+0i,0,0,-0.0706564166848161+0i,-0.0707648979456739+0i
3.90407523843515+0i,1.55949219749836+0i,-7.98148376902396+0i,-8.47505715064442+0i,-0,-0,-0.0723123472894991+0i,-0.0690718787169053+0i
3.92752117766977+0i,1.55948131497269+0i,-8.05215693503603+0i,-8.54580532097999+0i,0,0,-0.0706731660120672+0i,-0.0707481703355697+0i
3.90384063160603+0i,1.55946657129541+0i,-8.12448548506978+0i,-8.61486023282567+0i,0,0,-0.0723285500337486+0i,-0.0690549118456865+0i
3.92728448089469+0i,1.55945570273969+0i,-8.19517539496571+0i,-8.68559167306907+0i,0,-0,-0.0706899098959272+0i,-0.0707314402434002+0i
3.90360604438019+0i,1.55944082944478+0i,-8.26752014240934+0i,-8.75462961566093+0i,0,0,-0.072344747443638+0i,-0.0690379425918548+0i
3.92704780507458+0i,1.55942997494139+0i,-8.33822679074688+0i,-8.82534432333106+0i,-0,-0,-0.0707066483375349+0i,-0.0707147076701317+0i
3.90337147673547+0i,1.55941497116373+0i,-8.41058773026768+0i,-8.89436529428675+0i,-0,-0,-0.072360939520804+0i,-0.0690209709556925+0i
3.92681115019487+0i,1.55940413079588+0i,-8.48131111160572+0i,-8.96506326690348+0i,0,0,-0.0707233813380345+0i,-0.0706979726167233+0i
3.90313692864955+0i,1.55938899566251+0i,-8.55368823787261+0i,-9.03406726384095+0i,0,0,-0.0723771262668929+0i,-0.069003996937469+0i
3.9265745162409+0i,1.55937816951419+0i,-8.62442834677119+0i,-9.10474849892507+0i,-0,-0,-0.0707401088985762+0i,-0.0706812350841266+0i
3.90290240009993+0i,1.55936290214422+0i,-8.69682165445475+0i,-9.17373551946251+0i,-0,0,-0.0723933076835611+0i,-0.0689870205374406+0i
3.92633790319793+0i,1.55935209030025+0i,-8.76757848547506+0i,-9.2444000145358+0i,-0,0,-0.070756831020316+0i,-0.070664495073286+0i
3.902667891064+0i,1.55933668980474+0i,-8.83998796924754+0i,-9.31337005629165+0i,-0,-0,-0.0724094837724747+0i,-0.0689700417558502+0i
3.92610131105113+0i,1.55932589235078+0i,-8.91076151695195+0i,-9.38401780887679+0i,-0,-0,-0.0707735477044152+0i,-0.0706477525851379+0i
3.90243340151895+0i,1.55931035783267+0i,-8.98318717148726+0i,-9.45297086946972+0i,0,-0,-0.0724256545353098+0i,-0.0689530605929277+0i
3.92586473978558+0i,1.5592995748552+0i,-9.05397743043931+0i,-9.52360187709033+0i,-0,0,-0.0707902589520416+0i,-0.0706310076206116+0i
3.90219893144182+0i,1.55928390540922+0i,-9.12641925041306+0i,-9.59253795413922+0i,-0,-0,-0.0724418199737527+0i,-0.0689360770488893+0i
3.92562818938628+0i,1.55927313699559+0i,-9.19722621517743+0i,-9.66315221431985+0i,-0,-0,-0.0708069647643684+0i,-0.0706142601806285+0i
3.9019644808095+0i,1.55925733170816+0i,-9.26968419526693+0i,-9.73207130544378+0i,0,-0,-0.0724579800895+0i,-0.0689190911239376+0i
3.92539165983813+0i,1.55924657794655+0i,-9.3405078604095+0i,-9.80266881570989+0i,-0,0,-0.070823665142575+0i,-0.0705975102661022+0i
3.90173004959871+0i,1.55923063589568+0i,-9.41298199529376+0i,-9.87157091852815+0i,0,-0,-0.0724741348842586+0i,-0.0689021028182616+0i
3.92515515112594+0i,1.55921989687517+0i,-9.48382235538161+0i,-9.94215167640609+0i,-0,-0,-0.0708403600878467+0i,-0.0705807578779388+0i
3.90149563778599+0i,1.55920381713038+0i,-9.55631263974135+0i,-10.0110367885381+0i,-0,-0,-0.0724902843597456+0i,-0.0688851121320364+0i
3.92491866323444+0i,1.55919309294092+0i,-9.62716968934273+0i,-10.0816007915552+0i,0,-0,-0.070857049601375+0i,-0.0705640030170361+0i
3.90126124534772+0i,1.55917687456311+0i,-9.69967611786041+0i,-10.1504689106206+0i,0,-0,-0.072506428517689+0i,-0.0688681190654229+0i
3.92468219614824+0i,1.55916616529554+0i,-9.77054985154477+0i,-10.2210161563049+0i,-0,0,-0.0708737336843574+0i,-0.0705472456842844+0i
3.90102687226013+0i,1.55914980733692+0i,-9.8430724189046+0i,-10.2898672799234+0i,0,-0,-0.0725225673598272+0i,-0.068851123618568+0i
3.9244457498519+0i,1.559139113083+0i,-9.9139628312426+0i,-10.360397765804+0i,0,0,-0.0708904123379975+0i,-0.0705304858805658+0i
3.90079251849925+0i,1.55912261458698+0i,-9.98650153213051+0i,-10.4292318915956+0i,0,-0,-0.0725387008879094+0i,-0.0688341257916044+0i
3.92420932432985+0i,1.55911193543936+0i,-10.057408617694+0i,-10.4997456152024+0i,-0,-0,-0.0709070855635053+0i,-0.0705137236067543+0i
3.90055818404096+0i,1.55909529544046+0i,-10.1299634467977+0i,-10.568562740787+0i,-0,-0,-0.0725548291036956+0i,-0.0688171255846502+0i
3.92397291956644+0i,1.55908463149273+0i,-10.2008872001598+0i,-10.6390596996507+0i,0,0,-0.0709237533620969+0i,-0.0704969588637158+0i
3.90032386886094+0i,1.55906784901644+0i,-10.2734581521688+0i,-10.7078598226485+0i,0,0,-0.072570952008957+0i,-0.0688001229978091+0i
3.92373653554592+0i,1.55905720036313+0i,-10.3443985679038+0i,-10.7783400143008+0i,0,0,-0.0709404157349949+0i,-0.0704801916523082+0i
3.90008957293472+0i,1.55904027442585+0i,-10.4169856375092+0i,-10.847123132332+0i,-0,0,-0.0725870696054755+0i,-0.0687831180311699+0i
3.92350017225244+0i,1.55902964116243+0i,-10.4879427101927+0i,-10.9175865543054+0i,-0,0,-0.0709570726834281+0i,-0.0704634219733807+0i
3.89985529623763+0i,1.55901257077133+0i,-10.5605458920877+0i,-10.9863526649902+0i,-0,-0,-0.0726031818950445+0i,-0.0687661106848067+0i
3.92326382967006+0i,1.55900195299425+0i,-10.6315196162963+0i,-11.056799314818+0i,0,-0,-0.0709737242086318+0i,-0.0704466498277745+0i
3.94690662059529+0i,1.55898473714718+0i,-10.7008081046789+0i,-11.1289041369706+0i,0,-0,-0.0692884883825291+0i,-0.0721048221526419+0i
3.92302729475631+0i,1.55897403669717+0i,-10.7717984899941+0i,-11.1993339970641+0i,-0,0,-0.0709903853152714+0i,-0.0704298600934951+0i
3.94666799998137+0i,1.55895677225053+0i,-10.8411041821008+0i,-11.2714222835025+0i,0,-0,-0.0693056921066585+0i,-0.0720882864383462+0i
3.92279077952048+0i,1.55894595389237+0i,-10.9121112231653+0i,-11.3418353513185+0i,-0,0,-0.071007041064504+0i,-0.0704130678160229+0i
3.94642940056499+0i,1.55892867506927+0i,-10.9814341135221+0i,-11.4139070994073+0i,-0,0,-0.0693228903567917+0i,-0.0720717480888332+0i
3.92255428393914+0i,1.55891773798024+0i,-11.0524578049801+0i,-11.4843033724029+0i,0,-0,-0.071023691458038+0i,-0.0703962729956169+0i
3.9461908223319+0i,1.55890044466304+0i,-11.1217978881142+0i,-11.5563585795081+0i,-0,-0,-0.0693400831340285+0i,-0.0720552071051497+0i
3.92231780798871+0i,1.5588893880126+0i,-11.1928382246117+0i,-11.6267380551406+0i,0,0,-0.0710403364975929+0i,-0.0703794756325221+0i
3.94595226526777+0i,1.55887208008256+0i,-11.2621954950512+0i,-11.6987767186289+0i,0,-0,-0.069357270439474+0i,-0.0720386634883356+0i
3.92208135164542+0i,1.55886090303224+0i,-11.3332524712361+0i,-11.7691393943559+0i,-0,-0,-0.0710569761848992+0i,-0.0703626757269695+0i
3.94571372935818+0i,1.55884358036954+0i,-11.4026269235104+0i,-11.8411615115953+0i,0,-0,-0.0693744522742395+0i,-0.0720221172394235+0i
3.92184491488532+0i,1.55883228207285+0i,-11.4737005340321+0i,-11.9115073848745+0i,-0,0,-0.071073610521699+0i,-0.0703458732791756+0i
3.94547521458861+0i,1.55881494455653+0i,-11.5430921626715+0i,-11.9835129532339+0i,0,-0,-0.0693916286394418+0i,-0.0720055683594387+0i
3.92160849768431+0i,1.55880352415889+0i,-11.6141824021812+0i,-12.0538420215233+0i,-0,-0,-0.0710902395097454+0i,-0.0703290682893428+0i
3.94523672094449+0i,1.55878617166687+0i,-11.6835912017174+0i,-12.1258310383727+0i,0,-0,-0.0694087995362034+0i,-0.0719890168493996+0i
3.9213721000181+0i,1.55877462830546+0i,-11.7546980648683+0i,-12.1961432991304+0i,-0,-0,-0.0711068631508029+0i,-0.0703122607576587+0i
3.94499824841113+0i,1.55875726071453+0i,-11.8241240298339+0i,-12.2681157618407+0i,-0,-0,-0.0694259649656528+0i,-0.0719724627103169+0i
3.9211357218622+0i,1.55874559351823+0i,-11.8952475112806+0i,-12.338411212525+0i,-0,-0,-0.0711234814466478+0i,-0.0702954506842964+0i
3.94475979697379+0i,1.558728210704+0i,-11.9646906362095+0i,-12.4103671184682+0i,0,-0,-0.0694431249289243+0i,-0.0719559059431942+0i
3.92089936319198+0i,1.55871641879329+0i,-12.0358307306085+0i,-12.4806457565376+0i,-0,0,-0.071140094399068+0i,-0.0702786380694141+0i
3.9445213666176+0i,1.55869902063023+0i,-12.1052910100357+0i,-12.5525851030866+0i,0,-0,-0.0694602794271583+0i,-0.0719393465490276+0i
3.92066302398259+0i,1.55868710311707+0i,-12.1764477120456+0i,-12.6228469259998+0i,0,0,-0.0711567020098631+0i,-0.070261822913155+0i
3.94428295732763+0i,1.55866968947844+0i,-12.2459251405071+0i,-12.6947697105286+0i,0,0,-0.069477428461501+0i,-0.0719227845288057+0i
3.92042670420902+0i,1.55865764546618+0i,-12.3170984447879+0i,-12.7650147157442+0i,0,0,-0.0711733042808448+0i,-0.0702450052156471+0i
3.94404456908887+0i,1.55864021622406+0i,-12.386593016821+0i,-12.8369209356277+0i,0,0,-0.0694945720331047+0i,-0.0719062198835095+0i
3.92019040384605+0i,1.55862804480734+0i,-12.4577829180349+0i,-12.9071491206047+0i,0,0,-0.0711899012138368+0i,-0.0702281849770031+0i
3.94380620188619+0i,1.55861059983258+0i,-12.527294628178+0i,-12.9790387732188+0i,-0,0,-0.069511710143128+0i,-0.0718896526141124+0i
3.9199541228683+0i,1.5585983000972+0i,-12.5985011209887+0i,-13.0492501354162+0i,0,0,-0.0712064928106749+0i,-0.0702113621973204+0i
3.94356785570439+0i,1.55858083925945+0i,-12.6680299637814+0i,-13.1211232181377+0i,0,-0,-0.0695288427927354+0i,-0.07187308272158+0i
3.91971786125017+0i,1.55856841028228+0i,-12.7392530428546+0i,-13.1913177550144+0i,0,-0,-0.0712230790732073+0i,-0.0701945368766805+0i
3.94332953052817+0i,1.55855093344995+0i,-12.8087990128377+0i,-13.2631742652213+0i,0,0,-0.0695459699830978+0i,-0.0718565102068704+0i
3.91948161896588+0i,1.55853837429882+0i,-12.880038672841+0i,-13.3333519742364+0i,-0,0,-0.0712396600032947+0i,-0.0701777090151493+0i
3.94309122634214+0i,1.55852088133904+0i,-12.9496017645564+0i,-13.4051919093074+0i,0,0,-0.0695630917153921+0i,-0.0718399350709335+0i
3.91924539598945+0i,1.55850819107264+0i,-13.0208580001592+0i,-13.4753527879201+0i,0,0,-0.0712562356028103+0i,-0.0701608786127767+0i
3.94285294313083+0i,1.55849068185129+0i,-13.09043820815+0i,-13.5471761452349+0i,-0,-0,-0.0695802079908019+0i,-0.0718233573147117+0i
3.91900919229471+0i,1.55847785951903+0i,-13.1617110140236+0i,-13.6173201909045+0i,-0,0,-0.0712728058736399+0i,-0.0701440456695965+0i
3.94261468087865+0i,1.5584603339007+0i,-13.2313083328342+0i,-13.6891269678436+0i,0,-0,-0.0695973188105168+0i,-0.0718067769391392+0i
3.91877300785529+0i,1.55844737854263+0i,-13.3025977036518+0i,-13.7592541780292+0i,-0,0,-0.0712893708176824+0i,-0.070127210185626+0i
3.94237643956994+0i,1.55842983639061+0i,-13.3722121278276+0i,-13.8310443719744+0i,0,-0,-0.0696144241757331+0i,-0.0717901939451421+0i
3.91853684264461+0i,1.55841674703725+0i,-13.4435180582644+0i,-13.9011547441352+0i,-0,-0,-0.0713059304368494+0i,-0.0701103721608664+0i
3.94213821918892+0i,1.55839918821353+0i,-13.5131495823521+0i,-13.9729283524689+0i,-0,-0,-0.0696315240876534+0i,-0.0717736083336385+0i
3.91830069663589+0i,1.55838596388582+0i,-13.5844720670851+0i,-14.0430218840642+0i,-0,-0,-0.0713224847330658+0i,-0.0700935315953019+0i
3.94190001971974+0i,1.55836838825103+0i,-13.6541206856326+0i,-14.1147789041697+0i,0,0,-0.069648618547487+0i,-0.0717570201055384+0i
3.91806456980214+0i,1.55835502796018+0i,-13.7254597193409+0i,-14.1848555926586+0i,-0,-0,-0.0713390337082698+0i,-0.0700766884889001+0i
3.94166184114643+0i,1.55833743537361+0i,-13.7951254268973+0i,-14.2565960219203+0i,0,-0,-0.0696657075564498+0i,-0.0717404292617434+0i
3.91782846211618+0i,1.55832393812096+0i,-13.8664810042618+0i,-14.326655864762+0i,0,-0,-0.0713555773644128+0i,-0.0700598428416115+0i
3.94142368345293+0i,1.55830632844057+0i,-13.9361637953775+0i,-14.3983797005651+0i,0,0,-0.0696827911157642+0i,-0.0717238358031469+0i
3.91759237355058+0i,1.55829269321749+0i,-14.007535911081+0i,-14.4684226952185+0i,-0,0,-0.0713721157034598+0i,-0.0700429946533695+0i
3.94118554662309+0i,1.55827506629981+0i,-14.0772357803076+0i,-14.5401299349491+0i,-0,0,-0.0696998692266595+0i,-0.0717072397306337+0i
3.91735630407773+0i,1.55826129208758+0i,-14.148624429035+0i,-14.6101560788732+0i,-0,-0,-0.0713886487273896+0i,-0.0700261439240901+0i
3.94094743064063+0i,1.55824364778778+0i,-14.2183413709254+0i,-14.6818467199183+0i,0,-0,-0.0697169418903716+0i,-0.0716906410450803+0i
3.9171202536698+0i,1.55822973355744+0i,-14.2897465473636+0i,-14.751856010572+0i,-0,0,-0.0714051764381949+0i,-0.0700092906536715+0i
3.9407093354892+0i,1.55821207172927+0i,-14.3594805564717+0i,-14.8235300503193+0i,0,0,-0.0697340091081435+0i,-0.0716740397473546+0i
3.91688422229873+0i,1.5581980164415+0i,-14.4309022553096+0i,-14.8935224851613+0i,0,0,-0.0714216988378822+0i,-0.0699924348419946+0i
3.94047126115234+0i,1.55818033693727+0i,-14.5006533261908+0i,-14.9651799209996+0i,-0,-0,-0.0697510708812249+0i,-0.0716574358383158+0i
3.91664820993624+0i,1.55816613954229+0i,-14.5720915421193+0i,-15.0351554974885+0i,-0,0,-0.0714382159284722+0i,-0.0699755764889221+0i
3.94023320761347+0i,1.55814844221286+0i,-14.6418596693302+0i,-15.1067963268074+0i,0,0,-0.0697681272108725+0i,-0.0716408293188146+0i
3.91641221655384+0i,1.55813410165026+0i,-14.7133143970422+0i,-15.1767550424017+0i,0,0,-0.0714547277119999+0i,-0.0699587155942985+0i
3.93999517485593+0i,1.55811638634504+0i,-14.7830995751405+0i,-15.2483792625913+0i,-0,-0,-0.0697851780983501+0i,-0.0716242201896925+0i
3.91617624212281+0i,1.55810190154364+0i,-14.8545708093311+0i,-15.3183211147493+0i,-0,-0,-0.0714712341905149+0i,-0.0699418521579502+0i
3.93975716286293+0i,1.55808416811054+0i,-14.924373032876+0i,-15.3899287232011+0i,-0,-0,-0.0698022235449286+0i,-0.0716076084517827+0i
3.91594028661418+0i,1.5580695379883+0i,-14.9958607682421+0i,-15.4598537093808+0i,-0,-0,-0.0714877353660813+0i,-0.069924986179685+0i
3.93951917161759+0i,1.55805178627374+0i,-15.065680031794+0i,-15.5314447034867+0i,0,0,-0.069819263551886+0i,-0.071590994105909+0i
3.91570434999879+0i,1.55803700973757+0i,-15.1371842630347+0i,-15.601352821146+0i,-0,-0,-0.0715042312407778+0i,-0.0699081176592917+0i
3.93928120110291+0i,1.55801923958644+0i,-15.2070205611552+0i,-15.6729271982989+0i,-0,-0,-0.0698362981205075+0i,-0.0715743771528862+0i
3.9154684322472+0i,1.5580043155321+0i,-15.2785412829719+0i,-15.7428184448954+0i,-0,0,-0.0715207218166984+0i,-0.0698912465965405+0i
3.9390432513018+0i,1.55798652678776+0i,-15.348394610224+0i,-15.8143762024889+0i,-0,0,-0.0698533272520858+0i,-0.0715577575935203+0i
3.91523253332978+0i,1.55797145409969+0i,-15.41993181732+0i,-15.8842505754801+0i,0,-0,-0.071537207095952+0i,-0.0698743729911824+0i
3.93880532219703+0i,1.55795364660393+0i,-15.4898021682679+0i,-15.9557917109087+0i,-0,-0,-0.0698703509479208+0i,-0.0715411354286077+0i
3.91499665321661+0i,1.55793842415511+0i,-15.5613558553486+0i,-16.0256492077517+0i,0,-0,-0.0715536870806627+0i,-0.0698574968429488+0i
3.9385674137713+0i,1.55792059774817+0i,-15.6312432245579+0i,-16.0971737184106+0i,0,0,-0.0698873692093198+0i,-0.0715245106589358+0i
3.91476079187759+0i,1.55790522439998+0i,-15.7028133863308+0i,-16.1670143365621+0i,-0,-0,-0.0715701617729703+0i,-0.0698406181515518+0i
3.93832952600716+0i,1.55788737892046+0i,-15.7727177683684+0i,-16.2385222198474+0i,0,-0,-0.0699043820375976+0i,-0.0715078832852826+0i
3.91452494928231+0i,1.55787185352255+0i,-15.8443043995435+0i,-16.3083459567641+0i,-0,-0,-0.07158663117503+0i,-0.0698237369166835+0i
3.93809165888706+0i,1.55785398880746+0i,-15.9142257889776+0i,-16.3798372100725+0i,-0,0,-0.0699213894340768+0i,-0.0714912533084165+0i
3.91428912540017+0i,1.55783831019754+0i,-15.9858288842666+0i,-16.4496440632105+0i,-0,0,-0.0716030952890128+0i,-0.0698068531380161+0i
3.93785381239334+0i,1.55782042608226+0i,-16.0557672756667+0i,-16.5211186839396+0i,-0,-0,-0.0699383914000874+0i,-0.0714746207290965+0i
3.91405332020027+0i,1.557804593086+0i,-16.1273868297838+0i,-16.5909086507548+0i,-0,-0,-0.0716195541171059+0i,-0.0697899668152016+0i
3.93761598650823+0i,1.55778668940423+0i,-16.1973422177207+0i,-16.6623666363029+0i,-0,0,-0.0699553879369672+0i,-0.0714579855480717+0i
3.9138175336515+0i,1.55777070083508+0i,-16.2689782253822+0i,-16.7321397142508+0i,-0,-0,-0.0716360076615125+0i,-0.0697730779478713+0i
3.93737818121383+0i,1.55775277741887+0i,-16.3389506044283+0i,-16.8035810620169+0i,0,-0,-0.0699723790460618+0i,-0.0714413477660819+0i
3.91358176572247+0i,1.55773663207791+0i,-16.4106030603528+0i,-16.8733372485525+0i,-0,-0,-0.071652455924452+0i,-0.0697561865356361+0i
3.93714039649212+0i,1.55771868875758+0i,-16.4805924250815+0i,-16.9447619559363+0i,0,0,-0.0699893647287246+0i,-0.0714247073838567+0i
3.91334601638153+0i,1.55770238543336+0i,-16.5522613239896+0i,-17.0145012485144+0i,0,0,-0.0716688989081607+0i,-0.0697392925780857+0i
3.93690263232497+0i,1.55768442203752+0i,-16.622267668976+0i,-17.0859093129165+0i,0,0,-0.0700063449863172+0i,-0.071408064402116+0i
3.91311028559678+0i,1.55766795950589+0i,-16.6939530055908+0i,-17.1556317089913+0i,0,0,-0.0716853366148912+0i,-0.0697223960747889+0i
3.93666488869413+0i,1.55764997586141+0i,-16.7639763254111+0i,-17.2270231278129+0i,-0,-0,-0.0700233198202087+0i,-0.0713914188215696+0i
3.91287457333604+0i,1.55763335288534+0i,-16.835678094458+0i,-17.2967286248382+0i,-0,0,-0.0717017690469133+0i,-0.0697054970252928+0i
3.93642716558123+0i,1.55761534881733+0i,-16.9057183836897+0i,-17.3681033954811+0i,-0,-0,-0.0700402892317769+0i,-0.0713747706429172+0i
3.91263887956689+0i,1.55759856414677+0i,-16.9774365798963+0i,-17.4377919909102+0i,0,0,-0.0717181962065138+0i,-0.069688595429123+0i
3.93618946296777+0i,1.55758053947855+0i,-17.0474938331187+0i,-17.5091501107771+0i,0,-0,-0.0700572532224073+0i,-0.0713581198668484+0i
3.91240320425659+0i,1.55756359185022+0i,-17.1192284512147+0i,-17.5788218020629+0i,0,-0,-0.0717346180959968+0i,-0.0696716912857833+0i
3.93595178083513+0i,1.5575455464033+0i,-17.1893026630082+0i,-17.6501632685569+0i,0,0,-0.0700742117934939+0i,-0.0713414664940423+0i
3.91216754737218+0i,1.55752843454057+0i,-17.2610536977258+0i,-17.7198180531517+0i,0,-0,-0.0717510347176839+0i,-0.069654784594755+0i
3.93571411916456+0i,1.55751036813461+0i,-17.3311448626723+0i,-17.7911428636768+0i,0,-0,-0.0700911649464389+0i,-0.0713248105251679+0i
3.91193190888038+0i,1.55749309074728+0i,-17.4029123087462+0i,-17.8607807390323+0i,0,-0,-0.0717674460739143+0i,-0.0696378753554974+0i
3.93547647793719+0i,1.55747500320011+0i,-17.4730204214288+0i,-17.9320888909932+0i,-0,-0,-0.0701081126826529+0i,-0.0713081519608834+0i
3.91169628874766+0i,1.55745755898422+0i,-17.5448042735959+0i,-18.0017098545607+0i,0,0,-0.0717838521670455+0i,-0.0696209635674469+0i
3.93523885713402+0i,1.55743945011179+0i,-17.6149293285994+0i,-18.0730013453625+0i,-0,-0,-0.0701250550035552+0i,-0.0712914908018366+0i
3.91146068694017+0i,1.55742183774948+0i,-17.6867295815989+0i,-18.1426053945925+0i,0,-0,-0.0718002529994525+0i,-0.0696040492300168+0i
3.93500125673591+0i,1.55740370736581+0i,-17.7568715735095+0i,-18.2138802216412+0i,-0,0,-0.0701419919105735+0i,-0.0712748270486645+0i
3.91122510342381+0i,1.55738592552511+0i,-17.828688222083+0i,-18.2834673539838+0i,-0,-0,-0.0718166485735293+0i,-0.0695871323425976+0i
3.93476367672362+0i,1.55736777344231+0i,-17.8988471454882+0i,-18.3547255146858+0i,-0,0,-0.0701589234051442+0i,-0.0712581607019934+0i
3.91098953816415+0i,1.55734982077693+0i,-17.9706801843798+0i,-18.4242957275903+0i,0,0,-0.0718330388916879+0i,-0.069570212904556+0i
3.93452611707774+0i,1.55733164680516+0i,-18.0408560338686+0i,-18.4955372193528+0i,0,-0,-0.0701758494887123+0i,-0.0712414917624386+0i
3.91075399112651+0i,1.55731352195435+0i,-18.1127054578249+0i,-18.565090510268+0i,0,-0,-0.0718494239563593+0i,-0.0695532909152352+0i
3.93428857777876+0i,1.55729532590177+0i,-18.1828982279876+0i,-18.6363153304986+0i,0,0,-0.0701927701627319+0i,-0.0712248202306043+0i
3.91051846227587+0i,1.55727702749009+0i,-18.2547640317576+0i,-18.7058516968726+0i,0,0,-0.0718658037699936+0i,-0.0695363663739541+0i
3.934051058807+0i,1.55725880916287+0i,-18.3249737171863+0i,-18.7770598429796+0i,-0,0,-0.0702096854286657+0i,-0.0712081461070838+0i
3.91028295157693+0i,1.55724033579998+0i,-18.3968558955214+0i,-18.8465792822597+0i,-0,0,-0.0718821783350599+0i,-0.0695194392800075+0i
3.93381356014268+0i,1.55722209500227+0i,-18.4670824908093+0i,-18.9177707516521+0i,0,-0,-0.0702265952879859+0i,-0.0711914693924591+0i
3.91004745899408+0i,1.55720344528275+0i,-18.5389810384634+0i,-18.9872732612848+0i,-0,-0,-0.0718985476540469+0i,-0.0695025096326654+0i
3.93357608176585+0i,1.55718518181662+0i,-18.6092245382056+0i,-19.0584480513721+0i,0,-0,-0.0702434997421733+0i,-0.0711747900873006+0i
3.90981198449139+0i,1.55716635431977+0i,-18.681139449935+0i,-19.1279336288033+0i,-0,-0,-0.0719149117294629+0i,-0.0694855774311732+0i
3.93333862365645+0i,1.55714806798522+0i,-18.7513998487277+0i,-19.1990917369954+0i,0,0,-0.0702603987927181+0i,-0.0711581081921675+0i
3.90957652803264+0i,1.55712906127484+0i,-18.8233311192916+0i,-19.2685603796702+0i,-0,-0,-0.071931270563836+0i,-0.0694686426747509+0i
3.93310118579427+0i,1.55711075186976+0i,-18.8936084117327+0i,-19.3397018033778+0i,0,-0,-0.0702772924411197+0i,-0.0711414237076075+0i
3.90934108958126+0i,1.55709156449393+0i,-18.9655560358924+0i,-19.4091535087404+0i,-0,-0,-0.0719476241597147+0i,-0.069451705362593+0i
3.93286376815893+0i,1.55707323181406+0i,-19.0358502165813+0i,-19.4802782453745+0i,0,-0,-0.070294180688887+0i,-0.0711247366341563+0i
3.90910566910039+0i,1.55705386230494+0i,-19.107814189101+0i,-19.5497130108684+0i,-0,0,-0.0719639725196678+0i,-0.0694347654938684+0i
3.93262637072996+0i,1.55703550614386+0i,-19.1781252526385+0i,-19.6208210578407+0i,-0,0,-0.0703110635375384+0i,-0.0711080469723381+0i
3.90887026655283+0i,1.55701595301748+0i,-19.2501055682848+0i,-19.6902388809085+0i,-0,-0,-0.0719803156462846+0i,-0.0694178230677197+0i
3.9323889934867+0i,1.55699757316658+0i,-19.3204335092734+0i,-19.7613302356311+0i,-0,-0,-0.0703279409886016+0i,-0.0710913547226649+0i
3.90863488190106+0i,1.55697783492258+0i,-19.3924301628156+0i,-19.8307311137144+0i,-0,0,-0.0719966535421754+0i,-0.0694008780832632+0i
3.93215163640836+0i,1.55695943117102+0i,-19.4627749758592+0i,-19.9018057736+0i,0,0,-0.0703448130436142+0i,-0.071074659885637+0i
3.9083995151072+0i,1.55693950629246+0i,-19.5347879620692+0i,-19.9711897041396+0i,-0,0,-0.0720129862099717+0i,-0.0693839305395884+0i
3.931914299474+0i,1.55692107842714+0i,-19.6051496417733+0i,-20.0422476666014+0i,-0,-0,-0.0703616797041235+0i,-0.071057962461742+0i
3.90816416613306+0i,1.55690096538028+0i,-19.6771789554256+0i,-20.1116146470371+0i,-0,-0,-0.0720293136523263+0i,-0.0693669804357577+0i
3.93167698266253+0i,1.55688251318582+0i,-19.7475574963973+0i,-20.1826559094886+0i,0,0,-0.0703785409716866+0i,-0.0710412624514558+0i
3.90792883494011+0i,1.55686221041984+0i,-19.8196031322692+0i,-20.2520059372594+0i,-0,0,-0.0720456358719139+0i,-0.0693500277708063+0i
3.93143968595272+0i,1.55684373367854+0i,-19.8899985291171+0i,-20.3230304971146+0i,0,-0,-0.0703953968478707+0i,-0.0710245598552416+0i
3.90769352148945+0i,1.55682323962533+0i,-19.9620604819885+0i,-20.3923635696584+0i,0,0,-0.0720619528714306+0i,-0.0693330725437414+0i
3.93120240932317+0i,1.55680473811716+0i,-20.0324727293228+0i,-20.4633714243319+0i,0,-0,-0.070412247334253+0i,-0.0710078546735499+0i
3.90745822574185+0i,1.55678405119108+0i,-20.1045509939764+0i,-20.5326875390854+0i,-0,0,-0.0720782646535954+0i,-0.0693161147535424+0i
3.93096515275233+0i,1.55676552469362+0i,-20.1749800864088+0i,-20.6036786859923+0i,0,-0,-0.0704290924324207+0i,-0.0709911469068189+0i
3.90722294765772+0i,1.55674464329126+0i,-20.2470746576299+0i,-20.6729778403914+0i,0,-0,-0.0720945712211492+0i,-0.0692991543991602+0i
3.9307279162185+0i,1.55672609157968+0i,-20.3175205897739+0i,-20.7439522769469+0i,-0,0,-0.0704459321439716+0i,-0.0709744365554736+0i
3.90698768719711+0i,1.5567050140796+0i,-20.3896314623508+0i,-20.8132344684264+0i,-0,-0,-0.072110872576856+0i,-0.0692821914795169+0i
3.93049069969982+0i,1.55668643692663+0i,-20.4600942288213+0i,-20.8841921920463+0i,-0,0,-0.0704627664705136+0i,-0.0709577236199264+0i
3.90675244431971+0i,1.5566651616891+0i,-20.5322213975448+0i,-20.9534574180399+0i,-0,-0,-0.0721271687235026+0i,-0.0692652259935055+0i
3.93025350317426+0i,1.556646558865+0i,-20.6027009929584+0i,-21.0243984261404+0i,0,0,-0.0704795954136652+0i,-0.0709410081005765+0i
3.90651721898483+0i,1.55662508423175+0i,-20.6748444526223+0i,-21.0936466840804+0i,-0,-0,-0.0721434596638994+0i,-0.0692482579399895+0i
3.93001632661964+0i,1.55660645550428+0i,-20.7453408715974+0i,-21.1645709740782+0i,-0,0,-0.0704964189750556+0i,-0.0709242899978098+0i
3.90628201115142+0i,1.55658477979824+0i,-20.8175006169983+0i,-21.233802261396+0i,0,0,-0.0721597454008802+0i,-0.0692312873178027+0i
3.92977917001361+0i,1.5565661249326+0i,-20.8880138541546+0i,-21.304709830708+0i,-0,0,-0.0705132371563246+0i,-0.0709075693119989+0i
3.90604682077805+0i,1.55654424645765+0i,-20.9601898800919+0i,-21.3739241448338+0i,0,-0,-0.0721760259373028+0i,-0.0692143141257485+0i
3.92954203333367+0i,1.55652556521646+0i,-21.030719930051+0i,-21.4448149908773+0i,0,0,-0.0705300499591227+0i,-0.0708908460435031+0i
3.9058116478229+0i,1.55650348225711+0i,-21.1029122313271+0i,-21.5140123292399+0i,-0,0,-0.0721923012760493+0i,-0.0691973383625999+0i
3.92930491655713+0i,1.55648477440041+0i,-21.1734590887122+0i,-21.5848864494325+0i,-0,0,-0.0705468573851116+0i,-0.0708741201926678+0i
3.90557649224377+0i,1.55646248522157+0i,-21.2456676601322+0i,-21.6540668094596+0i,0,0,-0.0722085714200261+0i,-0.0691803600270987+0i
3.92906781966114+0i,1.55644375050672+0i,-21.3162313195682+0i,-21.7249242012195+0i,0,0,-0.0705636594359639+0i,-0.0708573917598249+0i
3.90534135399807+0i,1.55642125335341+0i,-21.3884561559403+0i,-21.7940875803374+0i,0,-0,-0.0722248363721645+0i,-0.0691633791179556+0i
3.9288307426227+0i,1.5564024915351+0i,-21.4590366120537+0i,-21.8649282410827+0i,-0,-0,-0.0705804561133635+0i,-0.0708406607452921+0i
3.90510623304279+0i,1.55637978463213+0i,-21.5312777081891+0i,-21.9340746367166+0i,0,-0,-0.0722410961354213+0i,-0.0691463956338494+0i
3.92859368541859+0i,1.55636099546233+0i,-21.6018749556081+0i,-22.0048985638659+0i,0,-0,-0.0705972474190053+0i,-0.0708239271493734+0i
3.90487112933455+0i,1.55633807701408+0i,-21.6741323063209+0i,-22.0740279734394+0i,-0,0,-0.0722573507127782+0i,-0.0691294095734266+0i
3.92835664802548+0i,1.556319260242+0i,-21.7447463396755+0i,-22.1448351644117+0i,-0,0,-0.070614033354596+0i,-0.0708071909723582+0i
3.90463604282954+0i,1.55629612843203+0i,-21.8170199397827+0i,-22.213947585347+0i,0,0,-0.0722736001072432+0i,-0.0691124209353015+0i
3.9281196304198+0i,1.55627728380409+0i,-21.8876507537046+0i,-22.2847380375615+0i,0,0,-0.0706308139218536+0i,-0.0707904522145218+0i
3.90440097348355+0i,1.55625393679493+0i,-21.9599405980264+0i,-22.3538334672796+0i,0,-0,-0.0722898443218502+0i,-0.0690954297180549+0i
3.92788263257783+0i,1.5562350640547+0i,-22.030588187149+0i,-22.4246071781557+0i,-0,0,-0.0706475891225078+0i,-0.0707737108761249+0i
3.90416592125193+0i,1.5562114999875+0i,-22.1028942705086+0i,-22.493685614076+0i,-0,-0,-0.0723060833596595+0i,-0.0690784359202347+0i
3.92764565447569+0i,1.55619259887569+0i,-22.1735586294669+0i,-22.5644425810334+0i,-0,-0,-0.0706643589583001+0i,-0.0707569669574135+0i
3.90393088608964+0i,1.55616881586989+0i,-22.2458809466907+0i,-22.6335040205737+0i,0,-0,-0.0723223172237584+0i,-0.0690614395403546+0i
3.92740869608929+0i,1.55614988612429+0i,-22.3165620701217+0i,-22.7042442410323+0i,0,-0,-0.070681123430984+0i,-0.0707402204586189+0i
3.90369586795117+0i,1.55612588227735+0i,-22.3889006160389+0i,-22.7732886816092+0i,0,0,-0.0723385459172613+0i,-0.0690444405768942+0i
3.92717175739435+0i,1.5561069236328+0i,-22.4595984985812+0i,-22.8440121529892+0i,-0,0,-0.0706978825423249+0i,-0.0707234713799572+0i
3.90346086679061+0i,1.55608269701985+0i,-22.5319532680246+0i,-22.9130395920175+0i,-0,-0,-0.07235476944331+0i,-0.0690274390282984+0i
3.92693483836643+0i,1.55606370920819+0i,-22.6026679043187+0i,-22.9837463117391+0i,0,0,-0.0707146362941005+0i,-0.0707067197216296+0i
3.90322588256159+0i,1.5560392578817+0i,-22.6750388921237+0i,-23.0527567466321+0i,-0,0,-0.0723709878050743+0i,-0.0690104348929768+0i
3.92669793898088+0i,1.55602024063173+0i,-22.7457702768118+0i,-23.1234467121159+0i,-0,-0,-0.0707313846881007+0i,-0.0706899654838218+0i
3.90299091521729+0i,1.55599556262119+0i,-22.8181574778176+0i,-23.1924401402852+0i,-0,-0,-0.0723872010057522+0i,-0.0689934281693034+0i
3.92646105921287+0i,1.55597651565863+0i,-22.8889056055437+0i,-23.2631133489519+0i,0,-0,-0.070748127726128+0i,-0.070673208666704+0i
3.90275596471045+0i,1.55595160897021+0i,-22.9613090145923+0i,-23.3320897678076+0i,-0,0,-0.0724034090485704+0i,-0.0689764188556161+0i
3.92622419903738+0i,1.55593253201765+0i,-23.0320738800023+0i,-23.402746217078+0i,0,0,-0.0707648654099973+0i,-0.0706564492704308+0i
3.90252103099334+0i,1.55590739463383+0i,-23.1044934919391+0i,-23.4717056240282+0i,-0,-0,-0.0724196119367843+0i,-0.0689594069502165+0i
3.92598735842917+0i,1.55588828741071+0i,-23.1752750896806+0i,-23.5423453113233+0i,-0,-0,-0.0707815977415364+0i,-0.0706396872951411+0i
3.90228611401777+0i,1.55586291728995+0i,-23.2477108993543+0i,-23.6112877037747+0i,0,0,-0.0724358096736791+0i,-0.0689423924513687+0i
3.92575053736283+0i,1.55584377951249+0i,-23.3185092240769+0i,-23.6819106265157+0i,-0,0,-0.0707983247225859+0i,-0.0706229227409577+0i
3.90205121373509+0i,1.55581817458888+0i,-23.3909612263394+0i,-23.750836001873+0i,0,0,-0.0724520022625693+0i,-0.0689253753572997+0i
3.92551373581274+0i,1.55579900597002+0i,-23.4617762726944+0i,-23.821442157481+0i,0,0,-0.0708150463549993+0i,-0.0706061556079872+0i
3.90181633009614+0i,1.5557731641529+0i,-23.5342444624012+0i,-23.8903505131472+0i,-0,-0,-0.0724681897068+0i,-0.068908355666198+0i
3.92527695375308+0i,1.5557539644023+0i,-23.6050762250419+0i,-23.9609398990435+0i,-0,-0,-0.0708317626406435+0i,-0.0705893858963197+0i
3.90158146305131+0i,1.55572788357589+0i,-23.6775605970516+0i,-24.0298312324197+0i,0,-0,-0.0724843720097465+0i,-0.0688913333762141+0i
3.92504019115782+0i,1.55570865239985+0i,-23.748409070633+0i,-24.1004038460257+0i,-0,0,-0.0708484735813985+0i,-0.070572613606029+0i
3.90134661255047+0i,1.55568233042286+0i,-23.8209096198078+0i,-24.1692781545112+0i,0,0,-0.0725005491748155+0i,-0.068874308485459+0i
3.92480344800073+0i,1.55566306752427+0i,-23.891774798987+0i,-24.2398339932484+0i,-0,-0,-0.0708651791791579+0i,-0.0705558387371722+0i
3.90111177854302+0i,1.55563650222957+0i,-23.9642915201924+0i,-24.3086912742404+0i,0,-0,-0.0725167212054445+0i,-0.0688572809920043+0i
3.92456672425537+0i,1.55561720730788+0i,-24.0351733996283+0i,-24.3792303355301+0i,0,-0,-0.0708818794358287+0i,-0.0705390612897893+0i
3.90087696097784+0i,1.55559039650203+0i,-24.1077062877334+0i,-24.448070586424+0i,-0,-0,-0.0725328881051033+0i,-0.0688402508938816+0i
3.92433001989509+0i,1.55557106925318+0i,-24.1786048620867+0i,-24.5185928676879+0i,-0,0,-0.0708985743533319+0i,-0.0705222812639032+0i
3.9006421598033+0i,1.55554401071609+0i,-24.251153911964+0i,-24.587416085877+0i,0,-0,-0.0725490498772938+0i,-0.0688232181890817+0i
3.924093334893+0i,1.55552465083249+0i,-24.3220691758976+0i,-24.6579215845365+0i,0,-0,-0.0709152639336021+0i,-0.0705054986595198+0i
3.90040737496724+0i,1.55549734231698+0i,-24.3946343824231+0i,-24.7267277674121+0i,0,0,-0.0725652065255504+0i,-0.0688061828755542+0i
3.92385666922204+0i,1.55547794948742+0i,-24.4655663306017+0i,-24.7972164808887+0i,0,-0,-0.0709319481785885+0i,-0.0704887134766271+0i
3.90017260641701+0i,1.55545038871884+0i,-24.5381476886552+0i,-24.8660056258399+0i,-0,0,-0.072581358053441+0i,-0.0687891449512072+0i
3.9236200228549+0i,1.55543096262847+0i,-24.6090963157454+0i,-24.9364775515551+0i,0,0,-0.0709486270902541+0i,-0.0704719257151958+0i
3.89993785409939+0i,1.55540314730424+0i,-24.68169382021+0i,-25.005249655969+0i,-0,-0,-0.0725975044645668+0i,-0.0687721044139061+0i
3.92338339576404+0i,1.55538368763449+0i,-24.7526591208806+0i,-25.0757047913442+0i,0,0,-0.0709653006705763+0i,-0.0704551353751783+0i
3.94706367356744+0i,1.55535561542371+0i,-24.821936284132+0i,-25.1478204945706+0i,-0,-0,-0.069277163251428+0i,-0.0721157032263778+0i
3.92314639745822+0i,1.55533606264484+0i,-24.8929182805571+0i,-25.2182588093112+0i,0,-0,-0.070981996425144+0i,-0.0704383147406357+0i
3.94682478353336+0i,1.55530778994391+0i,-24.9622126695544+0i,-25.2903579608561+0i,-0,0,-0.0692943889972957+0i,-0.0720991515448793+0i
3.92290941597332+0i,1.55528802752972+0i,-25.0332113565627+0i,-25.3607794522001+0i,-0,-0,-0.0709986870082259+0i,-0.0704214913439638+0i
3.94658591345525+0i,1.55525966778024+0i,-25.1025229659128+0i,-25.432862049332+0i,-0,0,-0.0693116093501615+0i,-0.072082597131975+0i
3.92267245125864+0i,1.55523969379365+0i,-25.1735383383361+0i,-25.5032667145154+0i,0,-0,-0.0710153724233048+0i,-0.0704046651833479+0i
3.94634706330958+0i,1.55521124616384+0i,-25.2428671626479+0i,-25.5753327545034+0i,-0,0,-0.0693288243117303+0i,-0.0720660399880085+0i
3.92243550326292+0i,1.55519105864357+0i,-25.3138992153218+0i,-25.6457205907603+0i,0,0,-0.0710320526738967+0i,-0.0703878362569327+0i
3.94610823307264+0i,1.55516252229133+0i,-25.3832452492055+0i,-25.7177700708736+0i,-0,0,-0.0693460338837187+0i,-0.0720494801133092+0i
3.92219857193443+0i,1.55514211925152+0i,-25.454293976969+0i,-25.7881410754365+0i,0,-0,-0.0710487277635511+0i,-0.0703710045628226+0i
3.94586942272053+0i,1.55511349332422+0i,-25.5236572150369+0i,-25.8601739929446+0i,-0,0,-0.0693632380678548+0i,-0.0720329175081927+0i
3.92196165722087+0i,1.55509287275404+0i,-25.5947226127327+0i,-25.9305281630437+0i,-0,0,-0.0710653976958522+0i,-0.0703541700990806+0i
3.94563063222919+0i,1.55506415638841+0i,-25.6641030495986+0i,-26.0025445152167+0i,0,-0,-0.0693804368658787+0i,-0.0720163521729601+0i
3.92172475906942+0i,1.55504331625169+0i,-25.735185112073+0i,-26.0728818480804+0i,0,0,-0.0710820624744184+0i,-0.070337332863728+0i
3.94539186157437+0i,1.55501450857363+0i,-25.8045827423526+0i,-26.1448816321883+0i,0,-0,-0.0693976302795424+0i,-0.0719997841078981+0i
3.92148787742671+0i,1.5549934468084+0i,-25.8756814644555+0i,-26.2152021250431+0i,0,-0,-0.0710987221029039+0i,-0.0703204928547436+0i
3.94515311073165+0i,1.55496454693282+0i,-25.9450962827661+0i,-26.2871853383563+0i,0,0,-0.06941481831061+0i,-0.0719832133132789+0i
3.92125101223885+0i,1.55494326145098+0i,-26.0162116593511+0i,-26.3574889884264+0i,-0,-0,-0.0711153765849981+0i,-0.0703036500700633+0i
3.94491437967642+0i,1.55491426848161+0i,-26.0856436603119+0i,-26.4294556282158+0i,-0,-0,-0.0694320009608576+0i,-0.0719666397893598+0i
3.92101416345134+0i,1.55489275716844+0i,-26.1567756862364+0i,-26.4997424327233+0i,0,0,-0.0711320259244268+0i,-0.0702868045075793+0i
3.94467566838388+0i,1.55486367019767+0i,-26.2262248644684+0i,-26.5716924962597+0i,-0,-0,-0.0694491782320739+0i,-0.0719500635363836+0i
3.92077733100915+0i,1.55484193091145+0i,-26.2973735345934+0i,-26.6419624524249+0i,-0,-0,-0.0711486701249526+0i,-0.0702699561651398+0i
3.94443697682904+0i,1.55481274902014+0i,-26.3668398847195+0i,-26.7138959369794+0i,0,-0,-0.0694663501260599+0i,-0.0719334845545777+0i
3.92054051485667+0i,1.55479077959173+0i,-26.4380051939098+0i,-26.78414904202+0i,-0,-0,-0.0711653091903753+0i,-0.0702531050405481+0i
3.94419830498674+0i,1.55476150184903+0i,-26.5074887105545+0i,-26.8560659448641+0i,-0,0,-0.0694835166446291+0i,-0.0719169028441545+0i
3.92030371493769+0i,1.55473930008138+0i,-26.578670653679+0i,-26.9263021959957+0i,0,-0,-0.0711819431245324+0i,-0.0702362511315619+0i
3.94395965283162+0i,1.55470992554454+0i,-26.6481713314686+0i,-26.998202514401+0i,0,-0,-0.069500677789608+0i,-0.0719003184053109+0i
3.92006693119543+0i,1.55468748921229+0i,-26.7193699033999+0i,-27.0684219088369+0i,-0,0,-0.0711985719312997+0i,-0.0702193944358931+0i
3.94372102033812+0i,1.55465801692647+0i,-26.7888877369627+0i,-27.1403056400751+0i,-0,0,-0.0695178335628356+0i,-0.0718837312382286+0i
3.91983016357249+0i,1.55463534377544+0i,-26.8601029325773+0i,-27.2105081750263+0i,0,0,-0.071215195614592+0i,-0.0702025349512067+0i
3.94348240748048+0i,1.55460577277354+0i,-26.9296379165435+0i,-27.2823753163694+0i,0,-0,-0.0695349839661642+0i,-0.0718671413430734+0i
3.91959341201088+0i,1.55458286052031+0i,-27.0008697307219+0i,-27.3525609890445+0i,0,-0,-0.0712318141783634+0i,-0.0701856726751202+0i
3.94324381423276+0i,1.55455318982273+0i,-27.0704218597233+0i,-27.4244115377645+0i,-0,0,-0.0695521290014591+0i,-0.0718505487199952+0i
3.91935667645198+0i,1.55453003615416+0i,-27.1416702873499+0i,-27.4945803453697+0i,-0,0,-0.0712484276266079+0i,-0.0701688076052032+0i
3.94300524056881+0i,1.55450026476861+0i,-27.2112395560205+0i,-27.5664142987389+0i,-0,-0,-0.0695692686705986+0i,-0.0718339533691281+0i
3.91911995683653+0i,1.55447686734132+0i,-27.2825045919839+0i,-27.6365662384778+0i,-0,0,-0.0712650359633603+0i,-0.0701519397389763+0i
3.94276668646227+0i,1.55444699426264+0i,-27.3520909949594+0i,-27.7083835937684+0i,0,-0,-0.0695864029754749+0i,-0.0718173552905899+0i
3.91888325310468+0i,1.55442335070255+0i,-27.423372634152+0i,-27.7785186628423+0i,-0,-0,-0.0712816391926965+0i,-0.0701350690739108+0i
3.9425281518866+0i,1.55439337491249+0i,-27.49297616607+0i,-27.8503194173268+0i,-0,0,-0.0696035319179934+0i,-0.0718007544844821+0i
3.91864656519588+0i,1.5543694828143+0i,-27.5642744033888+0i,-27.9204376129342+0i,-0,0,-0.0712982373187339+0i,-0.0701181956074277+0i
3.94228963681502+0i,1.55433940328127+0i,-27.6338950588889+0i,-27.9922217638851+0i,0,0,-0.0696206555000732+0i,-0.0717841509508898+0i
3.91840989304895+0i,1.55431526020795+0i,-27.7052098892345+0i,-28.062323083222+0i,0,-0,-0.0713148303456327+0i,-0.0701013193368971+0i
3.94205114122057+0i,1.55428507588686+0i,-27.7748476629581+0i,-28.1340906279119+0i,0,0,-0.0696377737236474+0i,-0.0717675446898812+0i
3.91817323660206+0i,1.55426067936912+0i,-27.8461790812357+0i,-28.2041750681716+0i,0,0,-0.0713314182775957+0i,-0.0700844402596374+0i
3.94181266507607+0i,1.55423038920111+0i,-27.9158339678264+0i,-28.2759260038731+0i,0,0,-0.069654886590663+0i,-0.0717509357015076+0i
3.91793659579267+0i,1.55420573673688+0i,-27.9871819689453+0i,-28.345993562246+0i,0,-0,-0.0713480011188696+0i,-0.0700675583729145+0i
3.94157420835411+0i,1.55417533964912+0i,-28.0568539630483+0i,-28.4177278862318+0i,0,-0,-0.0696719941030811+0i,-0.0717343239858036+0i
3.9176999705576+0i,1.55415042870298+0i,-28.1282185419221+0i,-28.4877785599057+0i,-0,0,-0.0713645788737452+0i,-0.0700506736739413+0i
3.94133577102709+0i,1.55411992360843+0i,-28.197907638185+0i,-28.5594962694485+0i,-0,-0,-0.0696890962628772+0i,-0.0717177095427862+0i
3.91746336083293+0i,1.55409475161107+0i,-28.2692887897315+0i,-28.6295300556084+0i,-0,0,-0.0713811515465583+0i,-0.0700337861598763+0i
3.94109735306718+0i,1.55406413740824+0i,-28.3389949828036+0i,-28.7012311479808+0i,0,0,-0.0697061930720411+0i,-0.0717010923724551+0i
3.91722676655406+0i,1.55403870175589+0i,-28.4103927019452+0i,-28.7712480438087+0i,-0,-0,-0.0713977191416904+0i,-0.0700168958278236+0i
3.94085895444632+0i,1.55400797732862+0i,-28.4801159864778+0i,-28.8429325162835+0i,0,0,-0.0697232845325773+0i,-0.0716844724747924+0i
3.91699018765568+0i,1.55398227538248+0i,-28.5515302681414+0i,-28.9129325189583+0i,-0,-0,-0.0714142816635691+0i,-0.0700000026748316+0i
3.94062057513624+0i,1.55395143959965+0i,-28.6212706387879+0i,-28.984600368808+0i,0,0,-0.0697403706465051+0i,-0.0716678498497624+0i
3.91675362407173+0i,1.55392546868528+0i,-28.6927014779046+0i,-29.0545834755059+0i,-0,-0,-0.0714308391166691+0i,-0.069983106697892+0i
3.94038221510844+0i,1.55389452040062+0i,-28.7624589293204+0i,-29.1262347000033+0i,0,-0,-0.0697574514158587+0i,-0.0716512244973114+0i
3.91651707573543+0i,1.55386827780734+0i,-28.8339063208259+0i,-29.1962009078972+0i,-0,-0,-0.0714473915055128+0i,-0.0699662078939396+0i
3.94014387433419+0i,1.55383721585912+0i,-28.9036808476686+0i,-29.2678355043146+0i,0,-0,-0.0697745268426873+0i,-0.0716345964173674+0i
3.91628054257925+0i,1.55381069883942+0i,-28.9751447865033+0i,-29.3377848105744+0i,-0,-0,-0.0714639388346709+0i,-0.0699493062598509+0i
3.93990555278454+0i,1.55377952205022+0i,-29.0449363834324+0i,-29.4094027761843+0i,-0,0,-0.0697915969290555+0i,-0.0716179656098402+0i
3.91604402453488+0i,1.55375272781909+0i,-29.1164168645411+0i,-29.4793351779767+0i,-0,0,-0.0714804811087634+0i,-0.0699324017924432+0i
3.93966725043028+0i,1.55372143499554+0i,-29.1862255262182+0i,-29.5509365100513+0i,-0,-0,-0.0698086616770432+0i,-0.0716013320746208+0i
3.91580752153327+0i,1.55369436072986+0i,-29.2577225445506+0i,-29.6208520045398+0i,-0,0,-0.0714970183324602+0i,-0.069915494488474+0i
3.93942896724198+0i,1.55366295066234+0i,-29.3275482656394+0i,-29.6924367003514+0i,-0,0,-0.0698257210887459+0i,-0.0715846958115816+0i
3.91557103350456+0i,1.55363559350022+0i,-29.3990618161499+0i,-29.762335284696+0i,-0,0,-0.0715135505104817+0i,-0.0698985843446402+0i
3.93919070318998+0i,1.55360406496261+0i,-29.4689045913161+0i,-29.8339033415166+0i,-0,0,-0.069842775166275+0i,-0.0715680568205758+0i
3.91533456037811+0i,1.55357642200273+0i,-29.5404346689637+0i,-29.9037850128742+0i,-0,0,-0.0715300776475999+0i,-0.0698816713575765+0i
3.93895245824437+0i,1.5535447737521+0i,-29.6102944928755+0i,-29.9753364279756+0i,-0,-0,-0.0698598239117577+0i,-0.0715514151014375+0i
3.91509810208246+0i,1.553516842053+0i,-29.6818410926241+0i,-30.0452011834995+0i,0,-0,-0.0715465997486389+0i,-0.0698647555238553+0i
3.93871423237499+0i,1.55348507282936+0i,-29.7517179599515+0i,-30.1167359541534+0i,-0,-0,-0.0698768673273374+0i,-0.0715347706539812+0i
3.91486165854533+0i,1.55345684940879+0i,-29.8232810767699+0i,-30.1865837909934+0i,0,-0,-0.071563116818476+0i,-0.069847836839985+0i
3.93847602555143+0i,1.55342495793476+0i,-29.8931749821851+0i,-30.2581019144714+0i,0,-0,-0.0698939054151738+0i,-0.071518123478002+0i
3.91462522969361+0i,1.55339643976892+0i,-29.9647546110472+0i,-30.3279328297738+0i,-0,-0,-0.0715796288620422+0i,-0.0698309153024096+0i
3.93823783774305+0i,1.55336442474945+0i,-30.0346655492246+0i,-30.3994343033471+0i,-0,-0,-0.0699109381774431+0i,-0.0715014735732749+0i
3.91438881545334+0i,1.55333560877231+0i,-30.1062616851089+0i,-30.4692482942546+0i,0,0,-0.0715961358843234+0i,-0.0698139909075073+0i
3.93799966891893+0i,1.55330346889436+0i,-30.1761896507253+0i,-30.5407331151942+0i,0,0,-0.0699279656163381+0i,-0.071484820939555+0i
3.91415241574971+0i,1.55327435199689+0i,-30.2478022886156+0i,-30.6105301788458+0i,-0,0,-0.0716126378903609+0i,-0.0697970636515896+0i
3.93776151904792+0i,1.55324208592913+0i,-30.3177472763497+0i,-30.6819983444223+0i,-0,0,-0.0699449877340685+0i,-0.0714681655765768+0i
3.91391603050702+0i,1.55321266495855+0i,-30.3893764112349+0i,-30.7517784779532+0i,-0,0,-0.0716291348852526+0i,-0.0697801335309004+0i
3.93752338809858+0i,1.55318027135105+0i,-30.4593384157678+0i,-30.8232299854373+0i,0,-0,-0.0699620045328612+0i,-0.0714515074840546+0i
3.9136796596487+0i,1.55315054311007+0i,-30.530984042642+0i,-30.8929931859789+0i,0,-0,-0.0716456268741535+0i,-0.0697632005416149+0i
3.93728527603924+0i,1.55311802059394+0i,-30.6009630586569+0i,-30.9644280326406+0i,-0,-0,-0.06997901601496+0i,-0.0714348466616817+0i
3.91344330309725+0i,1.55308798183997+0i,-30.6726251725192+0i,-31.0341742973204+0i,-0,0,-0.0716621138622771+0i,-0.0697462646798381+0i
3.93704718283795+0i,1.55305532902705+0i,-30.7426211947018+0i,-31.1055924804296+0i,-0,0,-0.0699960221826264+0i,-0.0714181831091303+0i
3.91320696077429+0i,1.55302497647137+0i,-30.8142997905567+0i,-31.1753218063712+0i,0,-0,-0.071678595854896+0i,-0.0697293259416043+0i
3.93680910846249+0i,1.55299219195389+0i,-30.8843128135949+0i,-31.2467233231972+0i,0,0,-0.0700130230381396+0i,-0.0714015168260516+0i
3.91297063260048+0i,1.55296152226088+0i,-30.9560078864522+0i,-31.3164357075201+0i,-0,-0,-0.0716950728573427+0i,-0.0697123843228757+0i
3.93657105288037+0i,1.55292860461111+0i,-31.026037905036+0i,-31.3878205553322+0i,-0,-0,-0.0700300185837964+0i,-0.0713848478120751+0i
3.91273431849554+0i,1.55289761439736+0i,-31.097749449911+0i,-31.4575159951517+0i,-0,0,-0.071711544875011+0i,-0.0696954398195412+0i
3.93633301605882+0i,1.55286456216725+0i,-31.1677964587329+0i,-31.5288841712185+0i,0,-0,-0.0700470088219118+0i,-0.0713681760668087+0i
3.91249801837824+0i,1.55283324800072+0i,-31.2395244706463+0i,-31.5985626636459+0i,0,-0,-0.0717280119133568+0i,-0.0696784924274152+0i
3.93609499796481+0i,1.55280005972154+0i,-31.3095884644011+0i,-31.6699141652358+0i,0,0,-0.0700639937548191+0i,-0.0713515015898381+0i
3.91226173216637+0i,1.5527684181207+0i,-31.381332938379+0i,-31.739575707378+0i,0,-0,-0.0717444739778988+0i,-0.0696615421422366+0i
3.935856998565+0i,1.55273509230268+0i,-31.4514139117639+0i,-31.8109105317587+0i,0,0,-0.0700809733848699+0i,-0.071334824380727+0i
3.91202545977671+0i,1.55270311973559+0i,-31.5231748428381+0i,-31.8805551207184+0i,-0,-0,-0.0717609310742201+0i,-0.0696445889596675+0i
3.9356190178258+0i,1.55266965486753+0i,-31.5932727905525+0i,-31.9518732651574+0i,0,0,-0.0700979477144346+0i,-0.0713181444390163+0i
3.91178920112505+0i,1.55263734775093+0i,-31.6650501737605+0i,-32.0215008980327+0i,0,0,-0.0717773832079686+0i,-0.0696276328752919+0i
3.9353810557133+0i,1.55260374229982+0i,-31.7351650905064+0i,-32.0928023597969+0i,0,-0,-0.0701149167459025+0i,-0.0713014617642245+0i
3.91155295612615+0i,1.55257109699823+0i,-31.8069589208912+0i,-32.1624130336815+0i,-0,-0,-0.0717938303848587+0i,-0.0696106738846144+0i
3.93514311219333+0i,1.55253734940884+0i,-31.8770908013729+0i,-32.2336978100374+0i,-0,0,-0.0701318804816818+0i,-0.0712847763558468+0i
3.91131672469373+0i,1.55250436223355+0i,-31.9489010739836+0i,-32.3032915220204+0i,0,-0,-0.0718102726106718+0i,-0.0695937119830592+0i
3.93490518723138+0i,1.55247047092807+0i,-32.0190499129078+0i,-32.3745596102338+0i,0,-0,-0.0701488389242004+0i,-0.0712680882133552+0i
3.91108050674043+0i,1.55243713813619+0i,-32.0908766227991+0i,-32.4441363573998+0i,-0,-0,-0.0718267098912579+0i,-0.0695767471659683+0i
3.9346672807927+0i,1.55240310151376+0i,-32.161042414875+0i,-32.515387754736+0i,-0,0,-0.0701657920759056+0i,-0.0712513973361982+0i
3.91084430217784+0i,1.55236941930725+0i,-32.2328855571075+0i,-32.5849475341646+0i,-0,0,-0.0718431422325364+0i,-0.0695597794286004+0i
3.93442939284219+0i,1.55233523574359+0i,-32.3030682970468+0i,-32.6561822378884+0i,-0,0,-0.0701827399392643+0i,-0.0712347037238002+0i
3.91060811091645+0i,1.55230120026817+0i,-32.3749278666873+0i,-32.7257250466545+0i,-0,-0,-0.0718595696404975+0i,-0.0695428087661297+0i
3.93419152334446+0i,1.55226686811512+0i,-32.445127549204+0i,-32.7969430540301+0i,-0,0,-0.0701996825167637+0i,-0.0712180073755618+0i
3.91037193286561+0i,1.55223247545932+0i,-32.5170035413252+0i,-32.8664688892037+0i,-0,0,-0.071875992121203+0i,-0.0695258351736444+0i
3.93395367226382+0i,1.55219799304439+0i,-32.5872201611361+0i,-32.9376701974946+0i,0,-0,-0.0702166198109111+0i,-0.0712013082908591+0i
3.91013576793357+0i,1.55216323923842+0i,-32.6591125708169+0i,-33.0071790561407+0i,0,0,-0.071892409680788+0i,-0.0695088586461448+0i
3.93371583956426+0i,1.55212860486438+0i,-32.7293461226412+0i,-33.0783636626098+0i,0,0,-0.0702335518242344+0i,-0.0711846064690434+0i
3.90989961602741+0i,1.55209348587904+0i,-32.8012549449666+0i,-33.1478555417883+0i,-0,0,-0.0719088223254618+0i,-0.0694918791785426+0i
3.93347802520945+0i,1.55205869782343+0i,-32.8715054235259+0i,-33.2190234436977+0i,0,0,-0.0702504785592822+0i,-0.0711679019094412+0i
3.90966347705304+0i,1.55202320956903+0i,-32.9434306535874+0i,-33.2884983404634+0i,0,0,-0.0719252300615091+0i,-0.0694748967656591+0i
3.93324022916274+0i,1.55198826608372+0i,-33.013698053606+0i,-33.3596495350748+0i,-0,0,-0.0702674000186239+0i,-0.0711511946113534+0i
3.9094273509152+0i,1.55195240440891+0i,-33.0856396865013+0i,-33.429107446477+0i,0,0,-0.0719416328952916+0i,-0.0694579114022233+0i
3.93300245138715+0i,1.55191730371957+0i,-33.1559240027062+0i,-33.500241931051+0i,0,-0,-0.0702843162048506+0i,-0.0711344845740558+0i
3.90919123751739+0i,1.5518810644102+0i,-33.2278820335394+0i,-33.5696828541339+0i,0,0,-0.0719580308332491+0i,-0.0694409230828708+0i
3.9327646918454+0i,1.55184580471585+0i,-33.29818326066+0i,-33.6408006259307+0i,-0,-0,-0.0703012271205743+0i,-0.0711177717967979+0i
3.90895513676188+0i,1.55180918349377+0i,-33.3701576845419+0i,-33.7102245577329+0i,-0,0,-0.0719744238819007+0i,-0.0694239318021422+0i
3.93252695049984+0i,1.55177376296628+0i,-33.4404758173103+0i,-33.7813256140117+0i,0,0,-0.0703181327684293+0i,-0.0711010562788032+0i
3.90871904854972+0i,1.55173675548812+0i,-33.5124666293582+0i,-33.8507325515661+0i,-0,-0,-0.0719908120478464+0i,-0.0694069375544812+0i
3.9322892273125+0i,1.55170117227166+0i,-33.5828016625092+0i,-33.9218168895854+0i,0,-0,-0.0703350331510716+0i,-0.0710843380192688+0i
3.90848297278065+0i,1.55166377412757+0i,-33.654808857847+0i,-33.9912068299196+0i,0,0,-0.0720071953377685+0i,-0.0693899403342333+0i
3.93205152224508+0i,1.55162802633813+0i,-33.7251607861182+0i,-34.062274446937+0i,0,-0,-0.0703519282711794+0i,-0.0710676170173648+0i
3.90824690935313+0i,1.55159023305052+0i,-33.7971843598766+0i,-34.1316473870726+0i,-0,-0,-0.0720235737584327+0i,-0.0693729401356437+0i
3.93181383525891+0i,1.55155431877535+0i,-33.8675531780081+0i,-34.2026982803449+0i,-0,0,-0.0703688181314536+0i,-0.0710508932722342+0i
3.9080108581643+0i,1.55151612579758+0i,-33.9395931253248+0i,-34.2720542172977+0i,0,-0,-0.07203994731669+0i,-0.069355936952856+0i
3.93157616631499+0i,1.55148004309463+0i,-34.0099788280594+0i,-34.3430883840807+0i,-0,-0,-0.0703857027346179+0i,-0.0710341667829926+0i
3.90777481910994+0i,1.5514414458097+0i,-34.0820351440789+0i,-34.4124273148606+0i,0,0,-0.0720563160194778+0i,-0.0693389307799099+0i
3.93133851537397+0i,1.55140519270707+0i,-34.1524377261623+0i,-34.4834447524094+0i,-0,0,-0.070402582083419+0i,-0.0710174375487278+0i
3.90753879208449+0i,1.55136618642621+0i,-34.2245104060361+0i,-34.5527666740201+0i,-0,0,-0.0720726798738218+0i,-0.0693219216107402+0i
3.93110088239612+0i,1.55132976092159+0i,-34.2949298622167+0i,-34.6237673795886+0i,-0,-0,-0.0704194561806272+0i,-0.0710007055684993+0i
3.90730277698099+0i,1.55129034088289+0i,-34.3670189011036+0i,-34.6930722890278+0i,0,-0,-0.072089038886837+0i,-0.0693049094391739+0i
3.93086326734137+0i,1.55125374094294+0i,-34.4374552261326+0i,-34.7640562598691+0i,-0,0,-0.0704363250290361+0i,-0.0709839708413385+0i
3.90706677369106+0i,1.55121390230993+0i,-34.5095606191983+0i,-34.833344154128+0i,0,0,-0.0721053930657299+0i,-0.0692878942589295+0i
3.93062567016927+0i,1.55117712586971+0i,-34.5800138078298+0i,-34.9043113874943+0i,0,-0,-0.0704531886314634+0i,-0.0709672333662475+0i
3.90683078210488+0i,1.55113686372985+0i,-34.6521355502476+0i,-34.9735822635579+0i,0,-0,-0.0721217424177996+0i,-0.069270876063614+0i
3.930388090839+0i,1.55109990869219+0i,-34.7226055972383+0i,-35.0445327567001+0i,0,0,-0.0704700469907512+0i,-0.0709504931421997+0i
3.90659480211117+0i,1.55105921805541+0i,-34.7947436841888+0i,-35.1137866115468+0i,0,0,-0.0721380869504398+0i,-0.0692538548467216+0i
3.93015052930938+0i,1.55102208229027+0i,-34.8652305842985+0i,-35.184720361715+0i,-0,-0,-0.0704869001097658+0i,-0.0709337501681386+0i
3.90635883359716+0i,1.55098095808745+0i,-34.9373850109697+0i,-35.2539571923166+0i,-0,-0,-0.0721544266711404+0i,-0.0692368306016316+0i
3.92991298553881+0i,1.55094363943129+0i,-35.0078887589611+0i,-35.3248741967596+0i,0,-0,-0.0705037479913986+0i,-0.070917004442978+0i
3.90612287644855+0i,1.55090207651263+0i,-35.0800595205486+0i,-35.3940940000812+0i,-0,0,-0.072170761587489+0i,-0.069219803321606+0i
3.92967545948536+0i,1.55086457276774+0i,-35.1505801111871+0i,-35.4649942560468+0i,-0,0,-0.070520590638566+0i,-0.0709002559656014+0i
3.90588693054952+0i,1.55082256590122+0i,-35.2227672028943+0i,-35.5341970290466+0i,0,0,-0.0721870917071731+0i,-0.0692027729997879+0i
3.92943795110666+0i,1.55078487483505+0i,-35.2933046309485+0i,-35.6050805337814+0i,0,0,-0.0705374280542099+0i,-0.0708835047348617+0i
3.90565099578265+0i,1.55074241870472+0i,-35.3655080479865+0i,-35.6742662734106+0i,-0,0,-0.0722034170379815+0i,-0.0691857396291991+0i
3.92920046035998+0i,1.5507045380492+0i,-35.4360623082278+0i,-35.7451330241602+0i,0,0,-0.0705542602412979+0i,-0.0708667507495808+0i
3.90541507202892+0i,1.55066162725354+0i,-35.5082820458156+0i,-35.8143017273629+0i,0,-0,-0.0722197375878062+0i,-0.0691687032027376+0i
3.92896298720216+0i,1.55062355470433+0i,-35.5788531330184+0i,-35.8851517213715+0i,0,0,-0.0705710872028237+0i,-0.0708499940085491+0i
3.90517915916768+0i,1.5505801837545+0i,-35.6510891863831+0i,-35.9543033850847+0i,-0,-0,-0.0722360533646447+0i,-0.0691516637131762+0i
3.92872553158966+0i,1.55054191697032+0i,-35.7216770953249+0i,-36.0251366195952+0i,0,0,-0.0705879089418074+0i,-0.0708332345105255+0i
3.90494325707665+0i,1.5504980802884+0i,-35.7939294597015+0i,-36.0942712407484+0i,0,0,-0.0722523643766013+0i,-0.0691346211531591+0i
3.92848809347851+0i,1.55045961689023+0i,-35.8645341851628+0i,-36.1650877130026+0i,-0,-0,-0.0706047254612959+0i,-0.0708164722542364+0i
3.9047073656318+0i,1.5504153088074+0i,-35.9368028557947+0i,-36.2342052885178+0i,-0,-0,-0.0722686706318896+0i,-0.0691175755152006+0i
3.92825067282434+0i,1.55037664637777+0i,-36.007424392559+0i,-36.3050049957562+0i,0,0,-0.0706215367643631+0i,-0.0707997072383758+0i
3.90447148470742+0i,1.55033186113245+0i,-36.0797093646979+0i,-36.3741055225479+0i,0,-0,-0.0722849721388342+0i,-0.069100526791682+0i
3.92801326958235+0i,1.55029299721463+0i,-36.150347707552+0i,-36.4448884620095+0i,0,0,-0.0706383428541101+0i,-0.0707829394616047+0i
3.90423561417603+0i,1.55024772895059+0i,-36.2226489764578+0i,-36.5139719369843+0i,-0,0,-0.0723012689058729+0i,-0.0690834749748495+0i
3.92777588370731+0i,1.5502086610478+0i,-36.2933041201915+0i,-36.5847381059069+0i,0,-0,-0.0706551437336661+0i,-0.0707661689225507+0i
3.90399975390836+0i,1.5501629038122+0i,-36.3656216811331+0i,-36.6538045259637+0i,-0,0,-0.0723175609415587+0i,-0.0690664200568116+0i
3.92753851515358+0i,1.5501236293868+0i,-36.4362936205393+0i,-36.7245539215835+0i,-0,0,-0.0706719394061883+0i,-0.0707493956198076+0i
3.90376390377332+0i,1.55007737712818+0i,-36.5086274687938+0i,-36.793603283613+0i,0,0,-0.0723338482545622+0i,-0.0690493620295363+0i
3.92730116387505+0i,1.55003789360081+0i,-36.5793161986687+0i,-36.8643359031649+0i,-0,0,-0.070688729874862+0i,-0.0707326195519351+0i
3.90352806363797+0i,1.54999114016709+0i,-36.6516663295224+0i,-36.9333682040498+0i,0,-0,-0.0723501308536735+0i,-0.0690323008848489+0i
3.92706382982519+0i,1.54995144491582+0i,-36.7223718446653+0i,-37.0040840447672+0i,-0,0,-0.0707055151429018+0i,-0.070715840717458+0i
3.90329223336746+0i,1.54990418405214+0i,-36.7947382534131+0i,-37.0730992813817+0i,0,0,-0.0723664087478048+0i,-0.0690152366144292+0i
3.92682651295702+0i,1.54986427441162+0i,-36.8654605486266+0i,-37.1437983404965+0i,-0,0,-0.0707222952135511+0i,-0.0706990591148661+0i
3.90305641282503+0i,1.54981649975822+0i,-36.9378432305726+0i,-37.2127965097063+0i,-0,-0,-0.0723826819459922+0i,-0.0689981692098083+0i
3.92658921322309+0i,1.54977637301873+0i,-37.0085823006627+0i,-37.283478784449+0i,-0,0,-0.0707390700900829+0i,-0.0706822747426137+0i
3.90282060187195+0i,1.54972807810875+0i,-37.0809812511201+0i,-37.3524598831113+0i,-0,-0,-0.0723989504573987+0i,-0.0689810986623664+0i
3.92635193057552+0i,1.54968773151531+0i,-37.1517370908959+0i,-37.4231253707105+0i,0,0,-0.0707558397758004+0i,-0.0706654875991192+0i
3.90258480036749+0i,1.54963890977249+0i,-37.2241523051872+0i,-37.4920893956738+0i,0,0,-0.0724152142913163+0i,-0.0689640249633296+0i
3.92611466496592+0i,1.54959834052389+0i,-37.2949249094612+0i,-37.5627380933565+0i,0,-0,-0.0707726042740367+0i,-0.0706486976827641+0i
3.90234900816887+0i,1.54954898526031+0i,-37.3673563829184+0i,-37.6316850414603+0i,0,-0,-0.0724314734571683+0i,-0.0689469481037669+0i
3.92587741634547+0i,1.54950819050816+0i,-37.4381457465066+0i,-37.7023169464522+0i,0,0,-0.0707893635881557+0i,-0.0706319049918937+0i
3.90211322513124+0i,1.54945829492181+0i,-37.5105934744711+0i,-37.7712468145268+0i,-0,0,-0.0724477279645122+0i,-0.0689298680745875+0i
3.92564018466485+0i,1.54941727176953+0i,-37.5813995921926+0i,-37.8418619240516+0i,-0,-0,-0.0708061177215524+0i,-0.0706151095248153+0i
3.90187745110762+0i,1.5493668289419+0i,-37.6538635700157+0i,-37.9107747089181+0i,0,-0,-0.0724639778230422+0i,-0.0689127848665373+0i
3.92540296987426+0i,1.54932557444369+0i,-37.7246864366933+0i,-37.9813730201979+0i,0,0,-0.0708228666776533+0i,-0.0705983112797986+0i
3.90164168594889+0i,1.54927457733724+0i,-37.7971666597359+0i,-38.0502687186681+0i,-0,0,-0.0724802230425916+0i,-0.068895698470196+0i
3.92516577192341+0i,1.54923308849707+0i,-37.8680062701958+0i,-38.1208502289232+0i,0,-0,-0.0708396104599167+0i,-0.070581510255075+0i
3.9014059295037+0i,1.54918152995269+0i,-37.940502733829+0i,-38.1897288377992+0i,0,-0,-0.072496463633136+0i,-0.0688786088759739+0i
3.92492859076151+0i,1.54913980372317+0i,-38.0113590829008+0i,-38.260293544248+0i,0,0,-0.0708563490718331+0i,-0.070564706448837+0i
3.90117018161847+0i,1.54908767645753+0i,-38.0838717825056+0i,-38.3291550603221+0i,-0,-0,-0.0725126996047957+0i,-0.0688615160741082+0i
3.92469142633726+0i,1.54904570973887+0i,-38.1547448650225+0i,-38.3997029601814+0i,-0,-0,-0.0708730825169259+0i,-0.0705478998592376+0i
3.90093444213731+0i,1.54899300634173+0i,-38.2272737959903+0i,-38.468547380236+0i,0,-0,-0.0725289309678386+0i,-0.0688444200546602+0i
3.92445427859888+0i,1.54895079598055+0i,-38.2981636067891+0i,-38.5390784707204+0i,0,0,-0.0708898107987513+0i,-0.0705310904843903+0i
3.90069871090201+0i,1.54889750891197+0i,-38.3707087645218+0i,-38.6079057915279+0i,-0,0,-0.0725451577326835+0i,-0.0688273208075112+0i
3.92421714749403+0i,1.54885505170019+0i,-38.4416152984427+0i,-38.6784200698503+0i,-0,-0,-0.0709065339208993+0i,-0.0705142783223679+0i
3.90046298775196+0i,1.5488011732877+0i,-38.5141766783526+0i,-38.7472302881727+0i,0,-0,-0.0725613799099027+0i,-0.0688102183223594+0i
3.92398003296987+0i,1.54875846596131+0i,-38.5850999302396+0i,-38.8177277515439+0i,0,0,-0.0709232518869937+0i,-0.0704974633712026+0i
3.90022727252414+0i,1.54870398839698+0i,-38.6576775277498+0i,-38.8865208641326+0i,-0,0,-0.0725775975102252+0i,-0.0687931125887159+0i
3.92374293497303+0i,1.54866102763485+0i,-38.7286174924505+0i,-38.9570015097615+0i,-0,-0,-0.0709399647006928+0i,-0.0704806456288849+0i
3.89999156505302+0i,1.54860594297229+0i,-38.801211302995+0i,-39.0257775133574+0i,0,-0,-0.07259381054454+0i,-0.0687760035959014+0i
3.92350585344961+0i,1.54856272539491+0i,-38.8721679753607+0i,-39.0962413384507+0i,-0,-0,-0.0709566723656897+0i,-0.0704638250933638+0i
3.89975586517057+0i,1.54850702554619+0i,-38.9447779943846+0i,-39.1650002297838+0i,-0,0,-0.072610019023899+0i,-0.0687588913330417+0i
3.92326878834513+0i,1.54846354771436+0i,-39.0157513692703+0i,-39.2354472315463+0i,-0,-0,-0.0709733748857129+0i,-0.0704470017625453+0i
3.94701740398412+0i,1.54840722444686+0i,-39.0850318692111+0i,-39.30755972927+0i,0,-0,-0.0692804999408094+0i,-0.072112497723706+0i
3.92303086215245+0i,1.54836322081705+0i,-39.1560220032747+0i,-39.3779898426139+0i,-0,0,-0.070990134063609+0i,-0.0704301133438732+0i
3.94677810551346+0i,1.54830652605147+0i,-39.2253197576422+0i,-39.4500857595554+0i,-0,-0,-0.0692977543674346+0i,-0.0720959169414655+0i
3.92279294442003+0i,1.54826199617107+0i,-39.2963266462693+0i,-39.5204989810943+0i,0,0,-0.0710068886271185+0i,-0.0704132215389694+0i
3.94653882468191+0i,1.54820491823265+0i,-39.3656416498237+0i,-39.5925783143477+0i,-0,-0,-0.0693150035543947+0i,-0.0720793332533969+0i
3.92255503498475+0i,1.54815985496624+0i,-39.4366652884109+0i,-39.6629746406854+0i,0,-0,-0.0710236385872064+0i,-0.0703963263376285+0i
3.94629956144846+0i,1.54810238861364+0i,-39.5059975359154+0i,-39.7350373873439+0i,0,-0,-0.0693322475045346+0i,-0.0720627466585194+0i
3.92231713368093+0i,1.54805678469571+0i,-39.5770379198704+0i,-39.8054168150733+0i,0,0,-0.0710403839550045+0i,-0.0703794277294547+0i
3.94606031577182+0i,1.54799892459211+0i,-39.6463874060912+0i,-39.8774629722292+0i,0,-0,-0.0693494862207183+0i,-0.072046157155829+0i
3.92207924034034+0i,1.54795277262406+0i,-39.717444530833+0i,-39.947825497933+0i,0,-0,-0.0710571247418151+0i,-0.0703625257038584+0i
3.9458210876104+0i,1.54789451333499+0i,-39.7868112505388+0i,-40.0198550626773+0i,0,0,-0.0693667197058284+0i,-0.0720295647442981+0i
3.92184135479211+0i,1.54784780578206+0i,-39.8578851114979+0i,-40.0902006829274+0i,-0,0,-0.0710738609591144+0i,-0.0703456202500517+0i
3.9455818769223+0i,1.54778914177314+0i,-39.9272690594607+0i,-40.1622136523502+0i,-0,0,-0.069383947962767+0i,-0.0720129694228757+0i
3.92160347686269+0i,1.54774187096131+0i,-39.9983596520792+0i,-40.2325423637073+0i,-0,0,-0.0710905926185559+0i,-0.0703287113570448+0i
3.94534268366536+0i,1.54768279659598+0i,-40.0677608230737+0i,-40.3045387348978+0i,0,-0,-0.0694011709944549+0i,-0.0719963711904873+0i
3.92136560637579+0i,1.54763495470868+0i,-40.1388681428057+0i,-40.3748505339114+0i,-0,-0,-0.0711073197319746+0i,-0.0703117990136416+0i
3.94510350779709+0i,1.54757546424578+0i,-40.2082865316095+0i,-40.4468303039575+0i,0,-0,-0.0694183888038319+0i,-0.0719797700460346+0i
3.92112774315233+0i,1.54752704332061+0i,-40.2794105739209+0i,-40.5171251871659+0i,-0,0,-0.0711240423113904+0i,-0.0702948832084352+0i
3.94486434927473+0i,1.54746713091198+0i,-40.3488461753147+0i,-40.5890883531543+0i,-0,-0,-0.0694356013938571+0i,-0.0719631659883957+0i
3.92088988701036+0i,1.54741812283729+0i,-40.4199869356837+0i,-40.6593663170841+0i,0,-0,-0.0711407603690123+0i,-0.0702779639298035+0i
3.94462520805521+0i,1.54735778252525+0i,-40.4894397444513+0i,-40.7313128761005+0i,-0,0,-0.0694528087675086+0i,-0.0719465590164247+0i
3.92065203776502+0i,1.54730817903661+0i,-40.5605972183685+0i,-40.8015739172664+0i,-0,-0,-0.0711574739172422+0i,-0.070261041165905+0i
3.94438608409516+0i,1.54724740475138+0i,-40.6300672292963+0i,-40.8735038663954+0i,-0,0,-0.0694700109277835+0i,-0.0719299491289521+0i
3.92041419522849+0i,1.54719719742796+0i,-40.7012414122649+0i,-40.9437479813+0i,0,-0,-0.0711741829686791+0i,-0.0702441149046737+0i
3.94414697735092+0i,1.54713598298504+0i,-40.7707286201426+0i,-41.0156613176248+0i,-0,-0,-0.069487207877698+0i,-0.0719133363247846+0i
3.92017635920987+0i,1.54708516324592+0i,-40.8419195076788+0i,-41.0858885027586+0i,-0,-0,-0.0711908875361233+0i,-0.0702271851338145+0i
3.94390788777854+0i,1.54702350234332+0i,-40.9114239072991+0i,-41.1577852233613+0i,-0,0,-0.0695043996202876+0i,-0.0718967206027045+0i
3.91993852951519+0i,1.54697206144367+0i,-40.9826314949316+0i,-41.2279954752021+0i,-0,-0,-0.0712075876325808+0i,-0.0702102518407983+0i
3.94366881533375+0i,1.54690994765914+0i,-41.0521530810902+0i,-41.2998755771636+0i,0,0,-0.0695215861586066+0i,-0.0718801019614708+0i
3.91970070594728+0i,1.54685787668627+0i,-41.1233773643615+0i,-41.3700688921765+0i,0,0,-0.0712242832712681+0i,-0.0701933150128569+0i
3.943429759972+0i,1.5467953034744+0i,-41.1929161318572+0i,-41.4419323725763+0i,0,0,-0.0695387674957285+0i,-0.0718634803998179+0i
3.91946288830572+0i,1.54674259334371+0i,-41.2641571063229+0i,-41.5121087472133+0i,0,-0,-0.0712409744656158+0i,-0.0701763746369779+0i
3.94319072164845+0i,1.54667955403299+0i,-41.3337130499576+0i,-41.5839556031297+0i,0,-0,-0.0695559436347456+0i,-0.0718468559164567+0i
3.9192250763868+0i,1.54662619548381+0i,-41.4049707111869+0i,-41.6541150338296+0i,0,-0,-0.0712576612292746+0i,-0.0701594306998991+0i
3.94295170031793+0i,1.54656268327356+0i,-41.4745438257657+0i,-41.7259452623397+0i,-0,-0,-0.0695731145787694+0i,-0.0718302285100739+0i
3.9189872699834+0i,1.5465086668649+0i,-41.5458181693418+0i,-41.7960877455278+0i,-0,0,-0.071274343576119+0i,-0.0701424831881032+0i
3.94271269593502+0i,1.5464446748221+0i,-41.6154084496727+0i,-41.8679013437071+0i,0,0,-0.06959028033093+0i,-0.0718135981793322+0i
3.91874946888495+0i,1.5463899909282+0i,-41.686699471193+0i,-41.9380268757949+0i,-0,-0,-0.071291021520253+0i,-0.0701255320878126+0i
3.94247370845395+0i,1.54632551198431+0i,-41.7563069120873+0i,-42.0098238407178+0i,0,-0,-0.0696074408943765+0i,-0.0717969649228704+0i
3.91851167287732+0i,1.5462701507901+0i,-41.8276146071633+0i,-42.0799324181028+0i,-0,-0,-0.0713076950760148+0i,-0.0701085773849826+0i
3.94223473782871+0i,1.5462051777377+0i,-41.8972392034356+0i,-42.1517127468421+0i,-0,0,-0.0696245962722767+0i,-0.0717803287393035+0i
3.91827388174277+0i,1.54614912923416+0i,-41.9685635676936+0i,-42.2218043659074+0i,-0,0,-0.0713243642579823+0i,-0.0700916190652967+0i
3.94199578401296+0i,1.54608365472352+0i,-42.0382053141614+0i,-42.2935680555346+0i,-0,-0,-0.0696417464678169+0i,-0.0717636896272225+0i
3.91803609525986+0i,1.54602690870284+0i,-42.1095463432424+0i,-42.3636427126488+0i,-0,-0,-0.0713410290809784+0i,-0.0700746571141593+0i
3.94175684696007+0i,1.5459609252384+0i,-42.1792052347266+0i,-42.435389760234+0i,-0,0,-0.069658891484202+0i,-0.0717470475851945+0i
3.91779831320336+0i,1.54590347128901+0i,-42.2505629242867+0i,-42.5054474517507+0i,0,0,-0.0713576895600764+0i,-0.0700576915166904+0i
3.94151792662314+0i,1.54583697122574+0i,-42.3202389556113+0i,-42.5771778543624+0i,-0,0,-0.0696760313246553+0i,-0.0717304026117632+0i
3.91756053534418+0i,1.54577879872724+0i,-42.3916133013219+0i,-42.6472185766201+0i,-0,-0,-0.071374345710606+0i,-0.0700407222577188+0i
3.94127902295495+0i,1.54571177426692+0i,-42.4613064673144+0i,-42.7189323313256+0i,-0,-0,-0.0696931659924183+0i,-0.0717137547054485+0i
3.91732276144925+0i,1.54565287238477+0i,-42.5326974648625+0i,-42.7889560806474+0i,0,-0,-0.0713909975481588+0i,-0.070023749321775+0i
3.94104013590802+0i,1.54558531557209+0i,-42.6024077603533+0i,-42.8606531845121+0i,0,0,-0.0697102954907505+0i,-0.0716971038647465+0i
3.91708499128146+0i,1.54552567325225+0i,-42.6738154054419+0i,-42.9306599572052+0i,-0,-0,-0.0714076450885945+0i,-0.0700067726930854+0i
3.94080126543457+0i,1.54545757597085+0i,-42.7435428252648+0i,-43.0023404072933+0i,0,0,-0.0697274198229295+0i,-0.0716804500881303+0i
3.91684722459957+0i,1.54539718193414+0i,-42.8149671136128+0i,-43.0723301996489+0i,0,-0,-0.0714242883480473+0i,-0.0699897923555642+0i
3.94056241148654+0i,1.54532853590254+0i,-42.8847116526051+0i,-43.1439939930229+0i,0,0,-0.0697445389922503+0i,-0.0716637933740496+0i
3.91660946115806+0i,1.54526737863891+0i,-42.956152579948+0i,-43.2139668013157+0i,-0,0,-0.0714409273429318+0i,-0.0699728082928071+0i
3.94032357401558+0i,1.54519817540626+0i,-43.02591423295+0i,-43.2856139350367+0i,-0,0,-0.0697616530020257+0i,-0.0716471337209309+0i
3.91637170070711+0i,1.54513624316883+0i,-43.09737179504+0i,-43.3555697555248+0i,-0,0,-0.07145756208995+0i,-0.0699558204880833+0i
3.94008475297308+0i,1.54506647411057+0i,-43.1671505568956+0i,-43.4272002266519+0i,-0,-0,-0.0697787618555856+0i,-0.071630471127178+0i
3.91613394299244+0i,1.54500375490955+0i,-43.2386247495017+0i,-43.4971390555763+0i,-0,0,-0.0714741926060978+0i,-0.0699388289243281+0i
3.93984594831014+0i,1.54493341122291+0i,-43.308420615058+0i,-43.5687528611674+0i,-0,-0,-0.0697958655562767+0i,-0.0716138055911718+0i
3.91589618775523+0i,1.54486989281924+0i,-43.3799114339666+0i,-43.6386746947516+0i,0,0,-0.0714908189086719+0i,-0.0699218335841351+0i
3.93960715997759+0i,1.54479896551864+0i,-43.4497243980741+0i,-43.7102718318628+0i,-0,-0,-0.0698129641074629+0i,-0.0715971371112707+0i
3.91565843473199+0i,1.54473463541753+0i,-43.5212318390894+0i,-43.7801766663126+0i,0,-0,-0.0715074410152771+0i,-0.0699048344497479+0i
3.93936838792601+0i,1.54466311532979+0i,-43.5910618966019+0i,-43.8517571319984+0i,0,-0,-0.0698300575125241+0i,-0.0715804656858111+0i
3.91542068365449+0i,1.54459796077396+0i,-43.6625859555457+0i,-43.9216449635015+0i,0,0,-0.0715240589438337+0i,-0.0698878315030521+0i
3.93912963210571+0i,1.54452583853337+0i,-43.7324331013206+0i,-43.9932087548146+0i,-0,0,-0.0698471457748564+0i,-0.0715637913131072+0i
3.91518293424961+0i,1.54445984649618+0i,-43.8039737740332+0i,-44.0630795795401+0i,0,0,-0.0715406727125848+0i,-0.0698708247255664+0i
3.93889089246671+0i,1.54438711253944+0i,-43.873838002931+0i,-44.1346266935316+0i,-0,0,-0.0698642288978717+0i,-0.0715471139914517+0i
3.91494518623922+0i,1.54432026971768+0i,-43.9453952852711+0i,-44.20448050763+0i,0,0,-0.0715572823401044+0i,-0.069853814098434+0i
3.93865216895883+0i,1.54424691427867+0i,-44.0152765921561+0i,-44.2760109413491+0i,-0,0,-0.0698813068849974+0i,-0.0715304337191158+0i
3.91470743934009+0i,1.54417920708523+0i,-44.0868504800014+0i,-44.3458477409516+0i,0,0,-0.0715738878453051+0i,-0.0698367996024137+0i
3.9384134615316+0i,1.54410522018957+0i,-44.1567488597411+0i,-44.4173614914459+0i,0,-0,-0.0698983797396754+0i,-0.07151375049435+0i
3.91446969326374+0i,1.54403663474582+0i,-44.2283393489886+0i,-44.4871812726638+0i,0,-0,-0.0715904892474467+0i,-0.0698197812178699+0i
3.93817477013432+0i,1.54396200620533+0i,-44.2982547964539+0i,-44.5586783369792+0i,-0,-0,-0.0699154474653625+0i,-0.0714970643153839+0i
3.91423194771631+0i,1.54389252833326+0i,-44.3698618830201+0i,-44.6284810959039+0i,-0,-0,-0.0716070865661445+0i,-0.0698027589247637+0i
3.93793609471607+0i,1.54381724774016+0i,-44.4397943930856+0i,-44.6999614710844+0i,-0,-0,-0.0699325100655294+0i,-0.0714803751804272+0i
3.91399420239846+0i,1.54374686295424+0i,-44.511418072907+0i,-44.769747203787+0i,0,0,-0.0716236798213782+0i,-0.0697857327026427+0i
3.93769743522569+0i,1.54367091967524+0i,-44.5813676404506+0i,-44.8412108868747+0i,0,-0,-0.0699495675436603+0i,-0.0714636830876698+0i
3.91375645700517+0i,1.54359961317409+0i,-44.6530079094841+0i,-44.9109795894053+0i,0,0,-0.0716402690335009+0i,-0.0697687025306306+0i
3.93745879161178+0i,1.54352299634422+0i,-44.7229745293874+0i,-44.9824265774406+0i,0,-0,-0.0699666199032525+0i,-0.0714469880352824+0i
3.91351871122568+0i,1.54345075300193+0i,-44.7946313836106+0i,-45.052178245828+0i,-0,-0,-0.0716568542232482+0i,-0.0697516683874167+0i
3.93722016382276+0i,1.5433734515182+0i,-44.8646150507585+0i,-45.1236085358494+0i,0,-0,-0.0699836671478156+0i,-0.0714302900214171+0i
3.91328096474328+0i,1.54330025587538+0i,-44.9362884861702+0i,-45.1933431661007+0i,0,0,-0.0716734354117484+0i,-0.0697346302512455+0i
3.93698155180682+0i,1.54322225839025+0i,-45.0062891954511+0i,-45.2647567551449+0i,-0,-0,-0.070000709280871+0i,-0.0714135890442077+0i
3.9130432172352+0i,1.5431480946448+0i,-45.0779792080716+0i,-45.3344743432448+0i,0,0,-0.0716900126205318+0i,-0.0697175880999048+0i
3.93674295551195+0i,1.5430693895594+0i,-45.1479969543776+0i,-45.4058712283465+0i,-0,-0,-0.0700177463059512+0i,-0.0713968851017708+0i
3.9128054683724+0i,1.54299424155697+0i,-45.2197035402491+0i,-45.4755717702573+0i,0,0,-0.0717065858715411+0i,-0.0697005419107147+0i
3.93650437488599+0i,1.54291481701407+0i,-45.2897383184757+0i,-45.5469519484495+0i,-0,0,-0.0700347782265991+0i,-0.071380178192206+0i
3.91256771781951+0i,1.54283866823819+0i,-45.3614614736628+0i,-45.61663544011+0i,0,-0,-0.0717231551871423+0i,-0.0696834916605153+0i
3.93626580987655+0i,1.54275851211502+0i,-45.4315132787092+0i,-45.6879989084236+0i,-0,-0,-0.0700518050463674+0i,-0.0713634683135968+0i
3.91232996523456+0i,1.54268134567691+0i,-45.5032529992993+0i,-45.7576653457492+0i,-0,0,-0.071739720590135+0i,-0.0696664373256546+0i
3.93602726043113+0i,1.54260044557764+0i,-45.5733218260682+0i,-45.8290121012132+0i,-0,-0,-0.0700688267688176+0i,-0.0713467554640113+0i
3.91209221026887+0i,1.54252224420564+0i,-45.6450781081719+0i,-45.8986614800952+0i,-0,-0,-0.071756282103764+0i,-0.069649378881976+0i
3.93578872649702+0i,1.54244058745368+0i,-45.7151639515695+0i,-45.9699915197367+0i,0,0,-0.0700858433975192+0i,-0.0713300396415032+0i
3.91185445256688+0i,1.54236133348236+0i,-45.7869367913212+0i,-46.0396238360415+0i,-0,-0,-0.0717728397517307+0i,-0.0696323163048048+0i
3.93555020802142+0i,1.54227890711234+0i,-45.8570396462572+0i,-46.1109371568856+0i,-0,-0,-0.0701028549360487+0i,-0.0713133208441124+0i
3.91161669176592+0i,1.54219858247121+0i,-45.9288290398154+0i,-46.1805524064546+0i,-0,0,-0.0717893935582054+0i,-0.0696152495689349+0i
3.93531170495137+0i,1.54211537322075+0i,-45.9989489012034+0i,-46.2518490055244+0i,0,-0,-0.0701198613879889+0i,-0.0712965990698661+0i
3.91137892749608+0i,1.54203395942259+0i,-46.0707548447513+0i,-46.3214471841731+0i,-0,-0,-0.0718059435478392+0i,-0.069598178648615+0i
3.93507321723381+0i,1.5419499537237+0i,-46.1408917075082+0i,-46.3927270584898+0i,0,0,-0.0701368627569276+0i,-0.0712798743167796+0i
3.91114115937999+0i,1.54186743185248+0i,-46.212714197254+0i,-46.4623081620074+0i,-0,-0,-0.0718224897457768+0i,-0.069581103517534+0i
3.93483474481557+0i,1.54178261582274+0i,-46.2828680563004+0i,-46.5335713085902+0i,-0,-0,-0.0701538590464568+0i,-0.0712631465828578+0i
3.91090338703262+0i,1.54169896652113+0i,-46.3547070884781+0i,-46.603135332739+0i,-0,-0,-0.07183903217767+0i,-0.0695640241488062+0i
3.9345962876434+0i,1.54161332595452+0i,-46.4248779387383+0i,-46.6743817486051+0i,0,0,-0.0701708502601712+0i,-0.0712464158660955+0i
3.91066561006108+0i,1.54152852941093+0i,-46.4967335096079+0i,-46.7439286891201+0i,-0,-0,-0.0718555708696911+0i,-0.0695469405149558+0i
3.93435784566401+0i,1.54144204976832+0i,-46.5669213460096+0i,-46.8151583712846+0i,0,-0,-0.0701878364016673+0i,-0.0712296821644796+0i
3.9104278280644+0i,1.54135608570353+0i,-46.6387934518582+0i,-46.8846882238725+0i,0,0,-0.0718721058485467+0i,-0.0695298525879014+0i
3.93411941882402+0i,1.54126875210292+0i,-46.7089982693327+0i,-46.9559011693484+0i,0,0,-0.0702048174745418+0i,-0.0712129454759896+0i
3.91019004063334+0i,1.54118159975616+0i,-46.7808869064742+0i,-47.0254139296874+0i,0,-0,-0.0718886371414927+0i,-0.0695127603389391+0i
3.93388100707005+0i,1.54109339696246+0i,-46.8511086999566+0i,-47.096610135486+0i,0,0,-0.0702217934823906+0i,-0.0711962057985991+0i
3.90995224735012+0i,1.54100503507709+0i,-46.9230138647329+0i,-47.1661057992247+0i,-0,0,-0.071905164776349+0i,-0.0694956637387261+0i
3.9336426103487+0i,1.54091594749161+0i,-46.9932526291617+0i,-47.237285262355+0i,0,-0,-0.0702387644288069+0i,-0.0711794631302777+0i
3.90971444778822+0i,1.54082635430019+0i,-47.0651743179433+0i,-47.3067638251122+0i,0,-0,-0.071921688781515+0i,-0.0694785627572628+0i
3.9334042286066+0i,1.54073636594972+0i,-47.1354300482606+0i,-47.3779265425812+0i,0,-0,-0.0702557303173801+0i,-0.0711627174689919+0i
3.90947664151212+0i,1.5406455191586+0i,-47.2073682574466+0i,-47.4473879999451+0i,0,-0,-0.0719382091859856+0i,-0.0694614573638746+0i
3.9331658617904+0i,1.54055461368412+0i,-47.2776409485983+0i,-47.5185339687578+0i,-0,-0,-0.0702726911516937+0i,-0.071145968812707+0i
3.90923882807707+0i,1.54046249045746+0i,-47.3495956746177+0i,-47.587978316285+0i,-0,-0,-0.0719547260193682+0i,-0.0694443475271937+0i
3.93292750984682+0i,1.54037065110239+0i,-47.419885321553+0i,-47.6591075334444+0i,-0,0,-0.070289646935324+0i,-0.0711292171593889+0i
3.90900100702881+0i,1.54027722804554+0i,-47.4918565608649+0i,-47.7285347666595+0i,0,-0,-0.0719712393118993+0i,-0.0694272332151392+0i
3.93268917272266+0i,1.54018443764363+0i,-47.5621631585367+0i,-47.7996472291665+0i,-0,0,-0.070306597671838+0i,-0.0711124625070058+0i
3.90876317790329+0i,1.54008969078598+0i,-47.6341509076312+0i,-47.8690573435614+0i,-0,0,-0.0719877490944625+0i,-0.0694101143948972+0i
3.93245085036484+0i,1.5399959317487+0i,-47.704474450996+0i,-47.940153048415+0i,0,0,-0.0703235433647915+0i,-0.0710957048535302+0i
3.90852534022645+0i,1.53989983652584+0i,-47.7764787063946+0i,-48.0095460394479+0i,-0,-0,-0.0720042553986072+0i,-0.0693929910329001+0i
3.93221254272042+0i,1.5398050908293+0i,-47.8468191904123+0i,-48.0806249836448+0i,-0,-0,-0.0703404840177273+0i,-0.071078944196941+0i
3.90828749351386+0i,1.5397076220645+0i,-47.9188399486689+0i,-48.1500008467396+0i,-0,0,-0.0720207582565669+0i,-0.0693758630948052+0i
3.93197424973664+0i,1.53961187123593+0i,-47.9891973683031+0i,-48.2210630272748+0i,0,-0,-0.0703574196341726+0i,-0.0710621805352252+0i
3.90804963727048+0i,1.539513003121+0i,-48.0612346260043+0i,-48.2904217578203+0i,0,0,-0.0720372577012796+0i,-0.0693587305454724+0i
3.93173597136094+0i,1.53941622822464+0i,-48.131608976222+0i,-48.3614671716867+0i,-0,0,-0.0703743502176369+0i,-0.0710454138663812+0i
3.90781177099033+0i,1.53931593429997+0i,-48.2036627299884+0i,-48.4308087650356+0i,-0,-0,-0.0720537537664076+0i,-0.069341593348941+0i
3.93149770754101+0i,1.53921811592255+0i,-48.27405400576+0i,-48.5018374092241+0i,0,-0,-0.0703912757716096+0i,-0.0710286441884202+0i
3.90757389415616+0i,1.53911636905646+0i,-48.3461242522464+0i,-48.5711618606925+0i,-0,0,-0.0720702464863592+0i,-0.0693244514684064+0i
3.93125945822481+0i,1.53901748729198+0i,-48.4165324485459+0i,-48.6421737321918+0i,-0,0,-0.0704081962995576+0i,-0.0710118714993695+0i
3.90733600623915+0i,1.53891425965922+0i,-48.4886191844422+0i,-48.711481037058+0i,0,-0,-0.0720867358963102+0i,-0.0693073048661945+0i
3.93102122336061+0i,1.53881429409329+0i,-48.5590442962472+0i,-48.7824761328553+0i,0,0,-0.0704251118049221+0i,-0.0709950957972748+0i
3.90709810669853+0i,1.5387095571528+0i,-48.6311475182794+0i,-48.851766286359+0i,0,-0,-0.0721032220322266+0i,-0.069290153503737+0i
3.93078300289705+0i,1.53860848684623+0i,-48.7015895405705+0i,-48.9227446034392+0i,-0,-0,-0.0704420222911162+0i,-0.0709783170802034+0i
3.90686019498126+0i,1.53850221131793+0i,-48.7737092455014+0i,-48.9920176007808+0i,0,0,-0.0721197049308882+0i,-0.0692729973415444+0i
3.93054479678318+0i,1.53840001478984+0i,-48.8441681732629+0i,-49.062979136127+0i,-0,-0,-0.0704589277615215+0i,-0.0709615353462473+0i
3.90662227052165+0i,1.53829217063059+0i,-48.9163043578928+0i,-49.1322349724662+0i,-0,0,-0.072136184629913+0i,-0.0692558363391787+0i
3.93030660496846+0i,1.53818882584073+0i,-48.9867801861123+0i,-49.2031797230597+0i,-0,0,-0.0704758282194852+0i,-0.070944750593526+0i
3.90638433274097+0i,1.53807938221931+0i,-49.0589328472801+0i,-49.272418393515+0i,-0,-0,-0.0721526611677824+0i,-0.0692386704552246+0i
3.93006842740288+0i,1.53797486654976+0i,-49.1294255709484+0i,-49.3433463563352+0i,0,0,-0.0704927236683166+0i,-0.0709279628201907+0i
3.90614638104706+0i,1.53786379182088+0i,-49.2015947055323+0i,-49.4125678559824+0i,-0,0,-0.0721691345838674+0i,-0.0692214996472601+0i
3.92983026403696+0i,1.53775808205698+0i,-49.2721043196436+0i,-49.4834790280069+0i,0,0,-0.0705096141112833+0i,-0.0709111720244273+0i
3.90590841483393+0i,1.53764534373424+0i,-49.344289924562+0i,-49.5526833518787+0i,0,0,-0.072185604918456+0i,-0.0692043238718259+0i
3.92959211482182+0i,1.53753841604483+0i,-49.4148164241136+0i,-49.6235777300831+0i,0,-0,-0.0705264995516075+0i,-0.0708943782044606+0i
3.90567043348133+0i,1.53742398077257+0i,-49.4870184963264+0i,-49.6927648731675+0i,-0,-0,-0.0722020722127811+0i,-0.0691871430843935+0i
3.92935397970925+0i,1.53731581068934+0i,-49.5575618763189+0i,-49.7636424545261+0i,0,-0,-0.0705433799924624+0i,-0.0708775813585583+0i
3.90543243635429+0i,1.53719964421344+0i,-49.6297804128279+0i,-49.8328124117654+0i,0,-0,-0.07221853650905+0i,-0.0691699572393319+0i
3.92911585865174+0i,1.53709020660953+0i,-49.7003406682649+0i,-49.9036731932505+0i,-0,0,-0.0705602554369672+0i,-0.0708607814850354+0i
3.90519442280269+0i,1.53697227374692+0i,-49.7725756661154+0i,-49.9728259595403+0i,0,0,-0.0722349978504748+0i,-0.0691527662898737+0i
3.92887775160257+0i,1.53686154281461+0i,-49.8431527920035+0i,-50.0436699381226+0i,0,-0,-0.0705771258881832+0i,-0.0708439785822588+0i
3.90495639216076+0i,1.53674180742159+0i,-49.9154042482849+0i,-50.1128055083107+0i,0,0,-0.0722514562813041+0i,-0.069135570188079+0i
3.92863965851588+0i,1.53662975664908+0i,-49.985998239634+0i,-50.1836326809593+0i,0,-0,-0.0705939913491088+0i,-0.0708271726486519+0i
3.90471834374661+0i,1.53650818158833+0i,-50.0582661514808+0i,-50.2527510498441+0i,-0,0,-0.0722679118468556+0i,-0.0691183688847987+0i
3.92840157934672+0i,1.53639478373559+0i,-50.1288770033035+0i,-50.3235614135268+0i,-0,-0,-0.0706108518226747+0i,-0.0708103636827003+0i
3.90448027686167+0i,1.53627133084178+0i,-50.201161367897+0i,-50.3926625758565+0i,-0,-0,-0.0722843645935503+0i,-0.0691011623296359+0i
3.92816351405113+0i,1.53615655791539+0i,-50.2717890752088+0i,-50.4634561275394+0i,0,-0,-0.0706277073117382+0i,-0.0707935516829566+0i
3.90424219079021+0i,1.53603118795941+0i,-50.3440898897777+0i,-50.5325400780103+0i,-0,-0,-0.0723008145689481+0i,-0.069083950470906+0i
3.92792546258625+0i,1.53591501118627+0i,-50.4147344475968+0i,-50.6033168146584+0i,-0,0,-0.0706445578190779+0i,-0.0707767366480467+0i
3.90400408479877+0i,1.5357876838379+0i,-50.4870517094186+0i,-50.672383547914+0i,-0,0,-0.0723172618217845+0i,-0.0690667332555947+0i
3.92768742491038+0i,1.535670073638+0i,-50.557713112766+0i,-50.7431434664906+0i,-0,-0,-0.0706614033473879+0i,-0.0707599185766756+0i
3.90376595813554+0i,1.53554074742703+0i,-50.630046819168+0i,-50.81219297712+0i,0,0,-0.072333706402009+0i,-0.0690495106293156+0i
3.92744940098305+0i,1.53542167338489+0i,-50.7007250630673+0i,-50.8829360745876+0i,-0,0,-0.0706782438992712+0i,-0.0707430974676338+0i
3.90352781002982+0i,1.53529030566056+0i,-50.7730752114281+0i,-50.9519683571239+0i,-0,-0,-0.0723501483608249+0i,-0.0690322825362643+0i
3.92721139076517+0i,1.53516973649558+0i,-50.8437702909053+0i,-51.0226946304437+0i,-0,0,-0.070695079477233+0i,-0.0707262733198046+0i
3.90328963969136+0i,1.53503628338431+0i,-50.916136878656+0i,-51.0917096793628+0i,0,0,-0.0723665877507312+0i,-0.0690150489191721+0i
3.92697339421907+0i,1.53491418691978+0i,-50.9868487887397+0i,-51.162419125495+0i,-0,0,-0.0707119100836743+0i,-0.0707094461321708+0i
3.90305144630969+0i,1.53477860328102+0i,-51.0592318133653+0i,-51.2314169352143+0i,-0,-0,-0.0723830246255651+0i,-0.0689978097192573+0i
3.92673541130867+0i,1.53465494641184+0i,-51.1299605490862+0i,-51.3021095511181+0i,-0,0,-0.0707287357208838+0i,-0.0706926159038225+0i
3.90281322905351+0i,1.53451718579204+0i,-51.2023600081267+0i,-51.3710901159943+0i,0,0,-0.0723994590405475+0i,-0.0689805648761743+0i
3.92649744199953+0i,1.53439193445095+0i,-51.2731055645177+0i,-51.4417658986282+0i,0,-0,-0.0707455563910304+0i,-0.0706757826339655+0i
3.90257498706989+0i,1.53425194903549+0i,-51.3455214555701+0i,-51.5107292129562+0i,0,-0,-0.0724158910523297+0i,-0.0689633143279607+0i
3.92625948625901+0i,1.53412506815793+0i,-51.4162838276662+0i,-51.5813881592781+0i,0,-0,-0.0707623720961547+0i,-0.0706589463219297+0i
3.90233671948363+0i,1.53398280872094+0i,-51.4887161483853+0i,-51.6503342172891+0i,0,-0,-0.0724323207190425+0i,-0.0689460580109826+0i
3.92602154405638+0i,1.53385426220824+0i,-51.5594953312234+0i,-51.7209763242563+0i,-0,0,-0.0707791828381606+0i,-0.0706421069671781+0i
3.90209842539642+0i,1.53370967806015+0i,-51.6319440793238+0i,-51.7899051201161+0i,0,0,-0.0724487481003463+0i,-0.0689287958598768+0i
3.92578361536297+0i,1.53357942874119+0i,-51.7027400679426+0i,-51.8605303846855+0i,-0,-0,-0.0707959886188055+0i,-0.0706252645693166+0i
3.90186010388608+0i,1.53343246767395+0i,-51.7752052412001+0i,-51.9294419124929+0i,-0,-0,-0.0724651732574849+0i,-0.0689115278074916+0i
3.92554570015229+0i,1.53330047726503+0i,-51.8460180306398+0i,-52.0000503316211+0i,0,0,-0.0708127894396906+0i,-0.0706084191281042+0i
3.90162175400572+0i,1.53315108549485+0i,-51.9184996268931+0i,-52.0689445854059+0i,0,-0,-0.0724815962533407+0i,-0.0688942537848238+0i
3.9253077984002+0i,1.53301731455776+0i,-51.9893292121954+0i,-52.1395361560493+0i,-0,0,-0.0708295853022511+0i,-0.0705915706434638+0i
3.90138337478285+0i,1.53286543666524+0i,-52.0618272293478+0i,-52.2084131297703+0i,-0,0,-0.0724980171524918+0i,-0.0688769737209542+0i
3.92506991008504+0i,1.53272984456343+0i,-52.1326736055556+0i,-52.2789878488858+0i,0,0,-0.070846376207744+0i,-0.0705747191154935+0i
3.9011449652185+0i,1.53257542343092+0i,-52.2051880415769+0i,-52.3478475364288+0i,-0,-0,-0.0725144360212728+0i,-0.0688596875429793+0i
3.92483203518785+0i,1.53243796828365+0i,-52.2760512037341+0i,-52.4184054009732+0i,0,0,-0.0708631621572375+0i,-0.0705578645444791+0i
3.90090652428627+0i,1.53228094502977+0i,-52.3485820566619+0i,-52.4872477961492+0i,-0,0,-0.0725308529278375+0i,-0.0688423951759409+0i
3.92459417369249+0i,1.53214158366416+0i,-52.4194619998135+0i,-52.5577888030801+0i,0,-0,-0.070879943151598+0i,-0.0705410069309068+0i
3.90066805093132+0i,1.53198189757517+0i,-52.4920092677558+0i,-52.6266138996229+0i,-0,-0,-0.0725472679422243+0i,-0.0688250965427519+0i
3.92435632558587+0i,1.53184058547598+0i,-52.5629059869472+0i,-52.6971380458983+0i,-0,0,-0.0708967191914771+0i,-0.0705241462754767+0i
3.90042954406935+0i,1.53167817393403+0i,-52.6354696680837+0i,-52.7659458374624+0i,-0,0,-0.0725636811364249+0i,-0.0688077915641191+0i
3.92411849085814+0i,1.53153486519112+0i,-52.706383158361+0i,-52.8364531200416+0i,-0,0,-0.0709134902772981+0i,-0.0705072825791176+0i
3.90019100258554+0i,1.53136966359901+0i,-52.7789632509454+0i,-52.9052436002+0i,-0,0,-0.0725800925844558+0i,-0.0687904801584625+0i
3.92388066950288+0i,1.53122431085226+0i,-52.8498935073547+0i,-52.975734016043+0i,-0,-0,-0.0709302564092407+0i,-0.0704904158430022+0i
3.8999524253334+0i,1.53105625255468+0i,-52.9224900097171+0i,-53.0445071782849+0i,0,-0,-0.0725965023624334+0i,-0.0687731622418309+0i
3.92364286151737+0i,1.53090880693638+0i,-52.9934370273043+0i,-53.1149807243534+0i,-0,0,-0.0709470175872257+0i,-0.0704735460685632+0i
3.89971381113356+0i,1.53073782313729+0i,-53.066049937853+0i,-53.1837365620812+0i,0,0,-0.0726129105486519+0i,-0.0687558377278139+0i
3.92340506690278+0i,1.53058823421163+0i,-53.1370137116639+0i,-53.2541932353387+0i,0,-0,-0.0709637738108984+0i,-0.0704566732575109+0i
3.94733497503293+0i,1.53041425388771+0i,-53.20627130727+0i,-53.3263277309068+0i,-0,-0,-0.0692575956061426+0i,-0.072134495568043+0i
3.92316424524942+0i,1.53026199668125+0i,-53.2772520465155+0i,-53.3967673125081+0i,-0,0,-0.0709807392455044+0i,-0.0704395816012681+0i
3.94709503356497+0i,1.5300854136939+0i,-53.3465269481846+0i,-53.4688851882306+0i,0,0,-0.0692749016690879+0i,-0.0721178757225849+0i
3.92292338746272+0i,1.52993042333995+0i,-53.4175246512928+0i,-53.5393076715251+0i,0,0,-0.0709977031081765+0i,-0.0704224832944936+0i
3.9468551096107+0i,1.52975117266459+0i,-53.4868168537738+0i,-53.6114089244639+0i,-0,0,-0.0692922024809857+0i,-0.0721012529387255+0i
3.92268249232839+0i,1.52959338137895+0i,-53.5578315192553+0i,-53.681814302714+0i,-0,0,-0.0710146654815711+0i,-0.0704053782501064+0i
3.94661520328569+0i,1.52941139659779+0i,-53.6271410172887+0i,-53.7538989299403+0i,-0,0,-0.0693094980333832+0i,-0.0720846272263404+0i
3.92244155859618+0i,1.52925073433442+0i,-53.6981726437395+0i,-53.8242871963187+0i,0,0,-0.0710316264507888+0i,-0.0703882663783929+0i
3.94637531471407+0i,1.52906594680686+0i,-53.7674994320567+0i,-53.8963551949146+0i,-0,0,-0.0693267883172179+0i,-0.072067998595907+0i
3.92220058497856+0i,1.52890234116272+0i,-53.8385480181602+0i,-53.9667263425015+0i,-0,0,-0.0710485861034695+0i,-0.0703711475869044+0i
3.94613544402903+0i,1.52871467993154+0i,-53.907892091483+0i,-54.0387777095601+0i,-0,-0,-0.0693440733227846+0i,-0.0720513670585387+0i
3.9219595701492+0i,1.52854805604662+0i,-53.9789576360129+0i,-54.1091317313404+0i,-0,0,-0.0710655445298921+0i,-0.0703540217803498+0i
3.9458955913733+0i,1.52835744773939+0i,-54.0483189890526+0i,-54.1811664639664+0i,0,0,-0.0693613530396987+0i,-0.0720347326260206+0i
3.92171851274149+0i,1.52818772819154+0i,-54.1194014908756+0i,-54.2515033528269+0i,-0,0,-0.0710825018230786+0i,-0.0703368888604837+0i
3.94565575689973+0i,1.52799409691694+0i,-54.1887801183325+0i,-54.3235214481377+0i,-0,-0,-0.069378627456859+0i,-0.0720180953108479+0i
3.92147741134685+0i,1.52782120161135+0i,-54.2598795764114+0i,-54.3938411968637+0i,0,-0,-0.0710994580789043+0i,-0.0703197487259883+0i
3.94541594077182+0i,1.52762446885002+0i,-54.3292754729738+0i,-54.46584265199+0i,0,-0,-0.0693958965624067+0i,-0.0720014551262664+0i
3.92123626451313+0i,1.52744831490284+0i,-54.40039188637+0i,-54.5361452532624+0i,-0,-0,-0.0711164133962128+0i,-0.0703026012723496+0i
3.94517614316433+0i,1.52724839939266+0i,-54.4698050467137+0i,-54.6081300653487+0i,-0,0,-0.0694131603436836+0i,-0.071984812086315+0i
3.92099507074277+0i,1.52706890100852+0i,-54.5409384145906+0i,-54.6784155117404+0i,0,0,-0.0711333678769363+0i,-0.0702854463917278+0i
3.94493636426396+0i,1.52686571862372+0i,-54.6103688333778+0i,-54.7503836779463+0i,-0,-0,-0.069430418787186+0i,-0.0719681662058717+0i
3.92075382849099+0i,1.52668278696673+0i,-54.6815191550041+0i,-54.8206519619191+0i,-0,-0,-0.0711503216262233+0i,-0.0702682839728208+0i
3.94469660426999+0i,1.52647625059053+0i,-54.7509668268826+0i,-54.8926034794198+0i,-0,-0,-0.0694476718785173+0i,-0.0719515175007018+0i
3.92051253616378+0i,1.52628979364839+0i,-54.8221341016351+0i,-54.9628545933205+0i,-0,0,-0.0711672747525712+0i,-0.0702511139007208+0i
3.94445686339503+0i,1.52607981303882+0i,-54.8915990212375+0i,-55.034789459308+0i,0,0,-0.0694649196023366+0i,-0.0719348659875093+0i
3.92027119211587+0i,1.52588973547952+0i,-54.9627832486054+0i,-55.1050233953648+0i,0,-0,-0.071184227367967+0i,-0.0702339360567638+0i
3.94421714186575+0i,1.52567621712801+0i,-55.0322654105477+0i,-55.1769416070488+0i,-0,0,-0.0694821619423044+0i,-0.0719182116839913+0i
3.92002979464858+0i,1.52548242014871+0i,-55.1034665901358+0i,-55.2471583573672+0i,0,-0,-0.0712011795880345+0i,-0.0702167503183711+0i
3.94397743992376+0i,1.52526526713077+0i,-55.1729659890168+0i,-55.3190599119761+0i,0,-0,-0.0694993988810256+0i,-0.0719015546088963+0i
3.91978834200751+0i,1.52506764829842+0i,-55.244184120549+0i,-55.3892594685349+0i,0,-0,-0.0712181315321896+0i,-0.0701995565588825+0i
3.94373775782642+0i,1.52484676011622+0i,-55.313700750949+0i,-55.461144363317+0i,-0,0,-0.0695166303999877+0i,-0.0718848947820855+0i
3.91954683238015+0i,1.52464521319919+0i,-55.3849358342728+0i,-55.5313267179644+0i,0,-0,-0.0712350833238038+0i,-0.0701823546473808+0i
3.94349809584779+0i,1.52442048561522+0i,-55.4544696907523+0i,-55.603194950189+0i,-0,-0,-0.069533856479496+0i,-0.0718682322245987+0i
3.91930526389337+0i,1.52421490040559+0i,-55.5257217258427+0i,-55.6733600946375+0i,0,0,-0.0712520350903757+0i,-0.0701651444485072+0i
3.94325845427964+0i,1.52398622526701+0i,-55.5952728029413+0i,-55.7452116615962+0i,0,0,-0.0695510770986043+0i,-0.0718515669587241+0i
3.91906363461077+0i,1.5237764873927+0i,-55.666541789905+0i,-55.8153595874185+0i,0,0,-0.071268986963713+0i,-0.0701479258222658+0i
3.94301883343242+0i,1.52354375244568+0i,-55.73611008214+0i,-55.8871944864266+0i,0,0,-0.069568292235041+0i,-0.0718348990080722+0i
3.91882194252981+0i,1.52332974317188+0i,-55.8073960212201+0i,-55.9573251850504+0i,-0,-0,-0.0712859390801234+0i,-0.070130698623819+0i
3.94277923363646+0i,1.52309283186523+0i,-55.8769815230853+0i,-56.029143413448+0i,0,-0,-0.069585501865131+0i,-0.0718182283976558+0i
3.91858018557894+0i,1.5228744278843+0i,-55.9482844146659+0i,-56.0992568761513+0i,0,-0,-0.0713028915806162+0i,-0.0701134627032704+0i
3.94253965524311+0i,1.52263321916178+0i,-56.0178871206296+0i,-56.1710584313053+0i,-0,-0,-0.0696027059637116+0i,-0.0718015551539736+0i
3.91833836161439+0i,1.52241029237094+0i,-56.0892069652407+0i,-56.2411546492107+0i,-0,0,-0.0713198446111154+0i,-0.0700962179054359+0i
3.94230009862602+0i,1.5221646604513+0i,-56.1588268697448+0i,-56.3129395285158+0i,-0,0,-0.0696199045040434+0i,-0.0717848793051007+0i
3.91809646841693+0i,1.52193707771719+0i,-56.2301636680674+0i,-56.3830184925854+0i,0,0,-0.0713367983226842+0i,-0.0700789640696028+0i
3.94206056418249+0i,1.52168689186129+0i,-56.2998007655252+0i,-56.4547866934662+0i,0,0,-0.0696370974577155+0i,-0.0717682008807845+0i
3.91785450368837+0i,1.52145451477053+0i,-56.3711545183969+0i,-56.5248483944955+0i,-0,-0,-0.0713537528717626+0i,-0.0700617010292745+0i
3.94182105233491+0i,1.52119963903448+0i,-56.4408088031915+0i,-56.596599914408+0i,0,-0,-0.0696542847945434+0i,-0.0717515199125471+0i
3.91761246504785+0i,1.5209623236292+0i,-56.5121795116119+0i,-56.6666443430199+0i,0,0,-0.0713707084204186+0i,-0.0700444286119002+0i
3.9415815635323+0i,1.52070261660261+0i,-56.5818509780944+0i,-56.7383791794537+0i,-0,0,-0.0696714664824612+0i,-0.0717348364337947+0i
3.91737035002798+0i,1.52046021309998+0i,-56.653238643231+0i,-56.8084063260923+0i,-0,0,-0.071387665136614+0i,-0.0700271466385905+0i
3.94134209825197+0i,1.52019552762825+0i,-56.7229272857184+0i,-56.8801244765722+0i,0,-0,-0.0696886424874057+0i,-0.0717181504799346+0i
3.91712815607068+0i,1.51994788012274+0i,-56.7943319089129+0i,-56.9501343314961+0i,0,-0,-0.071404623194485+0i,-0.070009854923815+0i
3.94110265700127+0i,1.51967806301223+0i,-56.864037721686+0i,-57.0218357935846+0i,-0,0,-0.0697058127731925+0i,-0.0717014620885002+0i
3.91688588052285+0i,1.51942500915946+0i,-56.9354593044607+0i,-57.0918283468596+0i,-0,-0,-0.0714215827746401+0i,-0.0699925532750823+0i
3.94086324031943+0i,1.51914990086433+0i,-57.0051822817621+0i,-57.1635131181589+0i,-0,-0,-0.0697229773013836+0i,-0.0716847712992847+0i
3.91664352063169+0i,1.51889127154509+0i,-57.0766208258265+0i,-57.2334883596515+0i,0,-0,-0.0714385440644759+0i,-0.0699752414926017+0i
3.94062384877966+0i,1.51861070583439+0i,-57.1463609618577+0i,-57.305156437806+0i,0,-0,-0.0697401360311461+0i,-0.0716680781544841+0i
3.91640107353984+0i,1.5183463247974+0i,-57.2178164691162+0i,-57.3751143571749+0i,-0,0,-0.0714555072585111+0i,-0.069957919368924+0i
3.94038448299123+0i,1.51806012840103+0i,-57.2875737580353+0i,-57.4467657398738+0i,-0,-0,-0.0697572889191006+0i,-0.0716513826988504+0i
3.91615853628015+0i,1.51778981188287+0i,-57.359046230594+0i,-57.5167063265623+0i,0,-0,-0.0714724725587416+0i,-0.0699405866885597+0i
3.9401451436018+0i,1.5174978041148+0i,-57.4288206665132+0i,-57.5883410115422+0i,0,0,-0.0697744359191585+0i,-0.0716346849798563+0i
3.91591590577013+0i,1.51722136043519+0i,-57.5003101066882+0i,-57.6582642547698+0i,-0,-0,-0.0714894401750173+0i,-0.0699232432275751+0i
3.93990583129991+0i,1.51692335279215+0i,-57.5701016836706+0i,-57.7298822398177+0i,-0,-0,-0.0697915769823481+0i,-0.0716179850478703+0i
3.91567317880614+0i,1.51664058192289+0i,-57.641608093996+0i,-57.7997881285708+0i,-0,0,-0.0715064103254421+0i,-0.0699058887531623+0i
3.93966654681764+0i,1.51633637765673+0i,-57.7114168060526+0i,-57.8713894115272+0i,0,0,-0.069808712056628+0i,-0.0716012829563465+0i
3.91543035205708+0i,1.51604707076204+0i,-57.7829401892894+0i,-57.9412779345503+0i,-0,-0,-0.0715233832367998+0i,-0.0698885230231821+0i
3.93942729093342+0i,1.51573646442371+0i,-57.8527660303761+0i,-58.0128625133124+0i,-0,0,-0.0698258410866865+0i,-0.0715845787620267+0i
3.91518742205778+0i,1.51544040336989+0i,-57.9243063895211+0i,-58.082733659098+0i,0,-0,-0.0715403591450064+0i,-0.0698711457856783+0i
3.93918806447513+0i,1.51512318032278+0i,-57.9941493535348+0i,-58.1543015316232+0i,0,0,-0.0698429640137263+0i,-0.0715678725251585+0i
3.91494438520193+0i,1.51482013715475+0i,-58.0657066918304+0i,-58.2241552884016+0i,-0,-0,-0.0715573382955918+0i,-0.0698537567783597+0i
3.9389488683234+0i,1.51449607305496+0i,-58.1355667726057+0i,-58.2957064527113+0i,0,0,-0.0698600807752333+0i,-0.0715511643097293+0i
3.91470123773453+0i,1.51418580943698+0i,-58.2071410935499+0i,-58.3655428084393+0i,0,0,-0.0715743209442134+0i,-0.0698363557280499+0i
3.9387097034151+0i,1.51385466967793+0i,-58.2770182848546+0i,-58.4370772626231+0i,-0,-0,-0.0698771913047278+0i,-0.0715344541837182+0i
3.9144579757439+0i,1.51353693629566+0i,-58.3486095922118+0i,-58.5068962049732+0i,-0,0,-0.0715913073572033+0i,-0.069818942350099+0i
3.9384705707472+0i,1.51319847541404+0i,-58.4185038877433+0i,-58.5784139471925+0i,-0,-0,-0.0698942955314964+0i,-0.0715177422193671+0i
3.91421459515308+0i,1.51287301133479+0i,-58.4901121855555+0i,-58.6482154635403+0i,0,0,-0.0716082978121518+0i,-0.0698015163477569+0i
3.93823147138086+0i,1.51252697237482+0i,-58.5600235789358+0i,-58.7197164920338+0i,-0,0,-0.0699113933803041+0i,-0.0715010284934726+0i
3.91397109171068+0i,1.51219350436246+0i,-58.6316488715343+0i,-58.7895005694453+0i,-0,0,-0.0716252925985308+0i,-0.0697840774115044+0i
3.93799240644583+0i,1.51183961819483+0i,-58.7015773563054+0i,-58.860984882533+0i,0,-0,-0.0699284847710828+0i,-0.0714843130877009+0i
3.91372746098113+0i,1.51149785997567+0i,-58.7732196483237+0i,-58.9307515077513+0i,-0,0,-0.0716422920183599+0i,-0.0697666252183381+0i
3.93775337714527+0i,1.51113584456753+0i,-58.8431652179423+0i,-59.0022191038402+0i,0,-0,-0.0699455696185967+0i,-0.0714675960889272+0i
3.91348369833425+0i,1.51078549604296+0i,-58.9148245143293+0i,-59.0719682632712+0i,-0,-0,-0.0716592963869184+0i,-0.0697491594310052+0i
3.93751438476084+0i,1.51041505567461+0i,-58.9847871621613+0i,-59.1434191408608+0i,-0,0,-0.0699626478320795+0i,-0.0714508775896029+0i
3.91323979893399+0i,1.51005580207596+0i,-59.0564634681948+0i,-59.213150820558+0i,0,-0,-0.0716763060335078+0i,-0.0697316796971859+0i
3.93727543065833+0i,1.50967662649982+0i,-59.1264431875097+0i,-59.2845849782462+0i,-0,0,-0.069979719314844+0i,-0.0714341576881512+0i
3.91299575772656+0i,1.50930813748036+0i,-59.198136508812+0i,-59.3542991638948+0i,0,0,-0.0716933213022679+0i,-0.0697141856486166+0i
3.93703651629365+0i,1.50891990101707+0i,-59.2681332927758+0i,-59.4257166003842+0i,-0,0,-0.0699967839638587+0i,-0.0714174364893959+0i
3.91275156942747+0i,1.5085418296758+0i,-59.3398436353289+0i,-59.4954132772843+0i,0,0,-0.0717103425530522+0i,-0.06969667690015+0i
3.93679764321933+0i,1.50814419024193+0i,-59.4098574769982+0i,-59.5668139913894+0i,0,0,-0.0700138416692906+0i,-0.0714007141050249+0i
3.91250722850786+0i,1.50775617207287+0i,-59.4815848471605+0i,-59.6364931444381+0i,-0,-0,-0.0717273701623674+0i,-0.0696791530487471+0i
3.9365588130916+0i,1.50734877013417+0i,-59.5516157394745+0i,-59.7078771350922+0i,-0,0,-0.0700308923140093+0i,-0.071383990654093+0i
3.91226272917963+0i,1.50695042189464+0i,-59.6233601439989+0i,-59.7775387487646+0i,-0,0,-0.0717444045243816+0i,-0.0696616136723941+0i
3.93632002767805+0i,1.50653287933798+0i,-59.693408079772+0i,-59.8489060150282+0i,-0,-0,-0.0700479357730494+0i,-0.0713672662635662+0i
3.91201806537955+0i,1.50612379782828+0i,-59.765169525824+0i,-59.9185500733571+0i,0,-0,-0.071761446052009+0i,-0.0696440583289386+0i
3.93608128886589+0i,1.50569571674496+0i,-59.835234497737+0i,-59.989900614426+0i,-0,0,-0.070064971913028+0i,-0.0713505410689127+0i
3.91177323075215+0i,1.50527547749149+0i,-59.9070129929151+0i,-60.0595271009809+0i,-0,-0,-0.0717784951780762+0i,-0.0696264865548369+0i
3.93584259867104+0i,1.50483643886349+0i,-59.9770949935066+0i,-60.1308609161956+0i,-0,0,-0.0700820005915111+0i,-0.0713338152147454+0i
3.91152821863129+0i,1.504404594696+0i,-60.0488905458632+0i,-60.2004698140594+0i,-0,-0,-0.0717955523565794+0i,-0.0696088978638052+0i
3.93560395924784+0i,1.50395415697621+0i,-60.1189895675195+0i,-60.2717869029149+0i,-0,-0,-0.070099021656325+0i,-0.0713170888555196+0i
3.91128302202025+0i,1.50351023648935+0i,-60.1908021855835+0i,-60.3413781946603+0i,-0,0,-0.0718126180640386+0i,-0.069591291745365+0i
3.9353653728998+0i,1.50304793406549+0i,-60.2609182205283+0i,-60.4126785568166+0i,0,-0,-0.0701160349448073+0i,-0.0713003621562931+0i
3.91103763357034+0i,1.50259143995336+0i,-60.3327479133293+0i,-60.4822522244799+0i,0,-0,-0.0718296928009603+0i,-0.0695736676632738+0i
3.9351268420912+0i,1.50211678148443+0i,-60.4028809536123+0i,-60.5535358597734+0i,0,-0,-0.0701330402829909+0i,-0.0712836352935537+0i
3.91079204555764+0i,1.50164718873574+0i,-60.4747277307057+0i,-60.6230918848272+0i,-0,0,-0.0718467770934169+0i,-0.0695560250538289+0i
3.93488836945973+0i,1.50115965534839+0i,-60.5448777681904+0i,-60.6943587932834+0i,0,0,-0.0701500374847136+0i,-0.071266908456122+0i
3.91054624985802+0i,1.50067640928856+0i,-60.6167416396852+0i,-60.7638971566074+0i,-0,-0,-0.0718638714947551+0i,-0.0695383633240337+0i
3.93464995783041+0i,1.50017545261945+0i,-60.6869086660358+0i,-60.8351473384535+0i,-0,0,-0.070167026350647+0i,-0.0712501818461372+0i
3.91030023791994+0i,1.49967796678409+0i,-60.7587896426233+0i,-60.9046680203031+0i,-0,0,-0.0718809765874466+0i,-0.0695206818496119+0i
3.93441161023062+0i,1.49916300685268+0i,-60.8289736492905+0i,-60.9759014759833+0i,0,0,-0.0701840066672343+0i,-0.071233455680134+0i
3.91005400073506+0i,1.49865066067531+0i,-60.9008717422756+0i,-61.0454044559561+0i,-0,-0,-0.0718980929850925+0i,-0.0695029799728543+0i
3.93417332990672+0i,1.49812108356964+0i,-60.9710727204811+0i,-61.1166211861464+0i,-0,-0,-0.0702009782055289+0i,-0.0712167301902219+0i
3.9098075288063+0i,1.49759321986453+0i,-61.0429879418157+0i,-61.1861064431466+0i,0,-0,-0.0719152213346007+0i,-0.0694852570002832+0i
3.93393512034215+0i,1.49704837522051+0i,-61.1132058825356+0i,-61.257306448772+0i,-0,0,-0.0702179407199217+0i,-0.0712000056253759+0i
3.90956081211312+0i,1.49650429743892+0i,-61.1851382448542+0i,-61.3267739609721+0i,0,-0,-0.0719323623185499+0i,-0.0694675122001131+0i
3.93369698527734+0i,1.49594349569135+0i,-61.2553731388009+0i,-61.397957243225+0i,0,-0,-0.0702348939467456+0i,-0.0711832822528535+0i
3.90931384007384+0i,1.4953824649272+0i,-61.3273226554587+0i,-61.4674069880245+0i,-0,0,-0.0719495166577636+0i,-0.0694497447994894+0i
3.9334589287315+0i,1.49480497430791+0i,-61.3975744930614+0i,-61.5385735483842+0i,0,-0,-0.0702518376027424+0i,-0.0711665603597498+0i
3.90906660150444+0i,1.49422620602558+0i,-61.4695411781756+0i,-61.6080055023657+0i,-0,-0,-0.0719666851141122+0i,-0.069431953981479+0i
3.93322095502667+0i,1.49363124928117+0i,-61.5398099495589+0i,-61.6791553426204+0i,0,0,-0.0702687713833782+0i,-0.0711498402547085+0i
3.90881908457375+0i,1.49303390973497+0i,-61.6117938180525+0i,-61.7485694815022+0i,0,-0,-0.0719838684935715+0i,-0.0694141388817884+0i
3.93298306881416+0i,1.49242066053307+0i,-61.6820795130135+0i,-61.819702603772+0i,0,0,-0.0702856949609878+0i,-0.0711331222698046+0i
3.90857127675446+0i,1.49180386284381+0i,-61.754080580663+0i,-61.8890989023572+0i,0,-0,-0.0720010676495616+0i,-0.0693962985851785+0i
3.93274527510367+0i,1.49117144183279+0i,-61.8243831886458+0i,-61.9602153091198+0i,-0,-0,-0.0703026079827293+0i,-0.0711164067626219+0i
3.90832316476946+0i,1.49053424168252+0i,-61.8964014721324+0i,-62.0295937412413+0i,-0,0,-0.0720182834866013+0i,-0.0693784321215429+0i
3.93250757929551+0i,1.48988171216494+0i,-61.9667209822007+0i,-62.1006934353599+0i,0,-0,-0.0703195100683255+0i,-0.0710996941185451+0i
3.90807473453321+0i,1.48922310306576+0i,-62.038756499165+0i,-62.1700539738215+0i,0,0,-0.0720355169643096+0i,-0.0693605384616113+0i
3.93226998721614+0i,1.48854946624063+0i,-62.1090928999726+0i,-62.2411369585748+0i,0,-0,-0.0703364008075668+0i,-0.071082984753296+0i
3.90782597108725+0i,1.48786837432755+0i,-62.1811456690744+0i,-62.310479575087+0i,-0,-0,-0.072052769101797+0i,-0.0693426165122368+0i
3.93203250515762+0i,1.48717256405038+0i,-62.2514989488319+0i,-62.3815458542028+0i,0,-0,-0.0703532797575463+0i,-0.0710662791157412+0i
3.90757685852946+0i,1.48646784234126+0i,-62.3235689898144+0i,-62.450870519314+0i,-0,-0,-0.0720700409824901+0i,-0.0693246651112156+0i
3.93179513992131+0i,1.48574871934378+0i,-62.393939136254+0i,-62.521920097005+0i,-0,0,-0.0703701464395924+0i,-0.0710495776910062+0i
3.90732737993612+0i,1.48501914140164+0i,-62.4660264700134+0i,-62.5912267800266+0i,0,0,-0.0720873337594423+0i,-0.0693066830215873+0i
3.93155789886643+0i,1.48427548690506+0i,-62.5364134703493+0i,-62.6622596610305+0i,0,0,-0.0703870003358623+0i,-0.071032881003936+0i
3.90707751727605+0i,1.48351973982871+0i,-62.6085181190105+0i,-62.7315483299559+0i,-0,0,-0.0721046486611876+0i,-0.0692886689253496+0i
3.93132078996406+0i,1.48275024847472+0i,-62.678921959896+0i,-62.8025645195788+0i,-0,0,-0.0704038408855502+0i,-0.0710161896229453+0i
3.90682725131575+0i,1.4819669251332+0i,-62.7510439468942+0i,-62.8718351409953+0i,-0,-0,-0.0721219869982057+0i,-0.0692706214165186+0i
3.93108382185745+0i,1.48117019714616+0i,-62.8214646143749+0i,-62.9428346451597+0i,-0,-0,-0.070420667480662+0i,-0.0709995041643111+0i
3.90657656151447+0i,1.48035778755978+0i,-62.893603964545+0i,-63.0120871841531+0i,-0,-0,-0.0721393501700746+0i,-0.0692525389934503+0i
3.93084700392921+0i,1.47953232004058+0i,-62.9640414440063+0i,-63.0830700094501+0i,0,0,-0.0704374794612953+0i,-0.0709828252969661+0i
3.90632542590789+0i,1.478689201797+0i,-63.0361981836797+0i,-63.1523044295004+0i,-0,-0,-0.0721567396733976+0i,-0.0692344200503299+0i
3.93061034637663+0i,1.47783337903404+0i,-63.10665245979+0i,-63.2232705832483+0i,-0,-0,-0.0704542761103599+0i,-0.0709661537478619+0i
3.90607382097897+0i,1.4769578066109+0i,-63.1788266169007+0i,-63.292486846116+0i,0,0,-0.0721741571106067+0i,-0.0692162628677211+0i
3.930373860296+0i,1.47606988927608+0i,-63.2492976735483+0i,-63.363436336424+0i,0,-0,-0.0704710566476594+0i,-0.0709494903079816+0i
3.90582172151425+0i,1.47515998212141+0i,-63.3214892777481+0i,-63.432634402026+0i,0,0,-0.0721916041997573+0i,-0.0691980656020498+0i
3.93013755777741+0i,1.4742380951983+0i,-63.3919770979713+0i,-63.5035672378651+0i,0,0,-0.0704878202232431+0i,-0.0709328358390933+0i
3.90556910044361+0i,1.47329182439662+0i,-63.4641861807568+0i,-63.572747064139+0i,0,-0,-0.0722090827854501+0i,-0.0691798262738785+0i
3.92990145201141+0i,1.47233394366346+0i,-63.5346907466667+0i,-63.6436632554203+0i,-0,-0,-0.0705045659099237+0i,-0.0709161912813514+0i
3.90531592866117+0i,1.4713491169875+0i,-63.6069173415177+0i,-63.7128247981751+0i,0,-0,-0.0722265948510346+0i,-0.0691615427548034+0i
3.92966555740929+0i,1.47035305384875+0i,-63.6774386342125+0i,-63.783724355837+0i,0,-0,-0.0705212926948366+0i,-0.0708995576618725+0i
3.90506217482484+0i,1.46932729896366+0i,-63.7496827767448+0i,-63.8528675685898+0i,-0,-0,-0.0722441425322753+0i,-0.0691432127527807+0i
3.92942988973919+0i,1.4682906833894+0i,-63.8202207762147+0i,-63.9237505046942+0i,0,-0,-0.0705379994698975+0i,-0.0708829361044302+0i
3.90480780513117+0i,1.46722142893701+0i,-63.8924825043474+0i,-63.9928753384899+0i,0,-0,-0.0722617281326924+0i,-0.0691248337956545+0i
3.9291944662802+0i,1.4661416902284+0i,-63.9630371893684+0i,-64.0637416663303+0i,0,0,-0.0705546850209884+0i,-0.0708663278404427+0i
3.90455278306211+0i,1.46502614447205+0i,-64.0353165435092+0i,-64.132848069543+0i,-0,0,-0.0722793541408228+0i,-0.0691064032126223+0i
3.92895930599751+0i,1.46390048952222+0i,-64.1058878915249+0i,-64.2036978037644+0i,-0,-0,-0.0705713480156728+0i,-0.0708497342214549+0i
3.9042970690993+0i,1.46273561617634+0i,-64.1781849147746+0i,-64.2727857218777+0i,-0,-0,-0.0722970232496913+0i,-0.0690879181133257+0i
3.92872442974193+0i,1.46156100483677+0i,-64.2487729017638+0i,-64.3436188786111+0i,0,0,-0.0705879869892034+0i,-0.0708331567333551+0i
3.90404062040089+0i,1.46034349563776+0i,-64.3210876401426+0i,-64.4126882539753+0i,-0,0,-0.0723147383788329+0i,-0.0690693753642014+0i
3.9284898604776+0i,1.45911661272954+0i,-64.3916922404712+0i,-64.4835048509879+0i,-0,-0,-0.0706046003285438+0i,-0.0708165970126114+0i
3.90378339043504+0i,1.45784285622225+0i,-64.4640247431705+0i,-64.5525556225496+0i,0,0,-0.0723325026992686+0i,-0.0690507715616581+0i
3.92825562354294+0i,1.45656007964553+0i,-64.5346459294245+0i,-64.6233556794144+0i,0,0,-0.07062118625407+0i,-0.0708000568648638+0i
3.90352532856312+0i,1.45522612556085+0i,-64.6069962490864+0i,-64.692387782416+0i,-0,-0,-0.0723503196619129+0i,-0.0690321030015675+0i
3.92802174695024+0i,1.45388348985118+0i,-64.677633991885+0i,-64.7631713207023+0i,-0,0,-0.0706377427985537+0i,-0.0707835382862807+0i
3.90326637956402+0i,1.45248500832867+0i,-64.750002184915+0i,-64.8321846863467+0i,0,-0,-0.0723681930299806+0i,-0.0690133656444567+0i
3.92778826173085+0i,1.45107816288171+0i,-64.8206564526979+0i,-64.9029517298349+0i,0,-0,-0.0706542677829492+0i,-0.0707670434881613+0i
3.90300648308997+0i,1.44961039764355+0i,-64.893042579614+0i,-64.9719462849106+0i,-0,-0,-0.0723861269160746+0i,-0.068994555075672+0i
3.92755520233414+0i,1.44813455867283+0i,-64.9637133384024+0i,-65.0426968598359+0i,0,-0,-0.0706707587884088+0i,-0.070750574925371+0i
3.90274557304153+0i,1.44659227307296+0i,-65.0361174642272+0i,-65.1116725262956+0i,-0,-0,-0.0724041258247687+0i,-0.0689756664596368+0i
3.92732260709022+0i,1.44504216817302+0i,-65.106804677351+0i,-65.1824066616249+0i,0,-0,-0.0706872131238298+0i,-0.0707341353293179+0i
3.90248357684752+0i,1.44341958282048+0i,-65.1792268720527+0i,-65.251363356112+0i,0,0,-0.0724221947016717+0i,-0.0689566944871429+0i
3.92709051874831+0i,1.44178938676862+0i,-65.2499304998408+0i,-65.3220810838584+0i,-0,0,-0.070703627788084+0i,-0.0707177277463301+0i
3.90222041463227+0i,1.44008010714435+0i,-65.3223708388309+0i,-65.3910187171728+0i,0,-0,-0.0724403389901638+0i,-0.0689376333143963+0i
3.92685898510582+0i,1.438363367277+0i,-65.3930908382568+0i,-65.4617200727552+0i,-0,-0,-0.0707199994258973+0i,-0.0707013555824857+0i
3.90195599824891+0i,1.43656029941428+0i,-65.4655494029541+0i,-65.5306385492475+0i,-0,-0,-0.0724585646972597+0i,-0.0689184764922515+0i
3.92662805974598+0i,1.43474984854177+0i,-65.5362857272302+0i,-65.6013235719037+0i,0,-0,-0.0707363242761058+0i,-0.0706850226561866+0i
3.90169023015253+0i,1.43284510040144+0i,-65.6087626057006+0i,-65.6702227887874+0i,0,-0,-0.0724768784703751+0i,-0.0688992168837243+0i
3.9263978029065+0i,1.43093295475543+0i,-65.6795152038113+0i,-65.7408915220475+0i,0,-0,-0.0707525981107202+0i,-0.0706687332600699+0i
3.90142300208117+0i,1.42891772037264+0i,-65.7520104914985+0i,-65.8097713686149+0i,-0,0,-0.0724952876871851+0i,-0.0688798465674269+0i
3.92616828250712+0i,1.42689495948602+0i,-65.8227793076613+0i,-65.8804238608491+0i,0,-0,-0.0707688161628501+0i,-0.0706524922342357+0i
3.90115419350464+0i,1.42475938225905+0i,-65.8952931082226+0i,-65.9492842175732+0i,0,-0,-0.0725138005612854+0i,-0.0688603567240116+0i
3.9259395753705+0i,1.42261600691874+0i,-65.9660780812637+0i,-66.0199205226264+0i,-0,-0,-0.0707849730410527+0i,-0.0706363050532617+0i
3.90088366979186+0i,1.42034901750656+0i,-66.0386105075307+0i,-66.0887612601284+0i,-0,-0,-0.0725324262670309+0i,-0.0688407375019888+0i
3.92571176868033+0i,1.41807378094412+0i,-66.1094115701578+0i,-66.1593814380585+0i,0,0,-0.0708010626270484+0i,-0.0706201779301126+0i
3.90061128003425+0i,1.41566290407234+0i,-66.1819627452455+0i,-66.2282024159169+0i,0,-0,-0.072551175087786+0i,-0.068820977858364+0i
3.92548496173166+0i,1.41324311029379+0i,-66.2527798231985+0i,-66.2988065338577+0i,-0,-0,-0.0708170779529298+0i,-0.0706041179408727+0i
3.90033685444685+0i,1.41067423325115+0i,-66.3253498817914+0i,-66.3676075992261+0i,0,0,-0.0725700585929304+0i,-0.0688010653683404+0i
3.92525926804374+0i,1.4080954947584+0i,-66.3961828928443+0i,-66.4381957324014+0i,0,-0,-0.0708330110529275+0i,-0.0705881331753139+0i
3.90006020124706+0i,1.40535258837647+0i,-66.4687719826947+0i,-66.5069767183982+0i,-0,-0,-0.0725890898504235+0i,-0.0687809859967647+0i
3.92503481792592+0i,1.40259853336184+0i,-66.5396208354781+0i,-66.5775489513179+0i,0,-0,-0.0708488527833949+0i,-0.0705722329197316+0i
3.89978110288304+0i,1.39966331363838+0i,-66.6122291191618+0i,-66.6463096751398+0i,-0,-0,-0.0726082836836458+0i,-0.0687607238219263+0i
3.92481176161337+0i,1.39671522985048+0i,-66.6830937117646+0i,-66.7168661030202+0i,0,0,-0.0708645926027967+0i,-0.0705564278803828+0i
3.89949931144586+0i,1.39356674486297+0i,-66.7557213687484+0i,-66.7856063637198+0i,-0,0,-0.0726276569837948+0i,-0.0687402606995655+0i
3.92459027312558+0i,1.39040314347426+0i,-66.8266015870494+0i,-66.8561470941782+0i,0,-0,-0.0708802183009764+0i,-0.0705407304584092+0i
3.89921454304922+0i,1.3870172654899+0i,-66.8992488161419+0i,-66.9248666700294+0i,0,0,-0.0726472290925557+0i,-0.0687195758512357+0i
3.92437055504917+0i,1.38361334305458+0i,-66.9701445318055+0i,-66.99539182512+0i,0,0,-0.0708957156635487+0i,-0.0705251550906005+0i
3.89892647089148+0i,1.37996213928036+0i,-67.0428115540799+0i,-67.0640904704761+0i,0,-0,-0.0726670222744407+0i,-0.06869864535612+0i
3.92415284451353+0i,1.37628910868646+0i,-67.1137226221325+0i,-67.1346001891513+0i,-0,0,-0.0709110680525649+0i,-0.0705097186751196+0i
3.89863471662027+0i,1.37234005518721+0i,-67.1864096844371+0i,-67.2032776306697+0i,-0,0,-0.0726870623046369+0i,-0.0686774415184625+0i
3.92393742072108+0i,1.36836430653873+0i,-67.2573359403152+0i,-67.2737720717777+0i,-0,-0,-0.0709262558780493+0i,-0.0704944411079446+0i
3.94953600195435+0i,1.36407929739478+0i,-67.326434598323+0i,-67.3460588303266+0i,-0,0,-0.0690986580078102+0i,-0.072286758548988+0i
3.92363817734219+0i,1.35975354073847+0i,-67.3973819460199+0i,-67.4165320440662+0i,-0,0,-0.0709473476968825+0i,-0.0704732137395313+0i
3.94932360869308+0i,1.35509504225267+0i,-67.4664959556894+0i,-67.4888041248955+0i,0,0,-0.0691140096695379+0i,-0.0722720808293149+0i
3.92333413593403+0i,1.35037633278802+0i,-67.5374647268819+0i,-67.5592557644465+0i,-0,-0,-0.0709687711924668+0i,-0.0704516395510515+0i
3.94911460524355+0i,1.34528720498208+0i,-67.606593840156+0i,-67.631513398631+0i,-0,-0,-0.0691291132740917+0i,-0.0722576341844777+0i
3.9230246505793+0i,1.34011913881876+0i,-67.6775844117+0i,-67.7019430710131+0i,-0,-0,-0.07099057154404+0i,-0.0704296723821043+0i
3.89713976346782+0i,1.33453593943108+0i,-67.7503740623005+0i,-67.7705117720761+0i,0,0,-0.0727896506004996+0i,-0.0685687010629281+0i
3.92282266350511+0i,1.32884975973916+0i,-67.8213788582797+0i,-67.8409271038437+0i,0,0,-0.0710047959792399+0i,-0.0704153317676379+0i
3.94882392283646+0i,1.32269673036943+0i,-67.890528972656+0i,-67.9131646403587+0i,0,-0,-0.0691501143762552+0i,-0.0722375365149644+0i
3.92249971786153+0i,1.31640342534276+0i,-67.9615565052568+0i,-67.9835570377652+0i,0,-0,-0.0710275326007972+0i,-0.0703923974065573+0i
3.94862878369547+0i,1.30959313446717+0i,-68.0307207146872+0i,-68.055781079011+0i,0,-0,-0.0691642094303954+0i,-0.0722240412457542+0i
3.92216847598864+0i,1.30259801301285+0i,-68.1017715603005+0i,-68.1261499452633+0i,-0,-0,-0.0710508456133122+0i,-0.0703688662522942+0i
3.94844007439977+0i,1.29500863487629+0i,-68.1709493978473+0i,-68.1983609332939+0i,-0,-0,-0.0691778375467606+0i,-0.0722109880305899+0i
3.92182753247598+0i,1.28718588202062+0i,-68.242024231139+0i,-68.2687055711318+0i,-0,-0,-0.0710748332917267+0i,-0.0703446378379565+0i
3.89539598763132+0i,1.27867304801016+0i,-68.3149333394553+0i,-68.337147239175+0i,-0,-0,-0.0729091083162684+0i,-0.0684416680431347+0i
3.92165135258806+0i,1.26985949195693+0i,-68.3860205649543+0i,-68.4074793539651+0i,-0,0,-0.0710872254990139+0i,-0.0703321147901323+0i
3.94826541803091+0i,1.260244808303+0i,-68.4552110135548+0i,-68.4796782585444+0i,0,0,-0.0691904486005276+0i,-0.0721989045793476+0i
3.92128510297998+0i,1.25023391293746+0i,-68.5263239933949+0i,-68.5499843329495+0i,-0,0,-0.071112979840139+0i,-0.0703060744051038+0i
3.94810510210081+0i,1.23928519089725+0i,-68.5955260157408+0i,-68.62217214427+0i,-0,-0,-0.0692020223458798+0i,-0.072187811320474+0i
3.92090225726033+0i,1.2278206180529+0i,-68.6666659067484+0i,-68.6924509882234+0i,0,0,-0.0711398910075883+0i,-0.0702788439534151+0i
3.89384544832397+0i,1.21522136362436+0i,-68.7396810488757+0i,-68.7607795256008+0i,-0,-0,-0.0730151421273016+0i,-0.0683285373773649+0i
3.9207644299684+0i,1.20194728388098+0i,-68.8108306255503+0i,-68.8310485638682+0i,0,0,-0.0711495766746001+0i,-0.0702690382673992+0i
3.94809920076449+0i,1.18728735035945+0i,-68.8800330738995+0i,-68.903235966803+0i,0,0,-0.0692024483492275+0i,-0.0721874029348092+0i
3.92033538342136+0i,1.17171746645189+0i,-68.9512127927128+0i,-68.9734744721236+0i,-0,-0,-0.0711797188132669+0i,-0.0702385053205452+0i
3.94799441345273+0i,1.15443238028421+0i,-69.020422805006+0i,-69.0456546231235+0i,0,0,-0.0692100122931751+0i,-0.0721801509999705+0i
3.91987358627009+0i,1.13591169518865+0i,-69.09163495217+0i,-69.1158602503645+0i,-0,-0,-0.0712121471640079+0i,-0.0702056272409248+0i
3.89182656912072+0i,1.11517187133251+0i,-69.1647878924665+0i,-69.1840412398408+0i,0,-0,-0.0731529402965109+0i,-0.068180989476357+0i
3.91981767716347+0i,1.09271576484569+0i,-69.2360039646531+0i,-69.2542428855645+0i,-0,-0,-0.0712160721866065+0i,-0.0702016457236727+0i
3.94834266653602+0i,1.06731873990809+0i,-69.3051888357897+0i,-69.3264471347871+0i,-0,0,-0.069184871136643+0i,-0.0722042492226469+0i
3.91925356061361+0i,1.03943207429469+0i,-69.376444498553+0i,-69.396608595178+0i,0,-0,-0.0712556627632309+0i,-0.0701614603908208+0i
3.94837128325326+0i,1.00748129664776+0i,-69.4456273034127+0i,-69.4688148242149+0i,0,-0,-0.069182804859731+0i,-0.072206229036977+0i
3.91860529541983+0i,0.971772499910253+0i,-69.5169284344329+0i,-69.5389300773004+0i,0,0,-0.0713011310202449+0i,-0.0701152530854298+0i
3.88871936440709+0i,0.930012194144947+0i,-69.5902928735451+0i,-69.6068834368476+0i,0,-0,-0.073364439112161+0i,-0.0679533595472514+0i
3.91878536733497+0i,0.882119071618356+0i,-69.6615813776215+0i,-69.6770115281274+0i,-0,-0,-0.0712885040764081+0i,-0.0701280912797999+0i
3.94972911021472+0i,0.824411079360369+0i,-69.7306660751708+0i,-69.7493116288502+0i,0,0,-0.0690846975493334+0i,-0.0723001007227315+0i
3.91778514044944+0i,0.755332133687332+0i,-69.8020246875774+0i,-69.8193683803835+0i,-0,-0,-0.0713586124066157+0i,-0.0700567515333275+0i
3.88527773129247+0i,0.667044224751469+0i,-69.8756225622658+0i,-69.8870688444982+0i,-0,-0,-0.0735978746883982+0i,-0.0677004641147373+0i
3.9186221012605+0i,0.550840734488768+0i,-69.9469225149303+0i,-69.9571852958492+0i,0,-0,-0.0712999526644041+0i,-0.0701164513509756+0i
3.95410116947455+0i,0.370715279855515+0i,-70.0156904528892+0i,-70.0297867469977+0i,0,-0,-0.0687679379589527+0i,-0.0726014511485386+0i
3.91456015777981+0.00232247414042361i,0+0.232247414042361i,-70.0872748186895+0.000162169822761614i,-70.0996131926464-0.000166252539514216i,0,0,-0.0715843658003185+0.000162169822761614i,-0.0698264456486545-0.000166252539514216i
3.94528799417171-0.0225138908833124i,1.42553212613063e-05-0.53319591652848i,-70.1566975176352-0.00145880009815018i,-70.1716240146136+0.00139645850509532i,0,0,-0.0694226989457066-0.0016209699209118i,-0.0720108219671685+0.00156271104460954i
3.9097913320742-0.00385612072612797i,0.0014120163039344-0.748527901927127i,-70.2286143990812-0.00172673981024513i,-70.2411086234165+0.00167377730765296i,0,-0,-0.0719168814459887-0.000267939712094946i,-0.0694846088028937+0.00027731880255764i
3.92028118529464+0.0349770298922911i,9.77658783439535e-05-0.949796020423095i,-70.2998414717246+0.000730360479916711i,-70.3113862374812-0.000816518687570218i,0,0,-0.0712270726433535+0.00245710029016184i,-0.0702776140647801-0.00249029599522318i
3.9014428260765-0.00118315481309378i,0.000242569488665867+1.15646024875168i,-70.3723354446643+0.000648863238560762i,-70.3802675693933-0.000730747134588917i,-0,-0,-0.0724939729396905-8.14972413559495e-05i,-0.0688813319120578+8.57715529813006e-05i
3.94126029163236+0.0100808188237816i,0.00012486812566422-1.38060145424923i,-70.4420334952473+0.00137179569110759i,-70.4519836624857-0.00143333675531477i,-0,0,-0.0696980505830126+0.000722932452546832i,-0.0717160930923731-0.000702589620725853i
3.89864467071717+0.00827952557469965i,0.000532590284156127+1.64226439226019i,-70.514722365286+0.00194042481164252i,-70.520664181511-0.00203515236226377i,-0,0,-0.0726888700387507+0.000568629120534922i,-0.0686805190253474-0.000601815606949004i
3.93719151485364-0.0123650301088323i,0.000340458652515092-1.9725771054607i,-70.5847134290742+0.00105718941010433i,-70.5920979270898-0.00116975485541046i,0,0,-0.0699910637882142-0.000883235401538189i,-0.0714337455787776+0.000865397506853318i
