X,Y,Theta,FmPi_x,FmPi_y,Xi_x,Xi_y
0,0,5.59579794303174,0,0,0,0
0.0767294658082389,-0.064129471203046,5.58700085625396,0.0767294658082389,-0.064129471203046,-0,0
0.143850098713408,-0.138256528600528,5.44822395149069,0.0671206329051689,-0.0741270573974818,0,-0
0.210988768194759,-0.212367250228871,5.44846729804124,0.0671386694813517,-0.0741107216283435,-0,0
0.279124163885994,-0.285562658923671,5.46199981018952,0.0681353956912351,-0.0731954086948002,-0,0
0.348942282773103,-0.357154769348394,5.48524280032711,0.0698181188871083,-0.0715921104247221,-0,-0
0.398315900414255,-0.444115943909374,5.22876989204584,0.0493736176411523,-0.0869611745609803,-0,-0
0.444568349951247,-0.532776594210553,5.19322943954731,0.0462524495369923,-0.0886606503011792,-0,-0
0.50274973110566,-0.614108795010513,5.3333460240487,0.0581813811544124,-0.0813322007999598,-0,-0
0.537770446253152,-0.707776022526642,5.07018123172341,0.0350207151474925,-0.0936672275161286,0,-0
0.576788072359342,-0.799850040865354,5.11321199941603,0.0390176261061899,-0.0920740183387125,-0,-0
0.612418159304759,-0.893287168947621,5.0766949191406,0.0356300869454169,-0.0934371280822673,0,0
0.647918448738756,-0.986773689099472,5.07530614365087,0.0355002894339966,-0.0934865201518511,-0,0
0.669807611812015,-1.08434860667542,4.93306738970103,0.0218891630732588,-0.0975749175759441,0,0
0.719737822927106,-1.17099140220974,5.2351820906441,0.0499302111150909,-0.0866427955343227,-0,-0
0.764231168689062,-1.26054776537231,5.17348893761176,0.0444933457619562,-0.089556363162575,-0,-0
0.811358551684272,-1.34874646021539,5.2031234750599,0.0471273829952106,-0.0881986948430799,0,-0
0.848962952759597,-1.44140664055067,5.09791220681496,0.0376044010753243,-0.0926601803352775,-0,0
0.891197091893139,-1.53205032478542,5.14841582244309,0.0422341391335423,-0.0906436842347474,0,0
0.913444345271559,-1.62954422057955,4.93673881104963,0.0222472533784203,-0.0974938957941284,0,-0
0.902609712955086,-1.72895554157754,4.60382955131356,-0.0108346323164734,-0.0994113209979972,-0,-0
0.904032360687722,-1.8289454214326,4.72661593764386,0.00142264773263653,-0.0999898798550575,0,0
0.898561448552374,-1.92879565488454,4.65765253067151,-0.00547091213534782,-0.0998502334519419,-0,-0
0.884509621082737,-2.02780346338854,4.5714041165884,-0.0140518274696374,-0.099007808503994,-0,-0
0.857616606273923,-2.12411943171411,4.44010689459671,-0.0268930148088145,-0.0963159683255735,-0,0
0.819143506014999,-2.2164223057564,4.31747260461104,-0.0384731002589232,-0.0923028740422899,0,-0
0.754802430339476,-2.29297441860064,4.01344354095784,-0.0643410756755231,-0.0765521128442358,0,-0
0.692029873490807,-2.37081789043149,4.03376102442368,-0.0627725568486688,-0.077843471830852,0,0
0.627614968736477,-2.44730789007517,4.01247872059722,-0.0644149047543307,-0.0764899996436822,-0,0
0.559141433691562,-2.52018707090518,3.95814847815278,-0.0684735350449145,-0.0728791808300071,-0,-0
0.503891726948161,-2.60353855502375,4.12703187830603,-0.0552497067434015,-0.0833514841185695,0,-0
0.436586630023252,-2.67749816513581,3.97406271242618,-0.0673050969249092,-0.0739596101120644,-0,-0
0.359158713043947,-2.74078258401002,3.82681371308751,-0.0774279169793047,-0.0632844188742056,0,-0
0.287791776548241,-2.81083085576042,3.91766631403073,-0.0713669364957059,-0.0700482717504,0,0
0.214179402929821,-2.87851555455019,3.88506354342054,-0.0736123736184201,-0.0676846987897717,0,-0
0.161459914883329,-2.96348999529631,4.15709294176213,-0.0527194880464918,-0.0849744407461197,0,0
0.10967501328237,-3.04903719844275,4.16805433137196,-0.0517849016009587,-0.0855472031464444,-0,-0
0.0648205377743517,-3.13841323565016,4.24725253502038,-0.0448544755080187,-0.0893760372074112,-0,0
0.0506827269077585,-3.23740880274233,4.57053561228849,-0.0141378108665932,-0.0989955670921706,-0,0
0.0503858197214511,-3.33740836197198,4.70941990415935,-0.000296907186307408,-0.0999995592296422,-0,-0
0.0188096199170884,-3.43229220467407,4.39112934839247,-0.0315761998043627,-0.09488384270209,-0,0
0.00391209446568616,-3.53117629710265,4.5628570984489,-0.0148975254514023,-0.0988840924285844,-0,0
-0.00639915124953232,-3.63064326755918,4.60909292510002,-0.0103112457152185,-0.0994669704565309,-0,0
0.000260992041681991,-3.73042123352031,4.77903974973423,0.00666014329121431,-0.0997779659611304,0,-0
0.0206634269362422,-3.82831781492321,4.91785596994056,0.0204024348945602,-0.0978965814028929,0,0
0.0168036877942456,-3.92824329922904,4.67378199906822,-0.00385973914199663,-0.0999254843058353,0,-0
0.00861216188029825,-4.02790722902915,4.63038183345197,-0.00819152591394732,-0.0996639298001094,-0,-0
0.00971121662201197,-4.12790118924013,4.7233797490758,0.00109905474171372,-0.0999939602109783,-0,0
0.0291081881037757,-4.22600194100756,4.90759608959937,0.0193969714817638,-0.0981007517674337,0,0
0.02864809195459,-4.32600088255963,4.70778800265984,-0.000460096149185719,-0.099998941552066,-0,0
0.0338121110486311,-4.42586745808315,4.7640521504743,0.00516401909404113,-0.0998665755235273,0,-0
0.0409277610059764,-4.5256139744418,4.78360566434766,0.00711564995734522,-0.0997465163586405,-0,-0
0.0461369495783078,-4.62547820404588,4.7645044540385,0.00520918857233139,-0.0998642296040874,-0,-0
0.0402132142676129,-4.72530259665595,4.65311692784606,-0.00592373531069484,-0.0998243926100671,-0,0
0.0234534641236643,-4.82388814719513,4.54399678692935,-0.0167597501439486,-0.0985855505391759,0,0
0.0227666603705372,-4.92388578867034,4.70552088885812,-0.000686803753127174,-0.0999976414752103,-0,-0
0.0118227739156759,-5.02328514153173,4.60273047423416,-0.0109438864548612,-0.0993993528613899,0,-0
0.00487783826692486,-5.12304368938019,4.6428836742016,-0.00694493564875108,-0.0997585478484661,0,0
0.00957454756112757,-5.22293333309667,4.75937335800293,0.00469670929420271,-0.0998896437164822,0,-0
-0.0221586250444276,-5.3177647928365,4.38947452389123,-0.0317331726055551,-0.094831459739825,0,0
-0.0499504641033411,-5.41382526171795,4.43076253077639,-0.0277918390589135,-0.096060468881447,-0,-0
-0.083671690583324,-5.507968125944,4.36843483453281,-0.0337212264799829,-0.0941428642260565,0,-0
-0.106134455373968,-5.60541259319566,4.48582807827074,-0.0224627647906441,-0.0974444672516619,-0,-0
-0.135230882772609,-5.70108598506945,4.41715441583553,-0.0290964273986406,-0.0956733918737892,0,0
-0.143838011444496,-5.80071488316647,4.62621106464044,-0.00860712867188726,-0.0996288980970159,-0,0
-0.140555149427579,-5.90066098272507,4.74522350008288,0.00328286201691649,-0.0999460995586015,-0,0
-0.141394032136922,-6.00065746404216,4.7040000548978,-0.000838882709342753,-0.0999964813170942,0,0
-0.14177392433955,-6.10065674244913,4.7085900492208,-0.000379892202628245,-0.0999992784069684,0,-0
-0.146508810872721,-6.20054458379891,4.66502240515804,-0.00473488653317069,-0.0998878413497759,-0,0
-0.141445990359063,-6.30041634080982,4.76303883900384,0.00506282051365818,-0.0998717570109112,0,-0
-0.0974524333542355,-6.39021927473774,5.16791590658776,0.0439935570048275,-0.0898029339279235,0,0
-0.0428735900836992,-6.47401157669473,5.28971874401208,0.0545788432705364,-0.0837923019569831,-0,0
0.00760599185347515,-6.56033545408359,5.24153440077939,0.0504795819371743,-0.0863238773888668,-0,-0
0.0473158857741975,-6.65211303481443,5.12074268771482,0.0397098939207223,-0.0917775807308353,0,-0
0.0759945427662817,-6.74791248488138,5.00325979559605,0.0286786569920842,-0.0957994500669517,0,0
0.0893469273961685,-6.84701704494143,4.84631280161478,0.0133523846298868,-0.0991045600600475,-0,-0
0.0738987997823541,-6.94581661656614,4.55728657504477,-0.0154481276138143,-0.0987995716247156,-0,-0
0.051265125118739,-7.04322152799889,4.48407380191334,-0.0226336746636151,-0.0974049114327488,0,-0
0.0512758756000527,-7.14322152742103,4.71249648519803,1.075048131375e-05,-0.0999999994221358,0,0
0.0329140859597218,-7.24152129690806,4.5277233121891,-0.0183617896403309,-0.0982997694870351,-0,-0
-0.00611475402932964,-7.3335905624048,4.31144416616632,-0.0390288399890515,-0.092069265496739,-0,-0
-0.0388345154120385,-7.42808615603254,4.37905256010384,-0.0327197613827088,-0.094495593627738,0,-0
-0.0583119068041431,-7.52617097251582,4.51636203608679,-0.0194773913921046,-0.0980848164832803,-0,0
-0.0666737611021688,-7.62582075622205,4.62867268519901,-0.00836185429802566,-0.0996497837062308,0,-0
-0.061465821737298,-7.72568505098035,4.76449194498438,0.00520793936487077,-0.099864294758296,-0,-0
-0.0576986998450476,-7.82561406975192,4.75006911500328,0.00376712189225037,-0.0999290187715707,-0,0
-0.0411789855985305,-7.9242401263557,4.87834687717388,0.0165197142465171,-0.0986260566037871,0,-0
-0.0186674587376145,-8.02167334019159,4.93945032019866,0.022511526860916,-0.09743321383589,0,-0
0.0045151338235814,-8.11894906893285,4.94634330656438,0.0231825925611959,-0.0972757287412517,-0,0
-0.00516508380214947,-8.21847943307725,4.61543497963727,-0.00968021762573087,-0.0995303641444082,0,-0
-0.00952550566072724,-8.31838432145222,4.66877093231043,-0.00436042185857777,-0.0999048883749701,0,0
0.00793044352199166,-8.41684898434268,4.88784735387435,0.0174559491827189,-0.0984646628904519,-0,0
0.0198329679453493,-8.51613810717268,4.83169707015159,0.0119025244233576,-0.0992891228300028,0,-0
0.0337118871308337,-8.61517030194914,4.85162764909561,0.0138789191854845,-0.0990321947764604,-0,-0
0.0657795903285924,-8.70988916180092,5.03883316181451,0.0320677031977586,-0.0947188598517764,0,0
0.108037940165043,-8.80052156146627,5.14868293658461,0.0422583498364508,-0.0906323996653522,0,-0
0.162075496526829,-8.88466395567066,5.28327236876437,0.054037556361786,-0.0841423942043891,-0,0
0.220865146876207,-8.96555757106642,5.34084503202066,0.0587896503493774,-0.080893615395765,0,-0
0.271236623220889,-9.05194457454991,5.24028253317466,0.0503714763446821,-0.0863870034834936,-0,-0
0.357363915274261,-9.10275883990476,5.75015840545233,0.0861272920533722,-0.0508142653548503,0,0
0.435029232429849,-9.16575168482482,5.60172422615249,0.0776653171555884,-0.0629928449200531,0,-0
0.519510050831835,-9.21925861262048,5.71859555781206,0.0844808184019862,-0.0535069277956661,-0,-0
0.609839495899872,-9.26216072624791,5.83977646909694,0.090329445068037,-0.0429021136274251,-0,-0
0.706734736816839,-9.28688545653244,6.03334698657678,0.096895240916967,-0.0247247302845334,-0,0
0.796926609346944,-9.33007603570792,5.83658055510336,0.0901918725301045,-0.0431905791754797,0,0
0.882024038096333,-9.3825967708536,5.73022654880122,0.0850974287493892,-0.0525207351456797,0,-0
0.958942965929524,-9.44649887207878,5.58996046821626,0.076918927833191,-0.0639021012251737,0,-0
1.01661721543669,-9.52819147237883,5.32712451654778,0.0576742495071696,-0.0816926003000563,-0,0
1.06661910412949,-9.61479292229252,5.23600956486616,0.0500018886927946,-0.0866014499136901,0,0
1.10189384320885,-9.70836478121861,5.07289459441758,0.0352747390793644,-0.0935718589260829,0,0
1.15497505724497,-9.79311373234163,5.27194754803108,0.0530812140361125,-0.0847489511230223,0,-0
1.18850842744298,-9.88732367387204,5.05434839917185,0.0335333701980141,-0.0942099415304083,0,0
1.22359938855475,-9.98096460748684,5.07093128938842,0.0350909611117735,-0.0936409336148033,0,0
1.23772551542594,-10.0799618424968,4.85412432403482,0.0141261268711823,-0.0989972350099702,-0,-0
1.28068859524475,-10.1702623063521,5.15647285827045,0.0429630798188181,-0.0903004638552974,0,0
1.30313899349437,-10.2677096234954,4.93882297575344,0.0224503982496157,-0.0974473171433347,0,0
1.30974762086748,-10.3674910147678,4.77852345305263,0.00660862737310872,-0.0997813912723379,-0,-0
1.31455345511164,-10.4673754677984,4.76046584137174,0.00480583424416429,-0.0998844530305774,-0,-0
1.32401409781621,-10.5669269431245,4.80713710607374,0.00946064270456361,-0.0995514753261678,0,-0
1.32922201347395,-10.6667912391191,4.76449170759101,0.00520791565774908,-0.0998642959946235,0,0
1.31466283092429,-10.7657257134114,4.56627783470657,-0.0145591825496663,-0.0989344742922582,0,0
1.29242068648195,-10.8632207748792,4.48809155203172,-0.0222421444423348,-0.0974950614677806,0,0
1.27386924147603,-10.961484928507,4.52579360602807,-0.018551445005919,-0.0982641536278228,0,0
1.26771782721021,-11.061295549698,4.65083597670346,-0.00615141426582348,-0.0998106211909846,0,0
1.27867792547427,-11.1606931162982,4.82221058573423,0.0109600982640622,-0.0993975666002046,-0,-0
1.30368159960686,-11.2575167512221,4.96510718199082,0.0250036741325824,-0.096823634923874,0,0
1.32152874285997,-11.3559112606101,4.89182170316111,0.017847143253111,-0.0983945093879884,-0,-0
1.36520989366692,-11.4458665665357,5.16444006165734,0.0436811508069513,-0.0899553059256672,0,0
1.41369474419219,-11.5333263817056,5.21857892334113,0.0484848505252714,-0.0874598151698373,-0,-0
1.46452205977301,-11.6194459729195,5.24556741142494,0.050827315580819,-0.0861195912138918,0,0
1.51996318787496,-11.7026702561232,5.30004439124332,0.0554411281019468,-0.0832242832037833,0,-0
1.59013698349749,-11.7739137709715,5.49022301446631,0.0701737956225318,-0.0712435148482101,0,0
1.65224875155576,-11.8522855022824,5.38255700624899,0.0621117680582753,-0.0783717313109454,-0,0
1.70586987219117,-11.9366938870662,5.27833101065815,0.0536211206354111,-0.0844083847837565,0,0
1.75352222366144,-12.0246100596361,5.20908511734409,0.0476523514702669,-0.087916172569978,-0,-0
1.80899774568844,-12.1078114205375,5.30045771606175,0.0554755220270022,-0.0832013609013194,-0,-0
1.87360271950381,-12.1841409519019,5.41478673587089,0.0646049738153694,-0.0763295313644426,0,-0
1.92560948495489,-12.2695534588743,5.25931913830896,0.0520067654510743,-0.085412506972439,0,-0
1.98156244997431,-12.3524344923231,5.30620717167487,0.0559529650194265,-0.0828810334487622,0,-0
2.03239249097085,-12.4385524749533,5.24559905859299,0.0508300409965411,-0.0861179826301682,-0,-0
2.07493995323492,-12.5290495105671,5.15187526346004,0.0425474622640646,-0.0904970356138144,-0,-0
2.12721777116217,-12.6142963858926,5.26249566742339,0.0522778179272515,-0.0852468753255223,0,0
2.15733341648783,-12.7096538602017,5.01829415829092,0.0301156453256592,-0.0953574743091442,-0,-0
2.20689336324022,-12.7965089790946,5.23091386872564,0.0495599467523936,-0.0868551188929007,0,0
2.27812512522447,-12.8666947047418,5.50518380510112,0.07123176198425,-0.0701857256471653,-0,0
2.35861124653679,-12.926041012766,5.64783055216948,0.0804861213123189,-0.0593463080241618,0,-0
2.43266071554,-12.9932472337603,5.54619511828367,0.0740494690032086,-0.0672062209943607,-0,0
2.49997494069648,-13.0671985359232,5.45083867712095,0.0673142251564799,-0.0739513021628608,0,0
2.5746319850802,-13.1337291734061,5.55528118786045,0.0746570443837163,-0.0665306374829508,0,-0
2.64636884616801,-13.2033985552124,5.51240695077923,0.0717368610878139,-0.0696693818062691,-0,-0
2.72467162590284,-13.2655972263059,5.61190793652472,0.0783027797348307,-0.0621986710935096,-0,-0
2.81329760407513,-13.3119160776842,5.80159575781451,0.0886259781722857,-0.0463188513783054,0,0
2.89296870047581,-13.3723521298246,5.63422233251109,0.0796710964006802,-0.06043605214037,-0,-0
2.9744822190384,-13.4302792071852,5.66535150910101,0.0815135185625951,-0.0579270773606391,-0,0
3.05465284615162,-13.4900510278725,5.64253339942223,0.0801706271132174,-0.0597718206872893,0,-0
3.14838797059544,-13.5248896048455,5.92733687474472,0.093735124443824,-0.0348385769729596,0,0
3.24375337449898,-13.554980130569,5.97754354394366,0.0953654039035385,-0.0300905257234726,0,-0
3.34326802574008,-13.5648205669598,6.18462143210087,0.0995146512410988,-0.00984043639085506,-0,0
3.44286144708136,-13.5558122138618,6.3733911238616,0.0995934213412814,0.00900835309798624,0,-0
3.54198294676415,-13.5425861675654,6.41583443913329,0.0991214996827836,0.0132260462964534,-0,0
3.64144803704231,-13.5529155342428,6.1797070694743,0.0994650902781613,-0.0103293666774501,-0,-0
3.73856124206992,-13.5767697877265,6.04232052332544,0.0971132050276159,-0.0238542534836921,-0,-0
3.83825446324289,-13.5845967700414,6.20483534726961,0.0996932211729662,-0.00782698231491802,0,-0
3.93690014446385,-13.6009988911376,6.11841960485001,0.0986456812209595,-0.0164021210961523,-0,0
4.03659156973624,-13.6088487145216,6.2046062316446,0.0996914252723904,-0.00784982338396207,-0,-0
4.13510955197611,-13.626001183014,6.11080822493712,0.098517982239869,-0.0171524684924609,0,0
4.23330599623871,-13.64490775156,6.09297472288198,0.0981964442625963,-0.0189065685459529,-0,0
4.33151479759505,-13.6637500267981,6.09362942337434,0.0982088013563435,-0.0188422752381517,-0,-0
4.43061779816107,-13.650386072338,6.41722587299992,0.0991030005660158,0.0133639544601242,0,-0
4.52017672433578,-13.6058978857888,6.74422765667459,0.0895589261747117,0.0444881865491564,0,0
4.61856494086535,-13.5880160836389,6.46297028543298,0.098388216529571,0.0178818021499584,-0,-0
4.71856304876944,-13.58863123858,6.27703371896995,0.0999981079040917,-0.00061515494116076,-0,0
4.81757266287612,-13.5745921390916,6.42404161682104,0.0990096141066834,0.0140390994884162,-0,0
4.91710233344321,-13.5649047928706,6.38021093049371,0.0995296705670912,0.00968734622104038,-0,-0
5.01654938759587,-13.5544032015455,6.38839520993814,0.0994470541526549,0.0105015913250769,0,0
5.11476932751616,-13.5731873278775,6.09422148443537,0.098219939920287,-0.0187841263319645,-0,-0
5.21474048291617,-13.5755890122837,6.25916615366366,0.0999711554000105,-0.00240168440619317,0,0
5.31315094735863,-13.5578300571281,6.46172183216281,0.0984104644424653,0.0177589551555904,0,0
5.41137553620879,-13.5390702558173,6.47190147710033,0.0982245888501533,0.0187598013107373,-0,-0
5.51119692569289,-13.5330961281436,6.34296217741538,0.0998213894841069,0.00597412767374792,-0,-0
5.61117539493076,-13.5310211127575,6.30393695039043,0.0999784692378697,0.00207501538604897,0,0
5.70741654025874,-13.5038615482183,6.55823591764129,0.0962411453279804,0.0271595645391925,-0,-0
5.79867822170525,-13.4629799447816,6.7043416613042,0.0912616814465049,0.0408816034367131,0,0
5.87193982834317,-13.3949157325051,7.03182406461364,0.0732616066379208,0.0680642122765742,-0,0
5.94388240655665,-13.3254588002377,7.05100639446638,0.0719425782134844,0.0694569322673891,-0,-0
6.00046903175011,-13.2430090952702,7.25249811586819,0.0565866251934609,0.0824497049674211,-0,0
6.05674858174637,-13.1603494784539,7.25621777069853,0.0562795499962545,0.0826596168163094,-0,-0
6.11438430964379,-13.0786296958445,7.23971756280507,0.057635727897419,0.0817197826094433,-0,-0
6.16938510881466,-12.9951137567037,7.27160782705385,0.0550007991708735,0.0835159391407727,0,0
6.21303073234045,-12.9051412078511,7.40232545854607,0.0436456235257925,0.0899725488526628,-0,-0
6.25590790682888,-12.8147999221181,7.41084886870923,0.0428771744884308,0.090341285732984,0,-0
6.29057055457795,-12.7209995977528,7.50000942465798,0.0346626477490665,0.0938003243652394,0,-0
6.33470658246847,-12.6312665991289,7.39686760647346,0.0441360278905241,0.0897329986239559,0,0
6.36415707457007,-12.5357016028438,7.55504421141852,0.0294504921015946,0.0955649962851143,0,0
6.3856229338341,-12.4380326882084,7.63763937337211,0.0214658592640292,0.0976689146353992,-0,0
6.39886827624349,-12.3389137651691,7.72113782817357,0.013245342409396,0.0991189230392353,-0,-0
6.42283423910686,-12.2418280678495,7.61196638669336,0.0239659628633684,0.0970856973195931,-0,0
6.45051466697698,-12.1457354359107,7.57351479278088,0.0276804278701184,0.0960926319388077,0,-0
6.48129828718802,-12.0505914990219,7.54106367706946,0.0307836202110382,0.0951439368888137,-0,-0
6.53813644244278,-11.9683149889645,7.24944420164119,0.0568381552547626,0.0822765100574612,0,0
6.58587094529134,-11.880443393794,7.35635083161297,0.0477345028485586,0.0878715951704585,0,-0
6.62319491032147,-11.7876698973932,7.47148305588574,0.037323965030125,0.0927734964008041,0,-0
6.67302225243682,-11.7009679021583,7.33237539511974,0.0498273421153586,0.0867019952349368,-0,-0
6.74961617029726,-11.6366765983389,6.98148075451429,0.0765939178604403,0.0642913038193201,-0,-0
6.82676361943801,-11.5730505730735,6.97282629261592,0.0771474491407423,0.0636260252654257,-0,0
6.90471546904026,-11.5104126521024,6.9600848948846,0.0779518496022475,0.0626379209711545,0,-0
6.97507427321325,-11.4393518424015,7.07354741965503,0.0703588041729928,0.0710608097008924,0,0
7.05229575892974,-11.3758156940783,6.97166184936536,0.0772214857164884,0.0635361483231253,0,0
7.13999876288808,-11.3277721399146,6.78433656178764,0.0877030039583487,0.0480435541637155,-0,0
7.22152965471728,-11.2698695175428,6.90071912577944,0.0815308918291986,0.0579026223718366,-0,0
7.29254750284908,-11.1994673496306,7.06422994024114,0.0710178481317999,0.0704021679121361,0,0
7.36705200833082,-11.1327659353809,7.0133792484049,0.0745045054817346,0.0667014142497907,0,0
7.43162904361408,-11.0564127657412,7.15194984701788,0.0645770352832669,0.0763531696396665,-0,0
7.50103458828235,-10.9844206108262,7.08687458694508,0.0694055446682604,0.0719921549149775,-0,-0
7.56733328105799,-10.9095575135336,7.12918003340177,0.0662986927756401,0.0748630972926,0,-0
7.64486451594475,-10.8463997141979,6.96677213586534,0.0775312348867651,0.0631577993357373,-0,0
7.72439851488957,-10.7857833549221,6.93441337340048,0.0795339989448158,0.0606163592757437,-0,-0
7.80211648317149,-10.7228554802867,6.96381012990933,0.0777179682819251,0.0629278746354084,0,0
7.89000047547748,-10.6751438056529,6.78055633726334,0.0878839923059926,0.0477116746337858,0,-0
7.97659853148863,-10.6251360393052,6.80687376315883,0.0865980560111493,0.050007766347737,-0,-0
8.06331598203561,-10.575335599843,6.80448128494707,0.0867174505469774,0.049800439462243,0,-0
8.14827910965254,-10.5225978814097,6.83869589973396,0.084963127616932,0.0527377184332896,0,0
8.22883844253945,-10.463350992168,6.91730539499158,0.0805593328869111,0.0592468892416795,-0,0
8.30921109466424,-10.4038511031729,6.92044957475138,0.0803726521247824,0.0594998889950958,0,0
8.38356163604669,-10.3369781116432,7.01568454080278,0.0743505413824521,0.0668729915297371,-0,-0
8.4669495765799,-10.2817834436613,6.86788223234284,0.0833879405332084,0.0551946679818811,-0,0
8.54376261131622,-10.2177540934022,6.97806561196403,0.0768130347363181,0.0640293502590585,0,-0
8.61463809008949,-10.1472086009264,7.0662501129735,0.0708754787732783,0.0705454924758385,-0,-0
8.69386095958067,-10.0861861710372,6.93952899116134,0.0792228694911751,0.0610224298892156,0,0
8.78572330805461,-10.0466727690974,6.68939904520305,0.0918623484739418,0.0395134019397481,-0,-0
8.88039895128182,-10.0144776983642,6.61097448557757,0.09467564322721,0.0321950707331735,0,-0
8.97726184758715,-9.98962655514421,6.53432848051656,0.0968628963053321,0.0248511432200308,-0,-0
9.07641824359446,-9.97666472152224,6.41316936628507,0.0991563960072998,0.0129618336219669,-0,-0
9.17440263517554,-9.99664118283263,6.08206762124616,0.0979843915810814,-0.0199764613103848,-0,0
9.27393307386547,-9.98696173170207,6.38013160681096,0.0995304386899361,0.00967945113055868,-0,0
9.36138194971564,-9.93845715343835,6.78960082770171,0.0874488758501691,0.0485045782637239,0,0
9.44958492517973,-9.89133778248242,6.77382896326727,0.0882029754640866,0.0471193709559215,-0,0
9.54204395871599,-9.85324149503153,6.67402278714037,0.0924590335362588,0.0380962874508916,-0,0
9.63305124498973,-9.8117966661009,6.71052179946271,0.0910072862737409,0.0414448289306322,0,-0
9.72034392077748,-9.7630115376926,6.79281185451117,0.0872926757877537,0.0487851284082979,0,-0
9.80710075314596,-9.7132797366254,6.80368994700002,0.0867568323684756,0.0497318010672067,-0,-0
9.89499101839311,-9.66557961844121,6.78042484531747,0.0878902652471498,0.0477001181841895,0,0
9.9844421418048,-9.62087507146457,6.74664495472705,0.089451123411695,0.0447045469766299,-0,-0
10.0759612508336,-9.58057305312095,6.69799982254686,0.0915191090288276,0.040302018343621,0,-0
10.1683023172317,-9.54219171056418,6.67710779499382,0.0923410663981049,0.0383813425567785,0,-0
10.2529099724971,-9.48888556954367,6.84540012611648,0.0846076552653627,0.053306141020501,0,-0
10.3406933533029,-9.44098903465533,6.7826609988524,0.0877833808057632,0.0478965348883441,0,-0
10.4288764068773,-9.39383239077253,6.77425159227622,0.0881830535744307,0.0471566438827986,-0,-0
10.5175911626733,-9.34768380353455,6.76285466501057,0.0887147557959685,0.0461485872379825,-0,-0
10.5956587525948,-9.2851901926304,6.95823499686816,0.0780675899215594,0.0624936109041496,-0,0
10.6682746191011,-9.21643747681831,7.04126347165004,0.0726158665063146,0.0687527158120834,-0,-0
10.7413022397471,-9.14812227629323,7.03525545880309,0.0730276206460086,0.0683152005250856,-0,-0
10.8201886595386,-9.08666552098929,6.94502296718549,0.0788864197914437,0.0614567553039381,0,0
10.872410695985,-9.00138446266222,7.30452916794935,0.0522220364464649,0.085281058327064,0,-0
10.9211206026844,-8.91404979034165,7.34521659779933,0.0487099066993386,0.0873346723205723,-0,-0
10.9498820664802,-8.81827516844043,7.56224633018483,0.0287614637957986,0.0957746219012269,-0,0
10.9592969723242,-8.71871935721904,7.7596929275319,0.00941490584398357,0.0995558112213894,0,0
10.9654984595516,-8.61891183467605,7.79192694282521,0.00620148722742678,0.099807522542983,-0,0
10.9694443379846,-8.51898971478565,7.81451260293773,0.0039458784329801,0.0999221198904034,0,0
10.9662362368091,-8.41904118759866,7.88606815119611,-0.00320810117550189,0.0999485271869863,-0,0
10.9564239465116,-8.31952375717003,7.95226267934087,-0.00981229029746572,0.0995174304286353,-0,-0
10.9680074766401,-8.22019691371992,7.73788571316417,0.0115835301284914,0.0993268434501084,0,-0
10.9628637857095,-8.1203292891181,7.90544125190945,-0.00514369093057603,0.0998676246018233,-0,0
10.9669187753059,-8.02041153764533,7.8134206171209,0.00405498959640479,0.0999177514727641,0,-0
10.9751172134945,-7.92074817621663,7.77190513101304,0.00819843818861778,0.0996633614286986,-0,0
10.9716332960793,-7.82080888304601,7.88882785975842,-0.00348391741522378,0.0999392931706238,-0,-0
10.9739776438789,-7.72083636665578,7.83053600803777,0.00234434779959071,0.0999725163902287,0,0
10.9663657765096,-7.6211264901382,7.93017400591666,-0.0076118673693079,0.0997098765175851,-0,0
10.9667227840852,-7.52112712741227,7.85041155063521,0.000357007575553433,0.0999993627259244,-0,0
10.954283773754,-7.42190378831314,7.97869477082512,-0.0124390103311752,0.0992233390991299,-0,-0
10.9581287026121,-7.32197773304188,7.81552286551532,0.00384492885811065,0.0999260552712658,-0,-0
10.9679331474339,-7.22245952937172,7.75577942349264,0.00980444482184385,0.0995182036701599,-0,-0
10.9712835734592,-7.12251567190439,7.8204711022669,0.00335042602524213,0.099943857467327,0,0
10.968388302585,-7.02255759365873,7.88293838922263,-0.00289527087417777,0.0999580782456583,-0,-0
10.96246057093,-6.92273343827825,7.91329372030626,-0.00592773165503116,0.0998241553804786,0,0
10.9546287070368,-6.82304060048155,7.93238055997826,-0.00783186389315226,0.0996928377967,0,0
10.9384446401832,-6.72435891028486,8.0165372612175,-0.0161840668536634,0.0986816901966933,-0,-0
10.9002714170379,-6.63193161434529,8.24565136248663,-0.0381732231452693,0.0924272959395734,-0,0
10.8634098865191,-6.53897341100738,8.23150062531084,-0.0368615305188114,0.092958203337902,0,-0
10.8299309765417,-6.44474410247374,8.19536303922,-0.0334789099773411,0.0942293085336462,-0,0
10.7895179235091,-6.35327396994635,8.27000971440697,-0.0404130530326795,0.0914701325273875,-0,-0
10.7392770828082,-6.26681092624748,8.38036363821585,-0.0502408407008365,0.0864630436988727,0,-0
10.68844732344,-6.18069277739039,8.38718844192411,-0.0508297593681897,0.0861181488570901,0,-0
10.6387050358553,-6.09394195707245,8.37460715050992,-0.0497422875847617,0.0867508203179363,-0,0
10.6022245524008,-6.00083355612533,8.22740481743467,-0.0364804834544573,0.0931084009471168,-0,0
10.5755546416421,-5.90445557181294,8.1239480897459,-0.0266699107587524,0.0963779843123946,0,-0
10.5619894847557,-5.80537991123655,7.99005271464433,-0.0135651568864073,0.0990756605763856,-0,0
10.5677651032692,-5.70554683940769,7.79619329025088,0.00577561851353615,0.0998330718288589,-0,0
10.5694788349012,-5.60556152486654,7.83684347870722,0.00171373163201368,0.0999853145411537,-0,-0
10.5935373637612,-5.50849872463344,7.6110128280431,0.0240585288600206,0.0970628002331045,-0,-0
10.6128984240235,-5.41039087914939,7.65914057619297,0.019361060262251,0.0981078454840462,0,-0
10.6291761299405,-5.31172459164409,7.69047703266586,0.0162777059170601,0.0986662875052959,0,-0
10.6522619719476,-5.21442585630377,7.6210217912861,0.0230858420070423,0.0972987353403213,0,-0
10.644698050477,-5.11471233118312,7.92969316066597,-0.00756392147060776,0.0997135251206499,-0,0
10.6214670495371,-5.0174481517781,8.08843363056168,-0.0232310009398769,0.0972641794050175,-0,-0
10.5988279817376,-4.92004449368885,8.08235218101519,-0.0226390677995134,0.0974036580892578,0,-0
10.5672846426215,-4.82514972166527,8.17489496047835,-0.0315433391161085,0.0948947720235745,-0,0
10.5130745365026,-4.74111839182585,8.42691706345049,-0.054210106118865,0.08403132983942,-0,0
10.4523561625248,-4.66166224630211,8.50649298336262,-0.0607183739778205,0.0794561455237386,-0,0
10.381124117256,-4.59147680816264,8.6467804949117,-0.0712320452687549,0.0701854381394749,-0,0
10.3018235648803,-4.53055536372058,8.7697083526599,-0.0793005523757122,0.0609214444420594,0,-0
10.2229132657789,-4.46912927239355,8.76332895240005,-0.0789102991014694,0.06142609132703,0,0
10.1408346954929,-4.41200564943588,8.81676673967044,-0.0820785702859791,0.057123622957666,0,0
10.0623883529215,-4.34998814112433,8.75581208887922,-0.0784463425713783,0.0620175083115563,-0,0
9.99761213151288,-4.27380388330146,8.55862505553712,-0.0647762214086198,0.0761842578228696,-0,0
9.95689902381128,-4.18246690907262,8.27329245767421,-0.040713107701592,0.0913369742288334,0,0
9.91293928615856,-4.0926474152781,8.30913199972087,-0.0439597376527205,0.0898194937945209,-0,-0
9.86106838331952,-4.00715233098279,8.39932189665302,-0.0518709028390474,0.0854950842953097,-0,0
9.79367443090128,-3.93327367927982,8.59350996534387,-0.0673939524182363,0.0738786517029684,-0,0
9.72456429008828,-3.86099789884954,8.6169934752091,-0.0691101408130018,0.072275780430287,0,-0
9.6534332865707,-3.79071005965539,8.64534190480162,-0.0711310035175778,0.0702878391941475,0,0
9.58136104312256,-3.72138768430405,8.65882552665794,-0.0720722434481435,0.0693223753513361,-0,-0
9.49917377467964,-3.66442056303317,8.81867220754666,-0.0821872684429185,0.0569671212708844,0,0
9.41434659198079,-3.6114644578575,8.8666949408304,-0.0848271826988477,0.0529561051756671,0,0
9.3279996924938,-3.56102426605588,8.89608878590254,-0.0863468994869867,0.05044019180162,0,0
9.24487222194545,-3.50543808395787,8.83537860725877,-0.0831274705483507,0.0555861820980097,-0,0
9.1530744259989,-3.4657749441508,9.01693362581239,-0.0917977959465491,0.0396631398070771,-0,0
9.06070139611186,-3.42747059257702,9.03168909616086,-0.0923730298870427,0.038304351573777,-0,0
8.96344524709179,-3.40420599548645,9.18998053858442,-0.0972561490200664,0.023264597090572,0,0
8.8690383578579,-3.37123116773589,9.08874103376177,-0.0944068892338967,0.0329748277505549,-0,0
8.77732157078874,-3.33138106146613,9.01489600684042,-0.0917167870691563,0.0398501062697586,-0,-0
8.69808727528218,-3.2703734683684,8.7686215424305,-0.0792342955065607,0.0610075930977367,0,-0
8.61809556411732,-3.21036241817831,8.78113871744416,-0.0799917111648643,0.0600110501900853,-0,-0
8.54343300069952,-3.14383797437092,8.69695680008704,-0.074662563417801,0.0665244438073919,0,0
8.47405202011829,-3.0718221460164,8.6207475320448,-0.0693809805812257,0.0720158283545193,-0,0
8.39711841312257,-3.00793771822192,8.7317828668751,-0.0769336069957219,0.0638844277944775,-0,-0
8.32227024682976,-2.94162216949763,8.69975118076551,-0.0748481662928044,0.0663155487242977,-0,-0
8.24952934829962,-2.87300175212038,8.66852012297277,-0.0727408985301465,0.0686204173772423,0,0
8.17718177337401,-2.80396677256376,8.66280552633635,-0.0723475749256095,0.0690349795566227,0,0
8.09119896550801,-2.75290840643754,8.88891449561196,-0.0859828078659974,0.0510583661262184,0,0
8.00383040599165,-2.70425930769937,8.91670905320119,-0.0873685595163562,0.0486490987381772,0,-0
7.93123557667828,-2.63548437944086,8.66639386227495,-0.0725948293133714,0.0687749282585047,0,-0
7.86317215563603,-2.56222203770908,8.60260959134034,-0.0680634210422569,0.0732623417317824,0,-0
7.80858635053988,-2.47843427080957,8.43139448416042,-0.0545858050961413,0.0837877668995067,-0,0
7.73362985140928,-2.41224119535538,8.70138628662117,-0.074956499130601,0.066193075454191,-0,0
7.63962148380063,-2.3781468142999,9.07685728137305,-0.0940083676086526,0.0340943810554824,-0,0
7.54487192522836,-2.34616992967428,9.09929244639278,-0.094749558572269,0.0319768846256192,-0,-0
7.46016303251494,-2.29302481235136,8.86446518449706,-0.0847088927134175,0.053145117322918,-0,-0
7.37745270354007,-2.23681981719196,8.82791577078654,-0.0827103289748728,0.0562049951594012,0,0
7.29264051426414,-2.18383970252407,8.86641187574017,-0.0848121892759333,0.0529801146678947,-0,-0
7.21115263062733,-2.12587656923751,8.80650176250484,-0.0814878836368059,0.0579631332865502,-0,-0
7.12969041105832,-2.06787737283885,8.80605913484381,-0.0814622195690092,0.0579991963986617,-0,0
7.06321739285081,-1.99316902089355,8.58111423225873,-0.066473018207516,0.0747083519453029,0,0
6.99530891884487,-1.91976303232188,8.60049670196128,-0.0679084740059413,0.0734059885716717,0,0
6.93568756929068,-1.83948043970469,8.49275796591915,-0.0596213495541822,0.080282592617192,0,0
6.86359671629529,-1.77017741730021,8.65909401349287,-0.0720908529953974,0.0693030224044811,0,-0
6.79105321577302,-1.70134834980706,8.66564782596337,-0.0725435005222655,0.0688290674931462,-0,0
6.717340559449,-1.63377287868287,8.68278988272712,-0.073712656324025,0.0675754711241895,0,-0
6.64575019771972,-1.56395296671307,8.65189909470688,-0.0715903617292779,0.0698199119698038,-0,0
6.57795683491252,-1.49044065509595,8.59892969260923,-0.0677933628071948,0.0735123116171166,0,-0
6.51532935702962,-1.41248041513976,8.53074726044188,-0.0626274778829,0.0779602399561909,0,0
6.44649751474321,-1.33993954743432,8.61315001953486,-0.0688318422864122,0.0725408677054423,-0,0
6.37379487543306,-1.27127859610579,8.66796273897574,-0.0727026393101531,0.0686609513285228,-0,0
6.29543298645775,-1.2091544111516,8.75445148905454,-0.0783618889753031,0.062124184954189,0,0
6.2134827266085,-1.15184686443532,8.81452416217497,-0.0819502598492592,0.0573075467162825,-0,0
6.13187767170167,-1.09404881071676,8.80852612374436,-0.0816050549068275,0.0577980537185611,0,-0
6.0516789343685,-1.03431471216186,8.78459649363299,-0.0801987373331641,0.059734098554897,0,0
5.95994696511386,-0.994499566593053,9.01527715633661,-0.0917319692546412,0.0398151455688104,-0,0
5.86768951031109,-0.955917679219389,9.02868270649217,-0.0922574548027739,0.0385818873736644,0,0
5.77040995106207,-0.932751165620742,9.19098892398047,-0.0972795592490207,0.0231665135986467,-0,-0
5.67852689480761,-0.893285940759613,9.0190886122139,-0.0918830562544614,0.0394652248611292,0,0
5.60086123659935,-0.830293516333505,8.74332229390961,-0.0776656582082527,0.0629924244261076,-0,0
5.53142304798601,-0.758332846783415,8.62154221770452,-0.0694381886133469,0.0719606695500901,-0,-0
5.47024184492561,-0.679232528250033,8.51233100164586,-0.0611812030603965,0.0791003185333822,-0,0
5.41458616093632,-0.596151574718646,8.44421730956218,-0.0556556839892886,0.0830809535313868,-0,-0
5.36067789013476,-0.511926291464831,8.42332926992513,-0.0539082708015626,0.0842252832538151,-0,-0
5.31348778687672,-0.42376113874282,8.34542738848045,-0.0471901032580406,0.0881651527220107,0,0
5.25323930883954,-0.343948101623536,8.50059234936091,-0.0602484780371731,0.0798130371192844,0,-0
5.21008054600579,-0.253740999959314,8.30023365298742,-0.043158762833759,0.0902071016642223,0,-0
5.16367896568911,-0.165158307834296,8.33650487278281,-0.0464015803166703,0.0885826921250173,0,0
5.13048764633086,-0.0708273144161302,8.19231265806227,-0.0331913193582579,0.0943309934181663,-0,-0
5.0938868559535,0.0222338597853208,8.22869726176727,-0.0366007903773565,0.093061174201451,-0,0
5.06835694790941,0.118920072842097,8.11213865556624,-0.0255299080440897,0.0966862130567762,0,0
5.03781401018145,0.214141546024074,8.16437095550666,-0.0305429377279592,0.0952214731819772,0,0
5.00411765308738,0.308293314560778,8.19767162587353,-0.033696357094067,0.0941517685367042,-0,0
4.96096252963664,0.398502157364304,8.30019330862619,-0.0431551234507416,0.090208842803526,0,0
4.91881047609837,0.489184043000339,8.28910308150167,-0.0421520535382695,0.0906818856360346,-0,-0
4.84746850954012,0.559257745682592,8.64834789745463,-0.0713419665582554,0.0700737026822528,0,0
4.76385683321081,0.614112896592988,8.84414711204504,-0.0836116763293121,0.0548551509103963,0,-0
4.67887481919871,0.666820175923725,8.86962559089717,-0.0849820140120939,0.0527072793307365,-0,-0
4.59815179516232,0.725843843976628,8.79342595063808,-0.0807230240363969,0.0590236680529031,-0,-0
4.50497023104663,0.762137040432084,9.05336548073962,-0.0931815641156859,0.0362931964554559,0,-0
4.40947228718782,0.791804239806802,9.1235721005977,-0.0954979438588115,0.0296671993747185,-0,0
4.31972352699617,0.835908208381776,8.96802117642689,-0.0897487601916468,0.0441039685749739,0,0
4.23627857216089,0.891016642514297,8.84111481064779,-0.0834449548352781,0.055108434132521,0,0
4.1448886227802,0.931610695677231,9.00677022387765,-0.0913899493806887,0.0405940531629345,0,0
4.06520757813411,0.99203363109175,8.77597961176246,-0.0796810446460946,0.0604229354145185,0,-0
3.99230820956585,1.06048567315296,8.6708323302266,-0.0728993685682564,0.0684520420612089,-0,-0
3.93374102580463,1.1415405001917,8.47969031187987,-0.0585671837612183,0.0810548270387377,0,-0
3.87452347113805,1.22212139879248,8.48773763425226,-0.0592175546665829,0.0805808986007867,-0,-0
3.81983184927233,1.30584013324121,8.43265791876928,-0.0546916218657237,0.0837187344487283,0,-0
3.76850113466321,1.39166063042992,8.39301556496994,-0.0513307146091212,0.0858204971887075,-0,-0
3.70268511038179,1.4669484179375,8.57235414380504,-0.0658160242814213,0.0752877875075856,0,0
3.65003506840974,1.55196590484662,8.40846062120481,-0.0526500419720494,0.0850174869091144,-0,-0
3.62445211656372,1.64863809616783,8.11268731338919,-0.0255829518460186,0.0966721913212083,-0,-0
3.59771487799621,1.74499742407013,8.12464673813155,-0.0267372385675078,0.0963593279023063,0,0
3.59059181702868,1.84474341147039,7.92527261657068,-0.00712306096753341,0.0997459874002599,-0,-0
3.61274799448098,1.9422580452476,7.63056587444677,0.022156177452306,0.0975146337772025,0,0
3.63786527646584,2.03905227103454,7.60008990593003,0.0251172819848589,0.0967942257869398,-0,-0
3.66465428435962,2.13539721929892,7.58277923686203,0.0267890078937814,0.0963449482643845,0,-0
3.7071609836349,2.22591340855102,7.41494573774939,0.042506699275275,0.0905161892520964,-0,0
3.75966835149573,2.31101908591938,7.30117995010697,0.0525073678608319,0.0851056773683594,0,0
3.81824731786414,2.39206539798359,7.22812758254204,0.0585789663684049,0.0810463120642099,-0,0
3.89436954359114,2.45691450553618,6.98878582704441,0.076122225727,0.0648491075525921,0,-0
3.95913874161107,2.53310473448881,7.14943039829982,0.0647691980199303,0.0761902289526357,-0,-0
4.0069164842079,2.62095282674101,7.35585868701564,0.0477777425968362,0.0878480922521967,-0,0
4.05079193196037,2.71081352496065,7.39976948955482,0.0438754477524686,0.0898606982196355,-0,0
4.10884111375246,2.79224013297835,7.23464907176513,0.0580491817920877,0.0814266080177061,-0,-0
4.16045970998559,2.87788778631994,7.31158986243983,0.0516185962331281,0.0856476533415907,0,0
4.20974782071905,2.96489745325601,7.33858372498286,0.0492881107334611,0.0870096669360714,0,-0
4.26833052921682,3.04594106043798,7.22808140904293,0.0585827084977765,0.0810436071819644,0,-0
4.31888980387315,3.13221828655371,7.32391278132038,0.0505592746563295,0.086277226115736,0,0
4.33605604710133,3.23073386955169,7.68146473052257,0.0171662432281804,0.0985155829979753,-0,-0
4.32367960370856,3.32996503224238,7.97806422895521,-0.012376443392777,0.099231162690686,0,0
4.32469178390777,3.42995990956739,7.84385965914311,0.0010121801992163,0.0999948773250126,0,0
4.33923294757163,3.52889703383983,7.70805261535135,0.0145411636638608,0.0989371242724429,-0,0
4.33964249400206,3.62889619519492,7.84988615822142,0.000409546430422405,0.09999916135509,0,0
4.34022219176897,3.7288945149333,7.84818462383701,0.000579697766911979,0.0999983197383788,0,-0
4.32888384520428,3.8282496451339,7.96760945529055,-0.0113383465646882,0.0993551302006043,0,-0
4.30130325078608,3.92437097893415,8.13340970108565,-0.0275805944181956,0.0961213338002496,0,0
4.25563830063886,4.01333564792163,8.32820707620395,-0.0456649501472272,0.0889646689874765,-0,-0
4.19967820304956,4.09621186572744,8.44788588569113,-0.0559600975892972,0.0828762178058117,0,-0
4.14846480708046,4.18210242442461,8.39164909941347,-0.0512133959690994,0.0858905586971713,-0,0
4.08126464431358,4.25615739133504,8.59089001266071,-0.0672001627668781,0.0740549669104314,0,-0
4.00112287258719,4.3159678956345,8.78364345014792,-0.0801417717263895,0.0598105042994563,0,0
3.90878717337004,4.35436214846067,9.03071565818932,-0.0923356992171515,0.0383942528261682,0,-0
3.81958389626704,4.3995592208668,8.95580460429221,-0.089203277103004,0.045197072406127,0,0
3.73229384334849,4.44834904215645,8.91509765231957,-0.0872900529185502,0.0487898212896574,0,0
3.64801525916167,4.50217394575568,8.8564198237163,-0.0842785841868147,0.0538249035992262,0,0
3.57093101333353,4.56587652847496,8.73414421638573,-0.0770842458281377,0.0637025827192841,0,0
3.48702538699119,4.62028099399113,8.84952786137266,-0.0839056263423392,0.0544044655161665,-0,-0
3.39404053079533,4.65707523971291,9.04798268339428,-0.0929848561958616,0.0367942457217828,0,0
3.2999848017795,4.69103874717753,9.07824907887278,-0.0940557290158376,0.0339635074646205,0,-0
3.20430921377084,4.72012795237806,9.12961888340723,-0.0956755880086551,0.0290892052005222,-0,0
3.11296157785564,4.76081713291422,9.00572908760041,-0.0913476359151987,0.040689180536161,-0,0
3.01783894709074,4.79166652701465,9.1111686171685,-0.0951226307649048,0.0308493941004289,-0,0
2.92239147385194,4.82149570488344,9.12187550627574,-0.0954474732388008,0.0298291778687983,0,-0
2.82391359328185,4.83887693149217,9.2500784133728,-0.0984778805700862,0.0173812266087249,0,0
2.72461031632639,4.85066078425375,9.30666499878964,-0.0993032769554629,0.0117838527615817,-0,-0
2.62964030722583,4.88197687231468,9.10625845312244,-0.0949700091005587,0.0313160880609281,-0,-0
2.53968154170943,4.92565089785351,8.97280608695462,-0.0899587655163953,0.0436740255388282,-0,0
2.44911737912267,4.96805528978358,8.98687203069777,-0.0905641625867598,0.0424043919300695,0,0
2.3680448924495,5.02659802549543,8.79937087361539,-0.0810724866731763,0.0585427357118511,-0,0
2.27845016433819,5.07101406645655,8.96454101582412,-0.089594728111311,0.0444160409611243,0,-0
2.19236796105723,5.12190467736168,8.89086440009078,-0.0860822032809526,0.0508906109051243,-0,-0
2.12139865514595,5.19235577826486,8.64304406832467,-0.0709693059112883,0.0704511009031795,0,0
2.04564788940082,5.25763840603846,8.71346847264944,-0.0757507657451238,0.0652826277736074,0,0
1.9610058520502,5.31088993665623,8.86320846531863,-0.0846420373506246,0.0532515306177716,-0,-0
1.87383091391529,5.35988514214794,8.91274320738562,-0.087174938134912,0.0489952054917037,-0,-0
1.79654308511366,5.42334057153841,8.73734626077395,-0.0772878288016306,0.0634554293904772,-0,-0
1.71807819135194,5.48533460711413,8.75611127377148,-0.0784648937617152,0.0619940355757129,0,0
1.6586071198626,5.56572858484822,8.49088740046337,-0.0594710714893368,0.0803939777340952,-0,-0
1.59394986308947,5.64201383339978,8.55706455187746,-0.0646572567731359,0.0762852485515566,-0,0
1.53843266407925,5.72518739058029,8.44255137043733,-0.0555171990102207,0.0831735571805099,-0,0
1.49549261150828,5.81549880672024,8.29781052035329,-0.0429400525709666,0.0903114161399467,-0,0
1.46471430978636,5.91064446423078,8.16684369198358,-0.0307783017219202,0.0951456575105477,0,-0
1.43530249960149,6.00622137264306,8.15251431099592,-0.0294118101848735,0.095576908412278,0,0
1.40100146655414,6.10015453575325,8.20410142186787,-0.0343010330473417,0.093933163110188,0,-0
1.35810743595078,6.19048781942321,8.29730099013561,-0.0428940306033627,0.0903332836699618,-0,0
1.30064551301128,6.27232990769138,8.46612045563962,-0.0574619229394999,0.0818420882681703,0,0
1.23917402113115,6.35120484468679,8.51600611509369,-0.0614714918801369,0.0788749369954123,-0,-0
1.18174960663702,6.43307325507815,8.46566222669249,-0.0574244144941258,0.0818684103913521,0,0
1.13584224565241,6.52191307839758,8.33093378669418,-0.0459073609846115,0.0888398233194358,-0,-0
1.08706642389103,6.60921095472629,8.36350157018881,-0.0487758217613766,0.0872978763287082,0,0
1.03511247755142,6.69465560031477,8.40029350804009,-0.0519539463396091,0.0854446455884804,0,-0
0.978053172955474,6.77677889639467,8.46120944913716,-0.057059304595948,0.0821232960798995,0,-0
0.930630357164329,6.86481909484083,8.34806876567202,-0.0474228157911451,0.0880401984461593,0,-0
0.887304541603267,6.95494608139851,8.30208635517108,-0.0433258155610617,0.0901269865576835,0,0
0.830699042613287,7.03738282978232,8.45569408291231,-0.0566054989899808,0.0824367483838081,-0,-0
0.795285947013951,7.13090241414876,8.2159662733686,-0.0354130955993355,0.0935195843664434,-0,0
0.773738832314346,7.22855343487114,8.0711559185148,-0.0215471146996048,0.0976510207223769,0,-0
0.750902808356832,7.3259111053949,8.08437471898269,-0.022836023957514,0.097357670523754,-0,0
0.709652311055914,7.41700664026037,8.2791838204327,-0.0412504973009181,0.0910955348654749,-0,-0
0.688016133660971,7.51463796631781,8.07206806127252,-0.0216361773949427,0.0976313260574421,0,-0
0.672905659288457,7.61348974204409,8.00566738754493,-0.0151104743725148,0.098851775726274,0,-0
0.650109032464283,7.71085664507299,8.08397007428805,-0.022796626824174,0.0973669030289007,0,0
0.617009602774077,7.8052199205258,8.19133870520892,-0.0330994296902052,0.0943632754528114,-0,0
0.577612739409852,7.89713230901103,8.25892709582648,-0.0393968633642251,0.091912388485234,-0,0
0.537538259701147,7.98875128126065,8.26631126453521,-0.0400744797087049,0.0916189722496198,0,-0
0.492114602127048,8.07783939120014,8.32549672900386,-0.0454236575740995,0.0890881099394916,0,0
0.458590573939834,8.17205265743215,8.1958418928874,-0.0335240281872134,0.0942132662320064,-0,-0
0.423075566567012,8.26553358731257,8.21705623575516,-0.0355150073728227,0.0934809298804219,0,-0
0.372183331445752,8.35161483035868,8.38791406295725,-0.0508922351212602,0.0860812430461037,0,0
0.304251088179772,8.42499882265163,8.6008205559422,-0.0679322432659801,0.0733839922929497,0,0
0.222042735235586,8.48193551298575,8.81904242344601,-0.0822083529441857,0.0569366903341263,-0,-0
0.162202291338897,8.56205493181944,8.49548977961987,-0.0598404438966892,0.0801194188336835,-0,-0
0.116618479583444,8.65106120185612,8.32729526007714,-0.0455838117554528,0.0890062700366859,-0,-0
0.0957187007094283,8.74885281316822,8.06453163749998,-0.0208997788740154,0.0977916113121021,0,-0
0.0568391551983973,8.84098522299699,8.25330545918647,-0.038879545511031,0.0921324098287659,-0,-0
0.0389019886287696,8.9393633610941,8.03432935496215,-0.0179371665696277,0.0983781380971069,-0,0
0.00240312943577325,9.03246456021425,8.22760218361206,-0.0364988591929963,0.09310119912015,-0,0
-0.0347984502432145,9.12528720006783,8.23516137713629,-0.0372015796789877,0.0928226398535827,-0,0
-0.0667721010194602,9.22003784996554,8.17943301805224,-0.0319736507762457,0.0947506498977114,-0,-0
-0.12132221467264,9.30384885819492,8.43096856884696,-0.05455011365318,0.0838110082293796,-0,-0
-0.180851969227597,9.38419939224807,8.49161754126085,-0.0595297545549572,0.0803505340531508,0,0
-0.226974555816364,9.47292766849844,8.33335793268976,-0.0461225865887661,0.0887282762503689,-0,-0
-0.268781170002386,9.5637693275008,8.28529708558038,-0.0418066141860226,0.09084165900236,-0,-0
-0.299996358694495,9.65877254847207,8.17143889343736,-0.0312151886921084,0.0950032209712706,-0,0
-0.331196256211465,9.75378079229823,8.1712779434113,-0.03119989751697,0.0950082438261574,0,0
-0.364472063045715,9.84808201540551,8.19320844852584,-0.0332758068342504,0.0943012231072835,-0,-0
-0.37818288104487,9.94713762337293,7.99152306394937,-0.0137108179991546,0.0990556079674142,-0,0
-0.397919284058571,10.0451706504408,8.05264996435245,-0.0197364030137017,0.0980330270678242,-0,0
-0.417283278315907,10.1432779168709,8.04885259765932,-0.0193639942573356,0.0981072664301777,0,-0
-0.442678800686387,10.2399995144773,8.11074899450217,-0.0253955223704804,0.0967215976063797,-0,0
-0.469085500963743,10.3364499482786,8.12121809464976,-0.0264067002773555,0.0964504338013153,-0,0
-0.513523582945513,10.4260337463103,8.31446460193388,-0.0444380819817707,0.0895837980316833,0,0
-0.573744017106685,10.5058679451817,8.50024102632624,-0.0602204341611719,0.0798341988714107,-0,-0
-0.604970944249382,10.6008673084492,8.17156245439439,-0.031226927142697,0.0949993632674698,0,0
-0.62905890285186,10.6979228093256,8.09725365441025,-0.0240879586024774,0.0970555008763817,-0,0
-0.628971809182122,10.797922771399,7.853110697167,8.70936697382404e-05,0.0999999620734563,0,0
-0.617778754774657,10.8972943746518,7.74181604301677,0.0111930544074643,0.0993716032527983,0,0
-0.585589403775371,10.9919719627191,7.52625286895151,0.0321893509992865,0.0946775880673179,0,-0
-0.537307642121217,11.0795440558286,7.35011228252591,0.0482817616541536,0.0875720931094576,-0,-0
-0.469073521087909,11.1526474396546,7.10302116449887,0.0682341210333078,0.0731033838260029,0,0
-0.400007020709794,11.2249649238857,7.09157342298037,0.0690665003781151,0.0723174842311306,0,-0
-0.332080586770911,11.2983542934998,7.1072218725168,0.0679264339388835,0.0733893696140422,0,0
-0.255320436428334,11.3624470334895,6.97889114315283,0.076760150342577,0.0640927399896819,-0,-0
-0.177528029304487,11.4252828623921,6.96262634108736,0.0777924071238469,0.0628358289026067,-0,-0
-0.106042934160152,11.4952105476977,7.05757069739114,0.0714850951443348,0.0699276853056456,0,0
-0.0278702660735312,11.5575726673235,6.95655180395731,0.078172668086621,0.0623621196257711,0,-0
0.053101578848859,11.6162545242289,6.91030946963002,0.0809718449223901,0.0586818569053878,-0,0
0.134901729437544,11.6737761320269,6.89605358422598,0.0818001505886849,0.0575216077980134,0,0
0.212311703998824,11.7370824969393,6.96868983783322,0.0774099745612806,0.0633063649123995,-0,-0
0.300360167202152,11.7844899660505,6.77709813259605,0.0880484632033274,0.0474074691112307,-0,0
0.384923049496377,11.837867104772,6.84623948854737,0.0845628822942246,0.0533771387214893,-0,0
0.476898603495474,11.8771162763118,6.68652444519443,0.0919755539990978,0.0392491715397797,-0,0
0.572603779417879,11.9061079872248,6.57732553314716,0.0957051759224047,0.0289917109129761,-0,-0
0.672549263488823,11.9028064400383,6.2501638344422,0.0999454840709438,-0.00330154718650525,0,-0
0.772486173581883,11.8992548205412,6.24766164127927,0.0999369100930604,-0.00355161949701367,-0,-0
0.872210873910491,11.8918396911176,6.20896589183256,0.0997247003286076,-0.00741512942364592,0,0
0.971798238874342,11.9009147525255,6.37406095059164,0.0995873649638517,0.00907506140786964,0,0
1.07151610820183,11.9084211855523,6.35832031037702,0.099717869327486,0.00750643302683969,0,0
1.16968772940121,11.9274562266893,6.47470437890737,0.0981716211993793,0.0190350411369555,-0,0
1.26690572071673,11.9508797653753,6.51961730720388,0.0972179913155202,0.0234235386860192,-0,-0
1.36577249833471,11.9658917700195,6.43387500126514,0.0988667776179809,0.0150120046441743,-0,0
1.46569999261375,11.9696991164855,6.32126797632345,0.0999274942790377,0.00380734646609495,0,-0
1.56563101036557,11.9734128330989,6.32033101502044,0.0999310177518269,0.00371371661332023,0,-0
1.66546818765658,11.9791170447504,6.34025840304515,0.099837177291002,0.00570421165149305,0,-0
1.76540222898865,11.9754856010927,6.24686288432267,0.0999340413320756,-0.00363144365769438,0,-0
1.86456696955398,11.9883834392298,6.41252399399889,0.0991647405653309,0.012897838137092,-0,0
1.96348562022002,12.0030497458681,6.43037931751531,0.0989186506660405,0.0146663066383409,0,-0
2.06239111904172,12.0178044841861,6.43127336077496,0.0989054988216969,0.0147547383179547,-0,0
2.16185084946347,12.0281853331124,6.38718114995371,0.0994597304217551,0.0103808489263545,-0,-0
2.26049358629433,12.0446051525547,6.44813042547606,0.098642736830853,0.0164198194423412,0,0
2.35999640037489,12.0545645697088,6.38294486374145,0.0995028140805623,0.00995941715408369,0,-0
2.45814441280669,12.0737209695712,6.47594071689065,0.0981480124318003,0.0191563998623745,-0,0
2.55626942399061,12.0929948425644,6.47713775471679,0.0981250111839151,0.0192738729931618,0,-0
2.64523331857845,12.1386613013691,6.75742770742257,0.0889638945878429,0.0456664588047199,-0,-0
2.74055839325945,12.1688793446059,6.59016449948149,0.0953250746809998,0.0302180432368115,0,-0
2.83962338457883,12.1825221996917,6.42004066098706,0.0990649913193796,0.013642855085767,0,0
2.93750360146815,12.203002999034,6.48945284556714,0.097880216889317,0.0204807993423174,-0,-0
3.02683345182084,12.2479493874981,6.74935040301781,0.0893298503526973,0.044946388464088,-0,0
3.10918219921104,12.3046828326893,6.88645063763685,0.0823487473901985,0.056733445191221,0,0
3.17788102057482,12.3773496885675,7.09664539455814,0.068698821363778,0.0726668558782318,-0,0
3.24410254264154,12.4522810572669,7.13021038791564,0.0662215220667189,0.074931368699411,0,-0
3.2974713149947,12.5368492199377,7.29102638616824,0.0533687723531605,0.0845681626708097,-0,0
3.34636435882843,12.6240814975916,7.34311841063118,0.0488930438337353,0.087232277653816,0,-0
3.39133024307203,12.7134015359603,7.38759828130363,0.0449658842435966,0.0893200383687304,0,-0
3.41949015383526,12.8093547507361,7.56852138204045,0.0281599107632304,0.0959532147757797,0,-0
3.46745249137447,12.8971021961563,7.35375618627075,0.0479623375392142,0.08774744542022,-0,-0
3.52581738162956,12.9783028093653,7.23076647371025,0.0583648902550873,0.081200613208963,-0,-0
3.58391513698048,13.0596947673414,7.23405241305991,0.0580977553509143,0.0813919579761128,-0,0
3.64169994485421,13.1413092022104,7.23789210409572,0.0577848078737327,0.0816144348690586,0,-0
3.68866977407727,13.2295919023433,7.36503263890184,0.0469698292230591,0.0882827001329064,-0,0
3.70873726024885,13.3275576922843,7.65193488684865,0.0200674861715803,0.0979657899409454,0,0
3.73491157197049,13.4240714498834,7.58915379058383,0.0261743117216466,0.0965137575991013,0,-0
3.76732452851643,13.5186727196843,7.52389015982334,0.0324129565459347,0.0946012698009459,0,0
3.7928408806168,13.6153625111594,7.59596481533845,0.0255163521003674,0.0966897914750574,0,0
3.83549645895732,13.7058086367615,7.4133003229924,0.0426555783405241,0.0904461256021252,0,0
3.87142959513635,13.7991296404227,7.48643033219425,0.0359331361790293,0.0933210036612302,-0,0
3.90193849065076,13.8943620261667,7.5439497975926,0.0305088955144055,0.0952323857439847,-0,-0
3.94067847549638,13.9865532056481,7.45617210912154,0.0387399848456254,0.0921911794813404,0,-0
3.98775801950038,14.0747774457206,7.36378946096588,0.0470795440039929,0.0882242400725339,0,0
4.02730869922805,14.1666237506712,7.44736206000672,0.039550679727679,0.0918463049505997,0,-0
4.06369309628215,14.2597697417337,7.4815902263645,0.0363843970540987,0.0931459910624697,-0,-0
4.08949513398256,14.3563836892284,7.59300899675402,0.0258020377004101,0.0966139474946895,-0,-0
4.12006260784328,14.4515972887915,7.54333462742381,0.0305674738607158,0.0952135995631636,-0,-0
4.15222063393643,14.5462855212061,7.52658370907644,0.0321580260931478,0.0946882324145531,-0,0
4.19586895954216,14.6362567592314,7.40229542605666,0.0436483256057299,0.0899712380253611,-0,0
4.23305494899958,14.7290856458351,7.47296984226265,0.0371859894574224,0.0928288866036455,0,0
4.28684803915393,14.8133845393726,7.28600093102384,0.0537930901543503,0.0842988935374951,-0,0
4.32891936718916,14.904103905317,7.41975020784469,0.0420713280352303,0.0907193659443894,-0,0
4.35981772350066,14.999210643129,7.5398575201217,0.0308983563115011,0.0951067378120369,0,0
4.39304995947063,15.0935272296472,7.51521682100814,0.0332322359699707,0.0943165865181527,0,-0
4.42454260640302,15.1884388368888,7.53360245371697,0.0314926469323935,0.0949116072416415,-0,0
4.46323122520072,15.280651584248,7.45672921273079,0.038688618797696,0.0922127473591725,0,0
4.48426732117562,15.3784139628306,7.64203746734469,0.0210360959749004,0.0977623785826367,-0,0
4.49452010076913,15.4778869768123,7.75127335515104,0.0102527795935098,0.0994730139817172,0,-0
4.54681044914583,15.5631261665471,7.30372795017782,0.052290348376695,0.085239189734792,-0,0
4.60498354802559,15.6444642914746,7.23312641926555,0.0581730988797603,0.0813381249275248,-0,-0
4.66108387908456,15.727245647196,7.25838433034129,0.05610033105897,0.0827813557214061,-0,-0
4.71138996634407,15.8136707453137,7.3268448462657,0.050306087259512,0.0864250981176092,-0,-0
4.74958388897587,15.9060894894838,7.46208794084359,0.0381939226318057,0.0924187441701933,-0,-0
4.76223631609849,16.0052858406663,7.72711733250062,0.012652427122616,0.0991963511824245,-0,0
4.77659473644866,16.1042496510469,7.70989943090143,0.0143584203501737,0.0989638103806019,0,0
4.8193237170696,16.1946611227476,7.41248860949541,0.0427289806209362,0.0904114717007508,-0,-0
4.86871478654134,16.2816123864327,7.33740002556379,0.0493910694717416,0.0869512636851104,-0,0
4.92653177277068,16.3632040287949,7.23749777619152,0.0578169862293432,0.0815916423621681,0,-0
4.98927221615105,16.441073385826,7.17576614843197,0.0627404433803707,0.0778693570310844,-0,0
5.03684941810688,16.5290302494243,7.35814008520558,0.0475772019558249,0.0879568635983267,-0,0
5.06803430558127,16.624043421107,7.53684330717884,0.0311848874743876,0.0950131716827187,0,0
5.08442211699339,16.7226914805766,7.68936099133053,0.0163878114121271,0.0986480594696143,0,-0
5.1169690244875,16.8172467491373,7.52247386275066,0.0325469074941054,0.0945552685606156,-0,-0
5.13856332414786,16.9148873463404,7.63632412378072,0.0215942996603646,0.0976405972031018,0,0
5.17301457886132,17.0087655176512,7.50226213821952,0.0344512547134605,0.0938781713108445,0,0
5.21448223232671,17.0997624061479,7.4263943283827,0.0414676534653837,0.090996888496667,-0,0
5.269386170936,17.1833420539408,7.2727671700683,0.054903938609296,0.0835796477929087,-0,-0
5.31779419108833,17.2708444172513,7.34866994217693,0.0484080201523271,0.0875023633105523,-0,0
5.3627709761429,17.3601589670523,7.38747623538778,0.0449767850545676,0.0893145498009995,-0,0
5.41682379361519,17.4442915583788,7.28291686259937,0.0540528174722939,0.0841325913264704,0,0
5.47277520750945,17.5271736389707,7.26018215764604,0.0559514138942586,0.0828820805918467,-0,0
5.52821314274546,17.6104000490624,7.26636458722079,0.0554379352360136,0.0832264100917946,-0,-0
5.58919184014317,17.6896565848414,7.19818985123595,0.0609786973977089,0.0792565357789416,-0,0
5.66029103465653,17.7599766000544,7.06307381303096,0.0710991945133539,0.0703200152129695,0,0
5.73468950035655,17.8267962700736,7.0149676081759,0.0743984657000244,0.0668196700192563,0,-0
5.80412574316001,17.8987588171751,7.08644808979971,0.0694362428034619,0.0719625471015214,-0,-0
5.86193896445442,17.9803531272927,7.2375439190718,0.0578132212944078,0.0815943101175801,0,-0
5.89411617555707,18.0750348419247,7.52638108970906,0.0321772111026493,0.0946817146320003,-0,0
5.91919268052227,18.1718396398364,7.60051115825122,0.0250765049651995,0.0968047979117271,-0,-0
5.93933418381557,18.2697902388396,7.65117928780361,0.0201415032932988,0.0979505990032018,0,-0
5.94904918062616,18.3693172142632,7.75667819437111,0.00971499681058813,0.0995269754236019,0,-0
5.96633675771393,18.4678115779519,7.68023297703711,0.0172875770877716,0.0984943636886617,-0,-0
5.97284864731139,18.5675993291735,7.78881662749614,0.00651188959746427,0.0997877512216326,-0,0
6.00347756360063,18.6627931813224,7.54268924904353,0.0306289162892382,0.0951938521489011,0,-0
6.03237522101989,18.758526798175,7.56082400390382,0.0288976574192631,0.0957336168525921,0,-0
6.05406863829639,18.8561454216383,7.63530888253086,0.0216934172764968,0.097618623463291,0,-0
6.06462014411709,18.9555871921622,7.7482697975889,0.0105515058206976,0.0994417705238387,-0,-0
6.08390388296889,19.0537102649631,7.65992864167342,0.0192837388518006,0.0981230728009247,0,-0
6.12709335675658,19.1439026668268,7.40738913782016,0.0431894737876904,0.0901924018636958,0,0
6.15792233464905,19.2390319163881,7.54058691330237,0.0308289778924719,0.0951292495613493,0,-0
6.2080331372766,19.3255703902597,7.3291029465898,0.0501108026275484,0.0865384738715844,0,-0
6.25798801684835,19.4121989652623,7.33090378589117,0.0499548795717529,0.0866285750025456,0,-0
6.30651446683005,19.499635706122,7.34731598747549,0.0485264499816978,0.0874367408597426,0,0
6.35785587071288,19.5854498089685,7.31482314448457,0.0513414038828237,0.0858141028464481,-0,-0
6.40650560152668,19.6728180165256,7.34590549180259,0.0486497308138086,0.0873682075571198,-0,-0
6.44101327234871,19.7666754651082,7.50166112167402,0.0345076708220268,0.0938574485826172,0,0
6.46646644015753,19.8633819087844,7.59661823332516,0.025453167808814,0.0967064436761913,0,-0
6.4992287584805,19.9578627560398,7.52019481956677,0.0327623183229736,0.0944808472554314,-0,-0
6.53771012967423,20.0501621822084,7.45897565005621,0.0384813711937362,0.092299426168584,0,0
6.58029619624417,20.1406410578319,7.41406872721178,0.0425860665699376,0.0904788756235446,0,0
6.61410413902926,20.2347528158893,7.5091062220424,0.0338079427850917,0.0941117580573223,0,0
6.66944649581952,20.3180428125569,7.26751256341265,0.0553423567902601,0.0832899966676644,0,-0
6.74281908201441,20.3859873752171,7.03019211796337,0.0733725861948841,0.0679445626601151,-0,-0
6.82430184142485,20.4439577117596,6.90154990487474,0.0814827594104421,0.0579703365425802,-0,-0
6.91339989366395,20.4893618645124,6.75448147587943,0.0890980522390987,0.0454041527527917,0,-0
7.00082234939486,20.53791404504,6.7901452538486,0.0874224557309074,0.0485521805275266,-0,0
7.09448076329008,20.5729583242682,6.64122914266334,0.0936584138952286,0.0350442792282856,0,-0
7.18836290806684,20.6073987495286,6.6347894489207,0.0938821447767517,0.0344404252603975,0,0
7.27917674528676,20.6492657648198,6.71516576594691,0.0908138372199223,0.0418670152911985,0,0
7.36680505517584,20.6974454213772,6.78588907814426,0.0876283098890802,0.048179656557341,-0,-0
7.45574777497504,20.7431531077627,6.75789118181611,0.0889427197992,0.0457076863855631,-0,0
7.5463222530039,20.7855354617535,6.72084791049198,0.0905744780288654,0.0423823539907658,-0,-0
7.62301138178499,20.8497131644765,6.97999851524466,0.0766891287810858,0.064177702722971,-0,-0
7.69568399435986,20.9184058961265,7.04043774673328,0.072672612574871,0.0686927316500276,0,0
7.77292366350139,20.9819199379669,6.97137560933868,0.077239669141524,0.0635140418404302,-0,0
7.85331222458036,21.0413983310829,6.92018214856549,0.0803885610789716,0.0594783931159245,-0,-0
7.93265395637752,21.1022661353428,6.93757867464687,0.0793417317971588,0.0608678042599511,-0,-0
7.9974768667265,21.1784106708912,7.14872521026214,0.064822910348981,0.0761445355484422,-0,0
8.05281794317376,21.2617015182735,7.26752793544418,0.055341076447267,0.083290847382277,-0,-0
8.10679358236844,21.3458836444852,7.28383393358803,0.0539756391946755,0.0841821262117215,-0,0
8.15242916200167,21.4348633830303,7.380086300616,0.0456355796332258,0.0889797385450166,-0,0
8.20008058494916,21.5227800588721,7.35729605844065,0.0476514229474964,0.087916675841838,-0,-0
8.23997554817108,21.6144773429623,7.4436105468947,0.0398949632219187,0.0916972840902159,-0,0
8.29419342046523,21.6985036621956,7.28095378174572,0.0542178722941449,0.0840263192332961,0,0
8.33371086299658,21.790364272556,7.44772391024962,0.0395174425313522,0.0918606103603785,-0,0
8.36569640896904,21.8851109075825,7.52840470513015,0.0319855459724631,0.0947466350264929,-0,0
8.40804425890576,21.9757015230221,7.41669994348546,0.0423478499367242,0.0905906154396618,0,0
8.44681514898924,22.0678797096073,7.45583685562233,0.0387708900834758,0.0921781865851951,-0,-0
8.48180331038528,22.1615591020164,7.49653690693202,0.0349881613960422,0.0936793924090272,0,0
8.52703668633613,22.2507439757343,7.38460126005753,0.0452333759508454,0.0891848737179657,-0,0
8.57236131849596,22.3398825067946,7.3835777690454,0.0453246321598333,0.0891385310602312,-0,0
8.63964595891125,22.413860727672,7.11593192150347,0.0672846404152947,0.073978220877394,0,0
8.71137495112595,22.4835382109493,7.05407660294321,0.0717289922146978,0.0696774832773387,-0,-0
8.774878528352,22.5607864839364,7.16592680665208,0.063503577226049,0.0772482729871369,-0,0
8.84308790678132,22.6339129544809,7.10335957150686,0.0682093784293238,0.0731264705444294,0,-0
8.92215474259208,22.6951374224236,6.94208175280112,0.0790668358107574,0.0612244679427657,-0,-0
9.0184972058686,22.7219353658114,6.55448045029852,0.0963424632765173,0.0267979433877473,-0,-0
9.11647102729155,22.7419636037714,6.48483143892445,0.0979738214229518,0.0200282379600292,-0,0
9.2104819995165,22.7760508022676,6.63102958423059,0.0940109722249469,0.0340871984962136,0,0
9.30729763554164,22.801085430706,6.53622321981699,0.0968156360251466,0.0250346284383517,-0,0
9.40650039941197,22.8136874797651,6.40954176301687,0.0992027638703288,0.0126020490590931,-0,0
9.506142629952,22.8052360956768,6.19857053360181,0.099642230540027,-0.00845138408830773,0,-0
9.60612598713864,22.8034117366964,6.26494070522647,0.0999833571866378,-0.00182435898035335,-0,0
9.70509505774476,22.789089618719,6.13946991908077,0.0989690706061246,-0.0143221179774472,0,0
9.80346357537223,22.7710997676975,6.1023020299417,0.0983685176274657,-0.0179898510214779,0,-0
9.90267234182291,22.7836544743581,6.40906454884013,0.0992087664506778,0.0125547066606461,0,0
9.99633213363493,22.8186950707818,6.64118982128967,0.0936597918120207,0.0350405964237045,0,-0
10.0895096839579,22.8549985708309,6.65470836504287,0.0931775503229718,0.0363035000490319,0,0
10.1718167324808,22.9117924944798,6.88718524226653,0.0823070485229504,0.0567939236489317,0,-0
10.2561756695669,22.9654913746702,6.8500488375238,0.0843589370860803,0.0536988801904355,-0,0
10.3490999907456,23.0024382356124,6.66162240975405,0.0929243211786884,0.0369468609421689,0,0
10.4467502680443,23.0239887192147,6.50039409126226,0.0976502772986678,0.0215504836023067,-0,0
10.5440506700644,23.0470675356211,6.51607294399153,0.0973004020201325,0.0230788164064058,-0,-0
10.6318587595045,23.0949187574329,6.78214487952791,0.0878080894400664,0.0478512218118337,-0,0
10.7270620511179,23.1255183205993,6.59416935636499,0.0952032916134069,0.0305995631663691,0,-0
10.8228705980547,23.1541665724457,6.57373875416056,0.0958085469368338,0.0286482518463609,0,-0
10.9223196137425,23.1646495719556,6.38820825988817,0.0994490156878131,0.0104829995099254,-0,0
11.0222997639521,23.1626571954658,6.26326022390152,0.0999801502095432,-0.00199237648981973,-0,0
11.1222866770947,23.1642749717843,6.29936377612148,0.0999869131425878,0.00161777631846771,0,0
11.2222248600207,23.1607593504378,6.24802184774244,0.0999381829259884,-0.00351562134645873,0,-0
11.3218617592466,23.1522453435875,6.19794204069371,0.0996368992259075,-0.00851400685026455,-0,-0
11.4218561258211,23.1533067828726,6.29379989935285,0.099994366574543,0.00106143928508041,0,-0
11.5184538195697,23.1791696048853,6.54478714365401,0.0965976937485596,0.0258628220126784,-0,0
11.6161650737625,23.2004419062197,6.4975462216969,0.0977112541928424,0.0212723013344052,-0,-0
11.713446328406,23.2236012994542,6.51690114974163,0.0972812546434887,0.0231593932344679,0,-0
11.8133925364914,23.226880855728,6.3159867516377,0.0999462080853818,0.00327955627388317,-0,0
11.9133804446814,23.2253257943841,6.26763406692676,0.0999879081900242,-0.00155506134389709,-0,0
12.0129690047706,23.2162638575403,6.19244145242579,0.0995885600891857,-0.00906193684389029,0,-0
12.1126676198409,23.2085058840247,6.20552754006894,0.0996986150702834,-0.00775797351551644,0,0
12.2106791292503,23.1886628997914,6.08342966051014,0.098011509409424,-0.0198429842333858,0,-0
12.3104507103147,23.18190778233,6.21558265230196,0.0997715810643653,-0.00675511746136043,0,-0
12.4089808915164,23.198990036056,6.45484972341983,0.0985301812016956,0.0170822537260465,0,-0
12.5050803245957,23.2266468428463,6.56340634134948,0.0960994330793182,0.0276568067902578,0,-0
12.5964955193336,23.2671840130859,6.70057071014508,0.0914151947379036,0.0405371702395611,0,-0
12.6943568143609,23.2877550348296,6.49037469800577,0.0978612950272877,0.0205710217437577,-0,-0
12.7920008248404,23.3093338952598,6.50068469707572,0.0976440104795705,0.0215788604301878,0,-0
12.8887439238288,23.3346473856974,6.53910463776288,0.0967430989883243,0.0253134904376163,0,0
12.9822270136382,23.3701567072859,6.64619908673008,0.0934830898094649,0.0355093215885001,-0,-0
13.0820772952323,23.3756267407027,6.33791295652939,0.0998502815940902,0.0054700334167984,-0,-0
13.1812592662814,23.3883914035974,6.41118114115957,0.0991819710491074,0.0127646628946486,0,-0
13.2786373683311,23.4111401451274,6.51268197320454,0.0973781020496874,0.0227487415300423,0,-0
13.3768261093868,23.4300866785808,6.47380289679004,0.0981887410556794,0.0189465334533984,-0,0
13.4741021312178,23.4532680412832,6.51712699036061,0.0972760218309641,0.0231813627024341,-0,0
13.5601885128503,23.5041515837838,6.81701675758791,0.0860863816325768,0.0508835425005998,0,0
13.6466053710523,23.5544718244282,6.81048586744814,0.0864168582019401,0.0503202406443549,0,-0
13.7370926833392,23.5970399617504,6.72290006369241,0.0904873122869621,0.0425681373222014,0,-0
13.8344282280411,23.6199701108471,6.51454529934741,0.0973355447018331,0.0229301490967122,-0,-0
13.931228849565,23.6450627327224,6.53682227524713,0.0968006215239484,0.0250926218753102,-0,-0
14.0182560602962,23.6943198600477,6.79822716050964,0.0870272107312225,0.0492571273253261,0,-0
14.1040897986971,23.7456284300155,6.82196122367044,0.0858337384008624,0.051308569967719,-0,-0
14.2010582945588,23.7700642809383,6.53004339896111,0.0969684958616791,0.0244358509228454,0,0
14.2959272020231,23.8016853245093,6.60491759388449,0.094868907464357,0.0316210435710031,-0,0
14.3849328756844,23.8472703007197,6.75651201616724,0.0890056736613019,0.0455849762103462,0,-0
14.4695756431667,23.900520670793,6.84474109148277,0.0846427674822628,0.0532503700733018,0,0
14.5533809862751,23.9550794873718,6.86027608544868,0.0838053431084167,0.0545588165788129,0,-0
14.6493639500845,23.9831378311996,6.56758721850659,0.0959829638094016,0.0280583438278725,0,-0
14.7478851360465,24.0002718884144,6.45537551005374,0.0985211859620111,0.0171340572147645,0,-0
14.8478828231421,24.0009520174729,6.28998665020027,0.0999976870955717,0.000680129058441684,-0,-0
14.9476898098012,24.0071621232721,6.34532635048721,0.0998069866590595,0.00621010579928569,0,0
15.0466948618088,23.993090887471,6.1420044123644,0.0990050520076114,-0.0140712358011003,0,0
15.146404356225,24.0007077584332,6.35942786073493,0.099709494416257,0.00761687096217424,-0,-0
15.2448004516819,24.01854615519,6.46252913855459,0.0983960954568204,0.0178383967567797,-0,0
15.3432645924828,24.0360050490933,6.4586735871178,0.0984641408009727,0.0174588939032866,-0,-0
15.4390942395435,24.0645826407382,6.57300132080447,0.0958296470607004,0.0285775916448816,-0,0
15.5357371151796,24.0902761143996,6.54303442362831,0.0966428756360657,0.0256934736614562,-0,0
15.6341973277861,24.1077571479357,6.45889844130528,0.0984602126064586,0.0174810335361207,0,0
15.732842178281,24.1241642644048,6.4480016492728,0.0986448504949415,0.0164071164691008,-0,0
15.8327493525872,24.1198565362164,6.24009469141552,0.0999071743062253,-0.0043077281884444,-0,-0
15.9327130627663,24.1171627197339,6.25624388327747,0.0999637101790373,-0.00269381648251019,0,0
16.0322688161144,24.107747201942,6.1888904539531,0.099555753348117,-0.00941551779186305,-0,0
16.1299523460343,24.1291464538538,6.49884564798468,0.0976835299199271,0.021399251911754,0,-0
16.2294544610005,24.1191800544409,6.18335557890045,0.0995021149661787,-0.00996639941289523,0,-0
16.3262817612276,24.0941905780413,6.03061373779039,0.0968273002271274,-0.0249894763995915,0,-0
16.4243674271161,24.0747174645968,6.08720197747239,0.0980856658884434,-0.0194731134444559,0,0
16.5234779319074,24.0614092776428,6.14970744272018,0.0991105047913501,-0.0133081869540436,0,0
16.6228859795721,24.0505446534205,6.17432417806946,0.0994080476647003,-0.0108646242223408,-0,-0
16.7215285178076,24.0341236409527,6.11822809446336,0.0986425382354499,-0.0164210124678052,0,-0
16.818404348569,24.0093229672869,6.03256314018825,0.0968758307614598,-0.0248006736657899,0,0
16.9045353402982,23.9585149731939,5.75023121776358,0.0861309917291663,-0.0508079940929603,-0,0
17.0007583394871,23.9312911889769,6.00746735501052,0.0962229991889014,-0.02722378421698,0,-0
17.0960287841283,23.9009013489335,5.97440337826923,0.0952704446412296,-0.0303898400433832,0,-0
17.1839374365388,23.8532351257627,5.78633138020924,0.0879086524104945,-0.0476662231708246,-0,0
17.2756866795278,23.8134598016164,5.87411856813549,0.0917492429889982,-0.0397753241463318,0,0
17.3747383042811,23.7997202370769,6.14535366528556,0.0990516247532874,-0.0137395645394584,0,-0
17.4742726253723,23.7900807907799,6.18664093537309,0.0995343210911993,-0.00963944629706659,0,0
17.5732421349227,23.7757617063346,6.1395005703282,0.0989695095504158,-0.0143190844452487,-0,0
17.6729311770211,23.7678816755287,6.20430321879574,0.0996890420984071,-0.00788003080590497,-0,0
17.7728840536185,23.7648120729624,6.25248445893659,0.0999528765973483,-0.00306960256633683,-0,0
17.8727603868313,23.7598403465066,6.23344753789695,0.0998763332128722,-0.00497172645580185,-0,-0
17.9611494388842,23.7130709603955,5.7965054131211,0.0883890520528291,-0.0467693861110263,-0,0
18.0596408845729,23.6957667665065,6.10926793960003,0.0984914456887069,-0.0173041938890117,0,0
18.1593737982234,23.7030705966511,6.35628870328517,0.0997329136505061,0.0073038301445672,-0,-0
18.2577463376173,23.7210384427433,6.46384489009062,0.0983725393939079,0.0179678460922294,-0,-0
18.3548251506343,23.7450322766012,6.52548764085188,0.0970788130170649,0.0239938338578427,0,0
18.4508360361648,23.772994927757,6.56659038798888,0.0960108855304296,0.0279626511558317,-0,0
18.5409592019956,23.8163286903519,6.73137820620868,0.0901231658307975,0.0433337625949394,-0,-0
18.625509651682,23.8697255203873,6.84647236567805,0.0845504496864304,0.0533968300353345,-0,0
18.7003747988637,23.9360218983989,7.00795598821571,0.0748651471816716,0.0662963780116731,-0,-0
18.7803050157515,23.9961148299988,6.92784856770643,0.0799302168878223,0.0600929315998619,-0,-0
18.8708577988255,24.0385435169636,6.72135951733377,0.0905527830739862,0.0424286869647836,-0,0
18.9669343553172,24.0662796899636,6.56423231555632,0.096076556491744,0.0277361730000505,0,0
19.0598711581331,24.1031951431286,6.66128443937838,0.0929368028158306,0.0369154531649204,0,0
19.1519757977165,24.1421404299706,6.68322279262956,0.0921046395833979,0.0389452868420862,-0,0
19.2432082473695,24.1830872263081,6.70505612699813,0.0912324496530476,0.0409467963374932,-0,0
19.3383244641436,24.2139563906406,6.59700249720306,0.0951162167740925,0.0308691643324505,-0,-0
19.4374199723387,24.22737578912,6.41778535266735,0.0990955081951227,0.0134193984794537,-0,0
19.5356349665988,24.2461857572882,6.47241223827693,0.0982149942601129,0.0188099681681281,-0,-0
19.6346300459319,24.2603269831134,6.42507317143684,0.0989950793330684,0.0141412258252064,-0,-0
19.7334249159151,24.2758051504791,6.43859176714166,0.0987948699832121,0.0154781673656869,-0,-0
19.8269804634365,24.311123127884,6.64415304833332,0.0935555475213819,0.0353179774049203,-0,0
19.9244044189814,24.3336746884947,6.51065755052247,0.0974239555449266,0.0225515606107464,-0,0
20.0229920135109,24.3504224108738,6.4514554985761,0.0985875945294956,0.0167477223791109,0,-0
20.1219379179492,24.3649037089815,6.42850926578596,0.0989459044383137,0.0144812981077007,-0,-0
20.221856993567,24.3689259381761,6.32341845251888,0.0999190756177541,0.00402222919455694,0,-0
20.3217705690622,24.3730825511918,6.3247634159185,0.0999135754952129,0.00415661301571257,-0,-0
20.4217545122461,24.3748745069406,6.30110582383301,0.0999839431838644,0.00179195574883477,-0,0
20.5210413375264,24.3867961815609,6.40268627223685,0.0992868252803415,0.0119216746202425,0,-0
20.62104132718,24.3868416708571,6.28364020015746,0.0999999896536191,4.54892962188366e-05,0,0
20.7208197137207,24.3801878314137,6.21659771645303,0.0997783865406783,-0.00665383944343279,0,0
20.8180967308799,24.3570106458077,6.04928656443796,0.0972770171591813,-0.0231771856059433,0,0
20.9140089642573,24.3287114675768,5.99627333535964,0.0959122333774657,-0.0282991782309408,-0,0
21.0085745075008,24.2961944254131,5.95199336930991,0.094565543243428,-0.0325170421636923,0,-0
21.1045674177197,24.2681701290311,5.99913810131394,0.0959929102188906,-0.0280242963820327,0,0
21.1923044326934,24.2201887138425,5.78274243111548,0.0877370149737571,-0.0479814151885365,-0,-0
21.2799878357412,24.1721093957322,5.78162622226378,0.0876834030477864,-0.0480793181103835,-0,-0
21.3764008298666,24.1455663257558,6.01453468854016,0.0964129941254237,-0.0265430699763803,-0,-0
21.472507763304,24.117935593857,6.00323559483747,0.0961069334373891,-0.0276307318987618,0,0
21.5701786459087,24.0964786907435,6.06693474474224,0.0976708826046744,-0.0214569031135416,0,-0
21.6659520382303,24.0677131328103,5.99140725549286,0.0957733923216247,-0.0287655579331977,0,-0
21.7596518665242,24.0327797365011,5.92632511758069,0.0936998282939048,-0.0349333963091589,-0,-0
21.8465758840553,23.9833407318969,5.76605232503778,0.0869240175310754,-0.0494390046042322,-0,0
21.9335307262362,23.9339559627742,5.76667615567344,0.0869548421808662,-0.0493847691226825,0,-0
21.9995049184804,23.8588067381759,5.43286426934218,0.0659741922441898,-0.0751492245983063,0,-0
22.0605724439668,23.7796186246047,5.36930201372739,0.0610675254864202,-0.079188113571201,-0,0
22.1110698030796,23.693305145225,5.24174034896941,0.0504973591128151,-0.0863134793797086,0,0
22.1526602551905,23.6023643166978,5.14132618339035,0.0415904521108793,-0.0909408285271948,-0,0
22.1740103418657,23.504670029255,4.92754603748954,0.0213500866752823,-0.0976942874428077,0,-0
22.1698935730676,23.4047548041155,4.67120965517377,-0.00411676879812826,-0.0999152251394289,-0,-0
22.1591412932897,23.3053345421989,4.60465791602941,-0.0107522797779232,-0.09942026191666,0,0
22.1553119460741,23.2054078885979,4.67408614318657,-0.00382934721562077,-0.0999266536010399,0,-0
22.1675700880266,23.1061620425595,4.83527948337469,0.0122581419525423,-0.0992458460383674,0,0
22.1897434349625,23.0086513114287,4.93598081427665,0.0221733469359194,-0.0975107311307805,-0,0
22.2156572100302,22.9120672741257,4.9745183310658,0.0259137750676617,-0.0965840373029759,-0,-0
22.2343252670899,22.8138252075472,4.90017120816525,0.0186680570597455,-0.0982420665784983,0,-0
22.2556390192601,22.7161229866491,4.92717413212596,0.0213137521701249,-0.097702220898148,-0,0
22.2917313301145,22.622863428977,5.08164651174925,0.036092310854449,-0.0932595576720468,-0,0
22.3022840137412,22.5234217834342,4.81811266095545,0.0105526836267019,-0.0994416455428747,-0,-0
22.3096187725451,22.4236911396315,4.78580249488484,0.0073347588039208,-0.0997306438026362,0,-0
22.3082738419712,22.3237001842318,4.69893926915203,-0.00134493057393388,-0.0999909553997325,0,0
22.3158357907343,22.223986509488,4.78808072334064,0.00756194876311659,-0.0997136747437582,0,0
22.3201393175424,22.1240791541181,4.75543754334771,0.00430352680811185,-0.0999073553699219,0,0
22.3132075990271,22.0243196870063,4.64301616482813,-0.00693171851532786,-0.0997594671117697,-0,-0
22.3148841803302,21.9243337426185,4.72915557897241,0.00167658130310013,-0.0999859443878693,-0,-0
22.3137946732745,21.8243396779227,4.70149369427078,-0.0010895070556932,-0.0999940646957388,-0,-0
22.2985930215724,21.7255018825936,4.55978079754673,-0.0152016517020918,-0.0988377953291568,-0,0
22.2939660570097,21.6256089839524,4.66610280920422,-0.00462696456275516,-0.0998928986411697,-0,-0
22.2807327136163,21.5264884582141,4.57966623036849,-0.0132333433933652,-0.0991205257382813,-0,0
22.2775575546663,21.4265388790972,4.68063205333044,-0.0031751589500463,-0.0999495791168824,-0,0
22.270178769185,21.3268114830377,4.6385340028416,-0.00737878548124464,-0.0997273960595672,-0,-0
22.2610953296295,21.2272248819016,4.62142920802953,-0.00908343955550513,-0.0995866011361041,0,0
22.2681347393432,21.1274729560511,4.78284134519722,0.00703940971370186,-0.0997519258504949,-0,0
22.2707989144908,21.0275084514968,4.73903388451067,0.00266417514755448,-0.0999645045542824,-0,0
22.2788796242531,20.9278354755718,4.79328427961635,0.00808070976234814,-0.0996729759249552,-0,-0
22.2813085634342,20.8278649786517,4.73668076118386,0.00242893918110168,-0.0999704969201139,0,-0
22.2974241452842,20.729172081128,4.8742506479675,0.0161155818500007,-0.0986928975237627,-0,-0
22.288239772238,20.6295947378628,4.62041563619665,-0.00918437304623203,-0.0995773432651607,-0,-0
22.2611025325564,20.5333472951827,4.43757033024569,-0.0271372396815967,-0.0962474426801231,0,-0
22.2301933460592,20.4382440765722,4.39815099041398,-0.0309091864972275,-0.0951032186105161,-0,0
22.2224013788885,20.3385481125234,4.63439024457849,-0.00779196717061667,-0.0996959640487619,0,0
22.1904184634308,20.2438005895013,4.38683981508461,-0.0319829154577409,-0.094747523022098,-0,-0
22.1706126974754,20.1457815523967,4.51301305287808,-0.0198057659554316,-0.0980190371046292,-0,0
22.1509398796213,20.0477357455629,4.51436921728105,-0.0196728178540439,-0.098045806833753,-0,0
22.1376563880335,19.9486219279024,4.57916028177744,-0.0132834915878052,-0.0991138176604892,0,-0
22.1499530580186,19.8493808481659,4.83566770070302,0.0122966699850421,-0.0992410797365635,0,-0
22.1701615187004,19.7514440414134,4.91587495790663,0.0202084606818341,-0.0979368067524706,0,-0
22.1872157257828,19.6529090018549,4.88376875336518,0.0170542070824463,-0.0985350395584689,0,0
22.1946937225,19.5531889960131,4.78723881899661,0.00747799671714215,-0.0997200058418491,-0,-0
22.1966597338826,19.4532083238847,4.73205036093562,0.00196601138258072,-0.0999806721283847,-0,-0
22.1986075376407,19.3532272953817,4.73186824981744,0.00194780375808308,-0.0999810285030115,0,0
22.2218565704301,19.2559674245492,4.94702637152298,0.0232490327894134,-0.0972598708325113,-0,0
22.2041060465562,19.1575554389874,4.53393812938508,-0.0177505238739062,-0.0984119855617286,-0,-0
22.1851452834214,19.0593694447655,4.52162646702586,-0.0189607631347848,-0.0981859942219184,-0,-0
22.1491299362466,18.9660801379406,4.3439565805537,-0.0360153471747579,-0.0932893068249607,0,-0
22.1081296718481,18.8748717045627,4.28993201936122,-0.0410002643985277,-0.0912084333779,-0,-0
22.0790244916755,18.7792009750415,4.4170629285832,-0.0291051801726043,-0.0956707295212085,-0,0
22.0488873537753,18.6838502911468,4.40625840494306,-0.0301371379001704,-0.0953506838946953,0,0
22.0076294739182,18.5927580996609,4.2871057505291,-0.0412578798570735,-0.0910921914858748,0,0
21.9719167250268,18.4993525346949,4.34719821237172,-0.0357127488914491,-0.0934055649659928,-0,-0
21.9217141671498,18.4128672574356,4.18644968438153,-0.0502025578769756,-0.0864852772592475,0,0
21.8735780516467,18.3252150219578,4.21018202500463,-0.0481361155031364,-0.0876522354778742,0,-0
21.8285860791844,18.2359081218103,4.24571353046723,-0.0449919724622369,-0.08930690014751,-0,-0
21.7667921388574,18.1572855491046,4.04626985679101,-0.061793940327076,-0.0786225727056408,-0,0
21.689255657802,18.0941341904054,3.82509641357906,-0.0775364810553243,-0.0631513586992183,0,0
21.6034541048008,18.0427718160194,3.68099553224062,-0.085801553001289,-0.0513623743859938,0,-0
21.5093422713883,18.0089640830023,3.48646583659806,-0.0941118334124173,-0.0338077330170689,0,-0
21.4269004893798,17.9523659153708,3.74321617210853,-0.0824417820085689,-0.0565981676315728,-0,-0
21.3346178921918,17.9138442038791,3.53703573638193,-0.0922825971879532,-0.0385217114916506,0,0
21.2459410674125,17.8676227721935,3.62208329553457,-0.0886768247792701,-0.0462214316856005,-0,0
21.1662141050204,17.8072604373503,3.78963068234037,-0.079726962392129,-0.060362334843212,0,-0
21.083029612074,17.7517596253449,3.72996538119379,-0.0831844929463762,-0.0555008120053598,-0,0
21.0126436435405,17.6807257219354,3.93157242446261,-0.0703859685334913,-0.0710339034095859,-0,-0
20.9469733503009,17.605310785843,3.99595048996475,-0.0656702932396593,-0.075414936092376,0,0
20.8626791992866,17.5515102644256,3.7096615127639,-0.0842941510142596,-0.05380052141741,-0,0
20.7698062757204,17.5144343953425,3.52141845404641,-0.0928729235662201,-0.0370758690830444,-0,-0
20.6797144945736,17.4710354210483,3.5905092628058,-0.090091781146815,-0.0433989742942663,0,-0
20.5909566586285,17.4249697444728,3.62032766256488,-0.0887578359450486,-0.046065676575427,0,0
20.5032636438706,17.376907959626,3.64295178843601,-0.0876930147579316,-0.048061784846853,0,0
20.4105313206845,17.3394818158692,3.52519285443673,-0.0927323231861315,-0.0374261437567759,-0,0
20.3120594162251,17.3220667639844,3.31663569235669,-0.0984719044593365,-0.0174150518848295,-0,0
20.2121243804262,17.3184627911948,3.1776401878213,-0.0999350357989226,-0.00360397278958413,-0,-0
20.1121243831826,17.3184862703567,3.14135786196814,-0.0999999972436447,2.34791619491859e-05,-0,-0
20.014455651662,17.3399529627698,2.92524186263995,-0.0976687315206073,0.0214666924130275,0,-0
19.9166483402131,17.3607791440603,2.93179518570185,-0.0978073114488605,0.0208261812905201,-0,0
19.8166483861955,17.3608750422734,3.14063367131135,-0.099999954017653,9.58982131454532e-05,0,-0
19.7172188282837,17.3715410168412,3.03472963331699,-0.0994295579117146,0.0106659745678019,0,-0
19.6191937099757,17.3517653706899,3.34066130538249,-0.0980251183080083,-0.0197756461512884,-0,0
19.521016504925,17.3327591504339,3.33281815716865,-0.0981772050507644,-0.0190062202560154,-0,0
19.4251673985825,17.3042468931863,3.43072695999843,-0.0958491063424362,-0.0285122572476533,-0,0
19.3267245484443,17.2866683478349,3.31829624267248,-0.0984428501381896,-0.0175785453513636,0,0
19.2275251756335,17.274039633176,3.26821791298006,-0.0991993728108425,-0.0126287146588831,0,-0
19.1291248842845,17.2562243963708,3.32070111528373,-0.0984002913490198,-0.0178152368052748,-0,0
19.0333338674165,17.2275175838102,3.43275738288528,-0.095791016868028,-0.0287068125605958,-0,-0
18.9385888951103,17.1955271129992,3.46722156192295,-0.0947449723061679,-0.0319904708109066,-0,0
18.8491390585445,17.1508199912137,3.60508108587847,-0.0894498365658216,-0.0447071217855478,0,0
18.7546535919575,17.1180709972773,3.47523844406242,-0.0944854665869628,-0.0327489939363629,-0,0
18.6571665862445,17.0957935710996,3.36625197917278,-0.0974870057130481,-0.0222774261777282,-0,0
18.560721437173,17.0693675759323,3.4090291695444,-0.0964451490714752,-0.0264259951672767,0,0
18.4650729790867,17.0401892883589,3.43768295071576,-0.0956484580862648,-0.0291782875734688,0,0
18.3665510423249,17.0230595488192,3.31373903179197,-0.0985219367618381,-0.017129739539654,0,0
18.2703662049397,16.995701240078,3.41870893240426,-0.0961848373852106,-0.0273583087412325,-0,0
18.1748288906735,16.9661610711076,3.44146859815506,-0.0955373142662027,-0.0295401689704177,-0,0
18.0908803090617,16.9118229109863,3.71605271748819,-0.0839485816117907,-0.0543381601213044,-0,0
18.0105347121547,16.8522864930754,3.77931149200678,-0.0803455969069973,-0.0595364179108745,0,-0
17.9341910245397,16.787698248314,3.84377126056943,-0.0763436876149541,-0.0645882447613365,-0,0
17.872065510863,16.7093374127493,4.04204555232213,-0.0621255136766949,-0.0783608355647565,-0,0
17.8072379922436,16.6331968005266,4.00707203507156,-0.0648275186194417,-0.0761406122226893,-0,-0
17.7555917146944,16.5475658364113,4.16967397742472,-0.0516462775491922,-0.0856309641152767,0,0
17.723654119056,16.4528030273308,4.38731809843668,-0.0319375956384318,-0.0947628090805461,0,0
17.7029506897591,16.3549696587117,4.50384638420885,-0.0207034292968353,-0.0978333686190501,0,-0
17.6578788239563,16.2657030529005,4.24481873552177,-0.0450718658028303,-0.0892666058111971,-0,-0
17.6208104844711,16.1728271237918,4.33264425281429,-0.0370683394852415,-0.0928759291087141,0,-0
17.6082425605881,16.0736200308535,4.58637651124577,-0.0125679238829735,-0.0992070929383166,0,0
17.5931715318138,15.9747622335298,4.56110225248717,-0.0150710287742761,-0.0988577973236555,0,0
17.5753895397156,15.8763559290721,4.53361836007906,-0.0177819920981803,-0.0984063044576934,0,-0
17.561023679778,15.7773931983689,4.56823160207337,-0.0143658599376201,-0.098962730703294,-0,-0
17.538741295652,15.6799073257633,4.48767879697685,-0.022282384125977,-0.097485872605534,-0,0
17.5222916833332,15.5812695528031,4.54714182641065,-0.0164496123187906,-0.0986377729602686,0,-0
17.5065587266313,15.4825149373493,4.55440302299282,-0.0157329567019347,-0.0987546154537349,0,0
17.5145028798339,15.3828309846293,4.79191430928859,0.00794415320255189,-0.0996839527200561,0,-0
17.5345737872645,15.2848658955673,4.91447065063366,0.0200709074306881,-0.097965089061914,-0,-0
17.5760644452264,15.1938794938257,5.14022910585127,0.0414906579618324,-0.0909864017416572,-0,-0
17.6338558969387,15.1122697633459,5.32855991779976,0.0577914517123199,-0.0816097304797816,-0,-0
17.6847473007621,15.0261880288322,5.24631175226334,0.0508914038233608,-0.0860817345137029,0,-0
17.7140846963258,14.9305882525692,5.0101431668966,0.0293373955637835,-0.0955997762629918,0,0
17.7442759157449,14.8352546788924,5.019086792138,0.0301912194191008,-0.0953335736767888,-0,0
17.770252511526,14.7386875184722,4.97516881329894,0.0259765957810904,-0.0965671604202269,-0,-0
17.8072315521347,14.6457759984348,5.09117240653071,0.0369790406086166,-0.0929115200374328,-0,0
17.8420495932903,14.5520332439943,5.06801833825648,0.0348180411556761,-0.0937427544404454,0,0
17.8588085869089,14.4534475648472,4.88077350004944,0.0167589936185843,-0.0985856791470863,-0,-0
17.8831268910434,14.3564495231968,4.95803504069394,0.0243183041344396,-0.0969980416504627,0,0
17.9037251585748,14.2585939593554,4.91985679165621,0.0205982675314367,-0.0978555638413236,0,0
17.9396697837931,14.1652773803466,5.08006339819662,0.0359446252183153,-0.0933165790088495,0,-0
17.9741916976137,14.071425169578,5.06486124831261,0.0345219138206206,-0.0938522107686422,-0,-0
17.9939044543409,13.973387384912,4.91081610926834,0.0197127567271955,-0.0980377846659869,0,-0
18.0039276103888,13.8738909711935,4.81278913130755,0.0100231560478486,-0.0994964137184877,0,-0
18.0198981895605,13.7751745054904,4.87278159250053,0.0159705791717835,-0.0987164657031328,-0,-0
18.0745441443051,13.6914259554727,5.29051987961171,0.0546459547445802,-0.083748550017617,0,-0
18.1333819752557,13.6105673773933,5.34144076551584,0.058837830950589,-0.0808585780794463,0,0
18.1675425363689,13.5165830379296,5.0610137302313,0.0341605611131751,-0.0939843394637268,0,0
18.2126911291289,13.4273552139519,5.18081893781764,0.0451485927600411,-0.0892278239776582,0,-0
18.2308718171198,13.3290217883827,4.89521262390911,0.0181806879908908,-0.0983334255692228,0,0
18.2285336516362,13.2290491272089,4.68900519455893,-0.00233816548360602,-0.0999726611737993,-0,-0
18.2207713700532,13.1293508474613,4.63468800229567,-0.00776228158297167,-0.0996982797475797,-0,-0
18.2087143870731,13.030080362616,4.59152510062135,-0.0120569829801722,-0.0992704848452743,0,-0
18.1995454060399,12.9305016008904,4.62057020854061,-0.0091689810332202,-0.0995787617256433,-0,-0
18.1770094345571,12.83307403811,4.48507674737285,-0.022535971482737,-0.0974275627804025,-0,-0
18.1362194669848,12.7417713626539,4.29223650081935,-0.0407899675723544,-0.0913026754561238,-0,-0
18.0897765718928,12.6532103244063,4.22939928674402,-0.0464428950919448,-0.0885610382475195,0,0
18.0469584286673,12.562841045275,4.2699095389677,-0.0428181432255009,-0.0903692791313535,-0,0
17.9921024159476,12.4792299343597,4.13174782434062,-0.0548560127197628,-0.0836111109152918,0,0
17.9385202790858,12.3947967974446,4.14690872956619,-0.0535821368617862,-0.0844331369151047,0,0
17.886980861718,12.3091014740168,4.17092142367586,-0.0515394173677765,-0.0856953234277702,-0,0
17.8367082290645,12.2226569113996,4.18563924272811,-0.0502726326534884,-0.0864445626172486,-0,-0
17.7851592205254,12.136967357085,4.17080949814914,-0.0515490085391427,-0.0856895543145802,-0,0
17.7249052337019,12.0571584786824,4.06570924206648,-0.0602539868234679,-0.0798088784025773,0,0
17.655222651616,11.9854344397983,3.94142659782007,-0.0696825820858784,-0.0717240388840786,0,-0
17.5869117679875,11.9124027810613,3.96037794032953,-0.068310883628547,-0.0730316587370649,0,0
17.5192282326837,11.8387893376642,3.9689338960152,-0.0676835353037982,-0.0736134433971099,-0,-0
17.4499218585254,11.7667017069566,3.94665853860092,-0.0693063741582604,-0.0720876307075993,0,0
17.3848936165147,11.6907324517213,4.00443284698865,-0.0650282420106946,-0.0759692552352498,-0,0
17.324319378071,11.6111663682626,4.06169040265209,-0.0605742384436994,-0.0795660834587568,0,0
17.2711310255719,11.5264846160462,4.15156572521039,-0.0531883524990721,-0.0846817522163686,0,-0
17.2150448612622,11.4436936613892,4.11696280136984,-0.056086164309725,-0.0827909546570308,0,0
17.1568409790959,11.3623775615025,4.09115525369763,-0.0582038821663199,-0.0813160998866101,0,0
17.0869995960147,11.2908081461822,3.93921015421169,-0.0698413830812361,-0.0715694153203729,0,-0
17.0126579810718,11.2239252314155,3.87422536078968,-0.0743416149428305,-0.0668829147667169,-0,-0
16.9451027114947,11.1501940605827,3.9706749259804,-0.0675552695771059,-0.0737311708327255,-0,-0
16.8781544721793,11.0759112681436,3.97887721777689,-0.0669482393154523,-0.0742827924391708,-0,0
16.8010693508758,11.0122097448209,3.83221265469028,-0.0770851213034908,-0.06370152332265,-0,-0
16.7197428771372,10.9540203585958,3.76264812508999,-0.0813264737385409,-0.0581893862251048,0,-0
16.6331045720089,10.9040823561879,3.66447569048057,-0.0866383051283085,-0.049938002407927,-0,-0
16.5397360142592,10.8682729660264,3.50781826797212,-0.0933685577497266,-0.0358093901614642,0,0
16.4498095040776,10.8245325640328,3.59430251389633,-0.0899265101815783,-0.0437404019936087,-0,0
16.35702358592,10.7872394897206,3.52375828475964,-0.0927859181575919,-0.0372930743121651,-0,-0
16.2655176853477,10.7469074905086,3.55673478394513,-0.0915059005723601,-0.0403319992120568,0,0
16.1708695246914,10.7146317150045,3.47023439003221,-0.0946481606562496,-0.0322757755040644,0,-0
16.0724370283527,10.6969952849653,3.31888427654456,-0.0984324963387243,-0.0176364300391838,0,-0
15.9735585186092,10.6820607507945,3.29149880971675,-0.0988785097435262,-0.0149345341708199,0,0
15.8739527751248,10.6731896818098,3.23042011015995,-0.0996057434843432,-0.00887106898469579,0,0
15.7764687851088,10.6508990629187,3.3663873091826,-0.0974839900160551,-0.0222906188911314,0,-0
15.677560125977,10.6656326011477,2.99371894348793,-0.0989086591318153,0.0147335382290329,-0,-0
15.577808431875,10.6726752940838,3.07110737486433,-0.0997516941019446,0.00704269293609113,-0,0
15.4778220414397,10.6710255281264,3.15809106162467,-0.0999863904353274,-0.00164976595742526,-0,0
15.3783597521666,10.6606692250913,3.24534170728393,-0.0994622892730952,-0.0103563030351151,-0,0
15.2788747332469,10.6505335943486,3.24312330881508,-0.099485018919675,-0.0101356307426777,-0,0
15.1789036176295,10.6529369341528,3.11755694131451,-0.0999711156173907,0.00240333980416815,-0,-0
15.0800731468943,10.6376877356735,3.29468191290176,-0.0988304707351977,-0.0152491984792392,0,-0
14.9854020109812,10.6054794133806,3.46952180331257,-0.0946711359130809,-0.0322083222929566,-0,-0
14.901975186023,10.5503435368809,3.72558470733893,-0.0834268249582729,-0.0551358764996231,-0,0
14.8208508035488,10.4918727358929,3.76611273571775,-0.0811243824741626,-0.058470800988064,0,0
