X,Y,Theta,FmPi_x,FmPi_y,Xi_x,Xi_y
0,0,3.68402420257484,0,0,0,0
-0.0728232321400953,-0.162990024962529,3.87506696598131,-0.0742852996131208,-0.0669454573618619,0.00146206747302557,-0.0960445676006667
0.0356994811901072,-0.15105612346072,0.674097453155941,0.0781270632178618,0.0624192437710697,0.0303956501123407,-0.0504853422692615
0.0996755990472618,-0.261952350930475,-0.730531252407356,0.0744820021107591,-0.0667265416575209,-0.0105058842536046,-0.0441696858122337
0.130918129139312,-0.394519218402968,-1.06650647683701,0.048318581319112,-0.0875517829590487,-0.0170760512270622,-0.0450150845134447
0.166257887907818,-0.521086677443944,-0.855661775779332,0.0655719009324644,-0.0755005020387485,-0.0302321421639584,-0.0510669570022266
0.217962005324475,-0.660749012907256,-0.556621092125647,0.084904510026605,-0.0528320374123707,-0.0332003926099473,-0.0868302980509415
0.254565488585819,-0.615334717832478,0.653136297167018,0.0794181841970693,0.0607680180591763,-0.042814700935726,-0.0153537229843985
0.282156903138817,-0.585460146380225,0.844034285581452,0.066445329936299,0.0747329788624565,-0.0388539153833008,-0.0448584074102033
0.236125473812394,-0.489119311104341,1.82776756192782,-0.025415240920093,0.0967164180942079,-0.0206161884063296,-0.00037558281832456
0.168475163373851,-0.440220693676654,2.49406085798421,-0.0797575095895372,0.0603219666794351,0.0121071991509936,-0.0114233492517478
0.216694083617383,-0.429456149397948,1.09850474806044,0.0454928193392597,0.089052812356295,0.00272610090427239,-0.0782882680775888
0.291232028448637,-0.433923230049398,0.374930878936654,0.0930532936836126,0.0366208210534846,-0.018515348852358,-0.0410879017049344
0.371059467621499,-0.416143039472124,0.245783462009366,0.0969946993585173,0.0243316316006725,-0.0171672601856554,-0.006551441023399
0.498773437276289,-0.399416134711465,0.096486868079943,0.0995348752307191,0.00963372268674947,0.0281790944240705,0.00709318207390974
0.500744719645339,-0.373715761992875,0.00660886369562824,0.0999978161539813,0.000660881558642263,-0.098026533784931,0.0250394911599475
0.46167657236516,-0.305436769638367,1.03593195870994,0.0509724354857893,0.086033777207833,-0.0900405827659687,-0.0177547848533244
0.520689140981985,-0.326096751859525,-0.181854051343059,0.098351007197323,-0.0180853361393179,-0.0393384385804972,-0.00257464608184055
0.526891731349584,-0.225074033135411,1.56004558037768,0.00107505393257994,0.0999942211282334,0.00512753643501829,0.00102849759588031
0.378614882685934,-0.144680865478376,2.49485543438847,-0.0798054148183586,0.0602585742087357,-0.0684714338452907,0.0201345934482996
0.283169875394919,-0.124078133091453,2.65493821850249,-0.0883902427246371,0.0467671358015407,-0.00705476456637821,-0.0261644034146176
0.249620688587633,-0.199873945331302,4.69407699268113,-0.00183109642976244,-0.0999832340238348,-0.0317180903775232,0.024187421783986
0.337913816506036,-0.239245461906342,5.51928600509141,0.0722144194320599,-0.0691742555152603,0.0160787084863429,0.0298027389402201
0.355994632447365,-0.370993522646158,5.15412653999189,0.042751088123991,-0.0904010202609172,-0.024670272182662,-0.0413470404788995
0.2480033449764,-0.384244370610284,4.59328267975526,-0.0118824887147094,-0.0992915226086538,-0.0961087987562556,0.0860406746445285
0.145607315465596,-0.365217769127415,2.99492539416477,-0.0989263624327548,0.0146141991167231,-0.00346966707804963,0.00441240236614532
0.0231118852871772,-0.391741854689231,2.96363086939372,-0.0984206549839537,0.0177023917177752,-0.0240747751944649,-0.0442264772795904
-0.0953628257760036,-0.329964267348105,2.19644120468624,-0.0585620123429211,0.0810585634609173,-0.0599126987202597,-0.0192809761197921
-0.200982054868712,-0.252277214197429,2.34804920382024,-0.070132380103122,0.0712842848113889,-0.0354868489895865,0.00640276833928721
-0.141808574033557,-0.149567409382102,1.12389104275012,0.0432176827655955,0.0901788883074767,0.0159557980695598,0.012530916507851
-0.185553348540497,-0.137361751761179,2.34071419701298,-0.069607627443287,0.0717967840624952,0.0258628529363465,-0.0595911264415728
-0.260173505189294,-0.115627216535804,2.05837160489059,-0.0468485094989217,0.0883471400653663,-0.0277716471498752,-0.066612604839991
-0.30874613818573,-0.0660199388060998,1.75350503152763,-0.0181693855457061,0.0983355145859902,-0.0304032474507296,-0.0487282368562861
-0.412451203991665,-0.1330395782122,3.80311947277862,-0.078905519248087,-0.0614322312161114,-0.0247995465578481,-0.0055874081899886
-0.44871001617607,-0.210410430511533,4.65464720900116,-0.0057709690475019,-0.0998333407046603,-0.0304878431369032,0.0224624884053275
-0.48592398056017,-0.327422030574318,5.18301608936754,0.045344530677246,-0.0891284103844576,-0.0825584950613458,-0.0278831896783274
-0.590264024217596,-0.478390185448694,3.98461385779613,-0.0665210064147972,-0.0746656259972587,-0.0378190372426289,-0.0763025288771182
-0.647136062835707,-0.604023641542326,4.02666276013822,-0.0633235243423652,-0.077395938296928,0.00645148572425391,-0.0482375177967034
-0.598900832858165,-0.691559826494319,5.25499881784031,0.0516372718400819,-0.0856363950485627,-0.00340204186253967,-0.00189978990343065
-0.60565504498219,-0.826260457760024,5.24932405581423,0.05115047685232,-0.0859280438377383,-0.0579046889763448,-0.048772587427966
-0.612928964701942,-0.958658192122934,5.08758923064635,0.0366458856135776,-0.0930434257086259,-0.0439198053333292,-0.0393543086542849
-0.6572035211301,-1.0918915219602,3.92811183516157,-0.0706313657495628,-0.0707899016269375,0.0263568093214043,-0.0624434282103294
-0.573294976537343,-1.11431147324972,5.95276980363441,0.0945907620841289,-0.0324436084359266,-0.0106822174913718,0.0100236571464065
-0.524230774914514,-1.08482789509189,7.13755292200534,0.0656695557952775,0.0754155782425019,-0.0166053541724487,-0.0459320000846719
-0.486053611922465,-1.01463902287267,7.02506199779826,0.0737201829243534,0.067567260042123,-0.0355430199323044,0.00262161217710299
-0.528671289699225,-0.871646728347726,7.96991452649174,-0.0115673368888855,0.0993287305732789,-0.0310503408878742,0.04366356395166
-0.463331226760736,-0.748452554998117,7.2691207737674,0.0552083374458358,0.0833788910724215,0.0101317254926532,0.039815282277188
-0.357155780830964,-0.704532712774485,6.29230487628482,0.0999958417017861,0.000911944269859129,0.0061796042279858,0.0430078979537725
-0.291044623567414,-0.620550915699727,7.09742039957277,0.0686424835603323,0.0727200759809113,-0.00253132629678299,0.0112617210938468
-0.229675159682048,-0.650102482180064,5.63863843186248,0.0799372102749065,-0.0600836284978312,-0.0185677463895404,0.0305320620174938
-0.325261583171988,-0.770383743987053,4.45902914829426,-0.0250657939772113,-0.0968075718747867,-0.0705206295127281,-0.0234736899322017
-0.230468891619335,-0.789583988194891,5.84813889124695,0.0906850481165645,-0.0421452494131472,0.00410764343608849,0.0229450052053091
-0.144578495411868,-0.851446103547635,5.33679713047681,0.0584617202045129,-0.0811309267217456,0.0274286760029541,0.0192688113690019
-0.180650139907794,-0.941016615721183,4.33403422796258,-0.0369392084848925,-0.0929273634432272,0.000867563988966147,0.00335685126967922
-0.147278937261209,-0.992224464860501,4.6128766863553,-0.00993481353208384,-0.0995052736295053,0.0433060161786689,0.0482974244901867
-0.110357850650073,-1.01978965780741,4.56474156473001,-0.0147111553716377,-0.0989119907171599,0.0516322419827733,0.0713467977702523
-0.058598059494725,-1.0606118740518,5.28876878585536,0.0544992194752623,-0.0838441117585916,-0.00273942831991381,0.0430218955141987
0.0651499691593589,-1.07952037693116,5.97578291247718,0.0953122777965718,-0.0302583823300111,0.0284357508575122,0.0113498794506559
0.175570524597583,-1.11498860934985,6.28099423659549,0.0999997599605808,-0.000219106883094778,0.0104207954776437,-0.0352491255355956
0.300435430335365,-1.08996226081422,6.67125846018787,0.0925639907335384,0.0378405552216325,0.0323009150042431,-0.0128142066860071
0.393750207317887,-1.09407774957394,6.11228153632576,0.0985431462340651,-0.0170073022637827,-0.00522836925154269,0.0128918135040678
0.490998999560323,-1.03576154098563,7.24078542626111,0.05754842948258,0.0817812830914783,0.0397003627598551,-0.0234650745031739
0.520605846081107,-0.924534442129618,7.54831129875755,0.0300932504896985,0.0953645441186831,-0.00048640396891364,0.015862554737331
0.509079517061653,-0.942433411786659,9.95371118512686,-0.0863345870125745,-0.0504612632161364,0.0748082579931205,0.0325622935590951
0.509087582903424,-1.04125025490125,11.3253126691861,0.032379551524466,-0.0946127086763425,-0.0323714856826953,-0.00420413443824752
0.548247973619556,-1.07734513415855,12.5817397495243,0.0999881897166925,0.00153685301141848,-0.0608277990005603,-0.0376317322687234
0.595335117211185,-1.04098971804641,13.0538910032642,0.0883497114090479,0.0468436601253355,-0.0412625678174187,-0.0104882440131944
0.615637341065974,-0.928178116853277,13.9591088103024,0.0177118741365473,0.0984189489609146,0.00259034971824079,0.0143926522322217
0.682675226095741,-0.883099125045749,13.1918383986432,0.081068933147793,0.058547656471277,-0.0140310481180252,-0.0134686646637491
0.750374118142542,-0.732059318321382,13.7345367439722,0.0391839564561157,0.0920033562238098,0.0285149355906852,0.0590364505005571
0.698363651495757,-0.606699458766853,14.7563533711218,-0.0580372821195663,0.0814350900053157,0.00602681547278072,0.043924769549214
0.746550724159442,-0.506299779733693,13.2051582571722,0.0802819182428184,0.0596222576162075,-0.032094845579133,0.0407774214169521
0.755536267169043,-0.376856363889949,14.0428452131991,0.00941819332230092,0.0995555002726809,-0.0004326503126999,0.0298879155710626
0.782832295090604,-0.353766692009346,13.7073511487517,0.0416703356960397,0.0909042525021759,-0.014374307774479,-0.0678145806215729
0.965129971910914,-0.37811768452352,12.1164753461724,0.0900492652143302,-0.0434871226268102,0.0922484116059801,0.0191361301126364
1.09850253255988,-0.426142514190384,11.9139080753042,0.0794591091131534,-0.0607144956245539,0.0539134515358101,0.0126896659576899
1.17946417375747,-0.286512875583921,13.3186510150257,0.0730132558264996,0.0683305530024024,0.00794838537109699,0.0712990856040605
1.19067539613843,-0.229345585895422,13.5736900921804,0.0534128759435712,0.0845403139539751,-0.0422016535626126,-0.0273730242654761
1.10918513724666,-0.213845747322829,15.4192148484554,-0.0958601017127704,0.028475268209752,0.0143698428210003,-0.0129754296371585
1.05943421797036,-0.244803707835291,16.4417186158945,-0.0742664826261073,-0.0669663315282098,0.0245155633498096,0.0360083710157476
1.01119821171791,-0.297387752586184,15.8822682377739,-0.0984847311460136,-0.0173423680937013,0.050248724893562,-0.0352416766571919
0.99182664944085,-0.337600831573105,14.402717261362,-0.0262440338368596,0.0964948220785435,0.00687247155979653,-0.136707901065464
1.12363601603319,-0.37126669926163,12.5629583296695,0.0999994178162247,-0.000341227806777732,0.031809948776118,-0.0333246398817477
1.17632943600968,-0.51614786904725,11.8445370563007,0.0750595445978719,-0.0660762042248197,-0.0223661246213847,-0.0788049655608004
1.19888841412003,-0.672675661191429,10.9760705953997,-0.00195024556734466,-0.0999809809025049,0.024509223677693,-0.0565468112416738
1.21295400696447,-0.829499424032308,10.3996502747316,-0.0561273734949073,-0.0827630228094841,0.0701929663393493,-0.074060740031395
1.1931482024783,-0.934173201709689,10.379446574793,-0.0577879241068036,-0.0816122284184564,0.0379821196206365,-0.0230615492589241
1.14067629554059,-1.07217551521075,9.8610450028246,-0.0906335369798687,-0.0422559105276266,0.0381616300421521,-0.0957464029734352
1.07038975557963,-1.01996401858268,8.66496000412628,-0.0724961412302263,0.0688789482115332,0.00220960126927416,-0.0166674515834651
0.9925233051186,-0.909391285768199,8.1711011868826,-0.0311831037022936,0.0950137571275444,-0.0466833467587416,0.0155589756869383
0.815562622729272,-0.91586662387653,9.20156015190855,-0.0975190176967468,0.0221368739315557,-0.0794416646925808,-0.028612212039886
0.836409691522473,-0.847665198934352,7.88324306739362,-0.00292572578378047,0.0999571914803438,0.0237727945769819,-0.0317557665381667
0.897900068569315,-0.772692042817489,7.25239159650852,0.0565954073621957,0.0824436769285985,0.00489496968464542,-0.00747052081173494
0.89932924860227,-0.762123631609399,9.94021205315316,-0.0870078834680743,-0.0492912590060957,0.08843706350103,0.0598596702141858
0.991325292793719,-0.815191879031612,11.2034058808684,0.0206338642636021,-0.0978480640868855,0.0713621799278463,0.0447798166646722
1.08715614691374,-0.859458786726754,11.7397712046992,0.0677381255394204,-0.0735632132822223,0.0280927285806049,0.0292963055870805
1.24778724911339,-0.889243348072382,12.1819383443889,0.0927011499499993,-0.0375032904949385,0.0679299522496471,0.00771872914931038
1.41077502477289,-0.908877734340425,12.8155842964707,0.0969106660312213,0.0246642009679026,0.0660771096282737,-0.0442985872359456
1.5390719657168,-0.890190286316749,12.6561037877038,0.0995976679550222,0.00896127992650257,0.0286992729888961,0.0097261680971733
1.69780212846844,-1.0155225812471,11.9603493615507,0.0821920818948342,-0.0569601762092856,0.0765380808568007,-0.0683721187210607
1.79120038196251,-1.15180293967504,11.5990467834334,0.0567505037858435,-0.0823369924156388,0.0366477497082234,-0.0539433660123054
1.76216090030854,-1.23585832125262,10.8120268209067,-0.0182518592302487,-0.0983202402084087,-0.0107876224237136,0.0142648586308254
1.67704703057233,-1.29023138793978,9.90665094558577,-0.0886128462080035,-0.0463439692615632,0.00349897647178971,-0.00802909742558944
1.62089343887726,-1.38004645270887,11.1204336773896,0.0124535219065875,-0.0992215187956834,-0.0686071136016546,0.00940645402658458
1.62491200187884,-1.47113491561922,10.8420186955094,-0.0152952847039786,-0.0988233487887566,0.0193138477055524,0.0077348858784132
1.62750906462669,-1.56858512100359,11.3481912375008,0.034535492185622,-0.0938472150865269,-0.0319384294377724,-0.00360299029784739
1.64411031503347,-1.64901965467739,10.8825894333965,-0.0112744621406815,-0.0993623998474188,0.0278757125474619,0.018927866173625
1.64940253491275,-1.71306140789143,11.8051909581991,0.0724022816166169,-0.0689776022829737,-0.0671100617373308,0.00493584906893418
1.78428531579503,-1.65231414060692,12.5100194221099,0.0998412691668502,-0.00563213735206952,0.0350415117154261,0.0663794046365769
1.85177564776375,-1.58147586816402,13.6697060954026,0.0450620998457807,0.0892715360990775,0.0224282321229369,-0.0184332636561775
1.94220981704552,-1.61357135710411,12.5254452913846,0.099916267584777,-0.00409138997496532,-0.00948209830300217,-0.028004098965126
1.91896488411973,-1.74333246255967,11.2181994680343,0.0220790775090846,-0.0975321195112043,-0.0453240104348756,-0.0322289859443599
2.01434325273215,-1.76513681070576,12.3624055386536,0.0979271136760679,-0.0202553797069934,-0.00254874506365033,-0.00154896843909236
2.09090913088062,-1.93191323204703,11.5343356944237,0.0513073245464075,-0.0858344828602678,0.0252585536020696,-0.0809419384810006
2.03267376332117,-2.0204711624959,10.2882754945266,-0.0649782903076007,-0.0760119845070576,0.00674292274814992,-0.0125459459418193
1.96159299070292,-2.15158239239094,10.5878372159436,-0.0396532930410674,-0.0918020498191584,-0.0314274795771837,-0.0393091800758798
1.86267864421161,-2.13219439994578,9.13713714652386,-0.0958915822627591,0.0283690756131479,-0.00302276422855691,-0.00898108316798729
1.72439359538533,-2.17359404344971,9.47270293951693,-0.0998851817993643,-0.00479066351437347,-0.0383998670269083,-0.0366089799895519
1.73130154424283,-2.06744739032115,7.54101669713294,0.0307880900331802,0.0951424905712941,-0.023880141175683,0.011004162557263
1.89289840044641,-2.08140455751488,6.05663069141671,0.097444608458562,-0.022462152220069,0.0641522477450179,0.00850498502633457
1.84075234112038,-2.09130514883549,3.4275417526475,-0.0959394374199064,-0.0282068138497041,0.0437933780938718,0.0183062225291015
1.78184109503529,-2.01948947793549,2.09467299745502,-0.050024064487361,0.0865886422815622,-0.00888718159772373,-0.0147729713815687
1.63297810783275,-1.96740707039064,2.30911070875003,-0.0673042178359792,0.0739604100954495,-0.0815587693665653,-0.0218780025505971
1.60872550297866,-1.87632502901419,1.6868089611523,-0.0115752575078552,0.099327807856747,-0.0126773473462324,-0.00824576648029351
1.64804269769167,-1.77969188271944,1.37295599916482,0.0196552246416551,0.0980493352567271,0.0196619700713527,-0.00141618896197904
1.75897861719817,-1.7233071343388,0.297430383939802,0.0956092707752406,0.0293064385728924,0.0153266487312627,0.0270783098077472
1.86331042966658,-1.69353231106285,0.689911935980752,0.077130206802909,0.0636469260729887,0.0272016056654988,-0.0338721027970332
1.92020187832471,-1.68792051982638,0.699425404320855,0.0765212225703416,0.0643778105898316,-0.0196297739122134,-0.0587660193533619
2.02734806850565,-1.74314993967117,-0.353339022603314,0.0938222534883053,-0.0346032476853863,0.0133239366926332,-0.0206261721594054
2.16872859367518,-1.6786540112264,0.300027229363272,0.0955328441944384,0.0295546219756091,0.0458476809751011,0.0349413064691599
2.18029554617386,-1.56811968885565,1.5546143870853,0.00161812334980717,0.0999869075270598,0.00994882914887057,0.0105474148436859
2.32883540884206,-1.56843913512804,-0.0554325924534065,0.0998464007220389,-0.0055404208192185,0.048693461946157,0.00522097454682946
2.40190293000153,-1.53463520596824,0.71923544723923,0.0752309643732549,0.0658809684163041,-0.00216344321378631,-0.0320770392565075
2.45879232000567,-1.48572803122437,0.652377238059334,0.0794642878309881,0.0607077174625588,-0.0225748978268451,-0.0118005427186882
2.49077064314108,-1.40081144442071,0.84385783888426,0.0664585152891864,0.074721253640159,-0.0344801921537771,0.0101953331635041
2.38854895462394,-1.3253746905746,2.46447170803429,-0.0779379822970225,0.062655174690276,-0.024283706220121,0.0127815791558386
2.31241583964353,-1.26820775936338,2.94467568121306,-0.0980674422113874,0.0195646819068495,0.0219343272309847,0.0376022493043635
2.28329166994395,-1.16422107183752,1.98582169189663,-0.0403213142274488,0.0915106093246643,0.0111971445278653,0.0124760782011981
2.20452649266618,-1.21831854901803,2.76029739924595,-0.0928183420358913,0.0372123014836263,0.0140531647581191,-0.0913097786641393
2.19503817295964,-1.19690838514639,0.577714285872445,0.0837713089834993,0.0546110592388674,-0.0932596286900417,-0.0332008953672194
2.16172663349546,-1.26899861139322,-0.342486043425038,0.0941922689685005,-0.0335829788221006,-0.127503808432678,-0.0385072474247294
2.23726595574288,-1.25866549860466,0.146638663702208,0.0989267802958951,0.0146113702399089,-0.0233874580484712,-0.00427825745135713
2.18391874511099,-1.18206694424199,1.0017628578497,0.053881807336577,0.0842422152969875,-0.107229017968469,-0.00764366093431645
2.18683000525762,-1.22642458269824,-1.21037198359051,0.0352671343003801,-0.0935747254243311,-0.0323558741537515,0.0492170869680826
2.24806778361884,-1.25876641482805,0.0965855312753041,0.0995339242523997,0.00964354306868429,-0.0382961458911811,-0.041985375198492
2.29332610897469,-1.15649729405096,0.879026995888404,0.0637900774571126,0.0770118563470299,-0.0185317521012585,0.0252572644300626
2.41530714159615,-1.11631217183655,0.498051034705551,0.0878515278301737,0.0477714251190419,0.0341295047912875,-0.00758630290463702
2.4646855491465,-1.01796555916986,0.42626241013886,0.0910517489205239,0.0413470557417801,-0.0416733413701776,0.0569995569249089
2.51463004990921,-0.927606097435207,0.63095345751218,0.0807465416620747,0.0589914909933189,-0.0308020408993646,0.0313679707413377
2.62307183840497,-0.828127444360747,0.602160535860828,0.0824113759248866,0.0566424321349907,0.0260304125708798,0.0428362209394693
2.5993867442065,-0.714706446949636,1.21706236655138,0.0346402989251807,0.0938085800466787,-0.0583253931236576,0.0196124173644323
2.46993445102761,-0.690290260283104,2.75999371383067,-0.0928070369227574,0.0372404873439908,-0.0366452562561327,-0.0128243006774589
2.40032242512201,-0.827177209234747,4.1935826382055,-0.0495843904956765,-0.0868411666156799,-0.0200276354099227,-0.050045782335963
2.37783968803124,-0.895796335276054,5.1664345335534,0.04386047713758,-0.0898680062383929,-0.0663432142283453,0.0212488801970858
2.24584655595479,-0.982432818848716,4.27031768297917,-0.0427812559800711,-0.0903867475726814,-0.0892118760963836,0.00375026400001977
2.06050945834359,-1.04093357187694,3.48439692144932,-0.0941815772749623,-0.0336129514027004,-0.09115552033624,-0.0248878016255278
1.89397928267999,-1.09607208138699,3.12490192356306,-0.0999860712999186,0.00166899550856298,-0.0665441043636756,-0.0568075050186119
1.84616405865026,-0.971678520967476,2.68262350275588,-0.089650966488527,0.0443024176278564,0.0418357424587938,0.0800911427916602
1.83668552045196,-0.800110909195634,1.92338720136859,-0.0345330450736935,0.093848115580113,0.0250545068753976,0.0777194961917294
1.72299941024453,-0.73515738061773,2.02348917493038,-0.0437388721421053,0.0899272542877662,-0.0699472380653241,-0.0249737257098623
1.66997342332617,-0.59637223839767,1.5430306370574,0.00277621222914986,0.0999614558000168,-0.0558021991475155,0.0388236864200435
1.68433149752289,-0.469449174951453,1.20492289935905,0.0357765047540732,0.0933811635587273,-0.0214184305573497,0.0335418998874899
1.59777380781521,-0.399961312234447,2.33348309111281,-0.0690866419739538,0.0722982427225083,-0.0174710477337319,-0.00281038000550304
1.48475267676922,-0.333338279992891,3.01575360915866,-0.0992092710349498,0.0125507187329598,-0.0138118600110382,0.0540723135085961
1.39662286847437,-0.320005164830445,3.40148807784691,-0.0966416857239897,-0.0256979489536733,0.00851187742913995,0.0390310641161193
1.32602973318145,-0.317626817079015,3.41194873256273,-0.096367585781254,-0.0267074598322763,0.0257744504883413,0.0290858075837064
1.17040432794531,-0.305782340223694,2.84696187303651,-0.0956909423908109,0.0290386560356797,-0.059934462845332,-0.0171941791803585
1.05413735538168,-0.34978659858113,4.05120392183452,-0.0614052608283321,-0.0789265097581573,-0.0548617117353003,0.0349222514007212
0.893783686429408,-0.351200387018461,3.530158060024,-0.0925453523765948,-0.0378861155767109,-0.0678083165756769,0.0364723271393796
0.852974645720355,-0.248365579667951,1.6284574204494,-0.00576291470152064,0.0998338059684343,-0.0350461260075325,0.00300100138207626
0.737800745806566,-0.113102039194773,2.03194144130004,-0.0444973898381846,0.0895543538728778,-0.0706765100756046,0.0457091866003003
0.63594085461647,-0.126157584835864,2.9846716518193,-0.0987713143509442,0.0156277785173375,-0.00308857683915176,-0.0286833241584286
0.493267678998625,-0.113144556526696,2.88456312228725,-0.0967149363186706,0.0254208790736176,-0.0459582392991744,-0.0124078507644494
0.374813629496219,-0.0117149421336703,2.39345750147329,-0.0732958748454666,0.0680273087122936,-0.0451581746569385,0.0334023056807315
0.327269629874387,-0.0614778307649895,4.90724291029234,0.019362323117209,-0.0981075962579086,-0.0669063227390418,0.0483447076265894
0.305253615122114,-0.118268647128452,4.91060391402499,0.0196919531319762,-0.0980419654120013,-0.0417079678842485,0.0412511490485388
0.377006515889278,-0.0845805017365845,5.4721102538039,0.0688719387289619,-0.0725028003301535,0.00288096203820154,0.106190945722021
0.349619138367464,-0.102856293997294,4.74519634869773,0.00328014834066359,-0.0999461886560125,-0.0306675258624769,0.0816703963953032
0.429020898212448,-0.0971085676172119,6.38002966869696,0.0995314248777979,0.00966930513507912,-0.0201296650328147,-0.0039215787549971
0.470616098763885,0.0115352907570824,6.86403026773173,0.0835999292762347,0.0548730519017172,-0.0420047287247975,0.053770806472577
0.461531975184944,0.0438383932006428,7.65296438562327,0.0199666198942577,0.0979863974743343,-0.0290507434731988,-0.065683295030774
0.547444766632983,0.0600020015749637,6.88823457198007,0.0822474076684065,0.0568802595970425,0.00366538377963299,-0.0407166512227216
0.577324346286025,0.145992001737367,7.7266306610721,0.012700701652287,0.0991901818606035,0.0171788780007549,-0.0132001816982003
0.68714402507702,0.12788142475973,6.74778957504599,0.0893998950926078,0.0448069052427271,0.020419783698387,-0.0629174822203644
0.72697202961081,0.196237699592244,6.85915729648424,0.0838663304484871,0.0544650219600174,-0.044038325914697,0.0138912528724966
0.752543878416071,0.185866816290269,5.85041549458544,0.0907807610424995,-0.0419386864904542,-0.0652089122372388,0.03156780318848
0.85191932883142,0.190848321297031,5.83862293638543,0.0902798959896733,-0.0430062830304338,0.00909555442567589,0.0479877880371958
0.961093658899023,0.0975026426133484,5.50387886607606,0.0711401132687858,-0.0702786189683913,0.0380342167988172,-0.0230670597152917
1.02142581548118,0.0667530820614466,6.43554549700039,0.0988415621933008,0.0151771401518155,-0.0385094056111446,-0.0459267007037173
1.12169715590027,0.109296164578222,6.1251593211893,0.0987539856064127,-0.0157369096981726,0.00151735481267967,0.0582799922149483
1.20792770400659,0.233883139762725,6.60747058994075,0.094787869984934,0.0318631402049333,-0.00855732187861968,0.0927238349795695
1.22913482059317,0.36058776159153,7.26908150806917,0.055211611333651,0.0833767232142272,-0.0340044947470657,0.0433278986145775
1.24406344954327,0.529397434725331,7.66752072431214,0.0185382317788707,0.0982666472538514,-0.00360960282877554,0.0705430258799491
1.16525779569448,0.591071837001816,8.43965854386614,-0.055276360373405,0.0833338105685169,-0.0235292934753857,-0.0216594082920318
1.08716453963725,0.713736941162322,8.62499541965791,-0.0696862688331083,0.071720456887277,-0.00840698722411615,0.0509446472732293
0.906761318779021,0.752688489823736,9.41584174831375,-0.099996007231918,0.000893609352123803,-0.0804072136263128,0.0380579393092906
0.814459702361284,0.896579522834118,8.21259467456252,-0.0350975843955795,0.0936384513412902,-0.0572040320221574,0.0502525816690919
0.751451957602261,1.03162105091464,7.76198856858156,0.00918633682963355,0.0995771621188941,-0.0721940815886564,0.0354643659616288
0.602309889434898,1.01118978261194,8.6729290289604,-0.073042731534954,0.0682990436969116,-0.0760993366324083,-0.0887303119996121
0.526470541404189,1.03943759804185,8.23054064098611,-0.0367722751292216,0.0929935469902124,-0.0390670729014881,-0.0647457315602993
0.327230034100222,0.934540615560342,10.0174485413439,-0.0829451910793131,-0.0558578130328805,-0.116295316224654,-0.0490391694486316
0.205088289546217,0.818896742845534,9.80738554731141,-0.092769427221907,-0.0373340779036969,-0.0293723173320979,-0.0783097948111109
0.0430613499358784,0.794576555848522,9.17170586956385,-0.0968147803208445,0.02503793744354,-0.0652121592894939,-0.0493581244405513
-0.065282745642454,0.862946613405738,8.89354930948315,-0.0862185295241343,0.0506593048382622,-0.0221255660541981,0.0177107527189537
-0.108462162091959,0.7673601628663,10.5463442242278,-0.0434272118017737,-0.0900781731338058,0.000247795352268376,-0.00550827740563242
-0.0366108698316753,0.848206569307606,13.5727281110967,0.0534941773995289,0.0844888926684906,0.0183571148607551,-0.00364248622718455
-0.0412611740243039,0.953848113375971,13.828515684707,0.0303773905602781,0.0952744149430912,-0.0350276947529067,0.0103671291252732
0.0370730276414917,1.08858057050286,13.5857154735656,0.052392408962065,0.0851764960722836,0.0259417927037306,0.049555961054606
0.0554542798155753,1.22355000382885,13.6964886558628,0.0426553046783171,0.0904462546643029,-0.0242740525042335,0.0445231786616894
-0.0149979459999674,1.36109370875538,14.8346410287026,-0.064228370975914,0.0766466983097144,-0.00622385483962873,0.0608970066168174
-0.121377669525421,1.51765109781625,14.8009329772587,-0.0616087636285292,0.0787677614520308,-0.0447709598969244,0.0777896276088368
-0.191164995862343,1.47908038856025,15.4430047154207,-0.0965103355529354,0.0261869267280415,0.0267230092160133,-0.0647576359840391
-0.232207642849656,1.5666674762058,14.4836828568409,-0.0339622879154563,0.0940561693858922,-0.00708035907185645,-0.00646908174034766
-0.287855079519925,1.71408942641121,14.1803365744254,-0.00431562259085842,0.0999068336083837,-0.0513318140794103,0.0475151165970245
-0.344053704924613,1.80728650594009,14.2947398517442,-0.0156921650829383,0.0987611054768516,-0.0405064603217502,-0.00556402594797201
-0.427018525119132,1.86666665736227,15.7489923073267,-0.0999158427031211,-0.00410175290883748,0.0169510225086023,0.0634819043310159
-0.504532559306263,1.90140937099267,16.7508557281206,-0.0503723673231571,-0.0863864839558882,-0.0271416668639737,0.12112919758629
-0.518053047656216,1.75852315994993,17.4822581259105,0.0202096901441173,-0.097936553054918,-0.0337301784940705,-0.0449496579878221
-0.481010035325132,1.63090350891538,17.03574491423,-0.0240629815501418,-0.0970616964560044,0.0611059938812257,-0.0305579545785424
-0.453662502031499,1.56835614757104,17.6421829452817,0.0355476065705107,-0.0934685383811483,-0.00820007327687744,0.0309211770368126
-0.450017077474185,1.44265675367304,17.2367227137522,-0.00420245015278711,-0.099911658042059,0.00784787471010073,-0.0257877358559451
-0.530200440434706,1.30877928966712,16.9906496696555,-0.0284140562709588,-0.095878263471085,-0.0517693066895619,-0.0379992005348373
-0.616111523704109,1.22064763107325,16.0518015109797,-0.0941467719789954,-0.0337103148299604,0.00823568870959202,-0.0544213437639085
-0.67123873923346,1.20932409698382,15.7678794151319,-0.099820556457674,-0.00598803043415052,0.044693340928323,-0.00533550365527413
-0.744483826235998,1.19123260401099,15.3213820635032,-0.0926203438550009,0.0377024124451127,0.0193752568524639,-0.0557939054179466
-0.806389931109898,1.2800491930541,14.8929371808596,-0.0685849408980643,0.0727743490661994,0.00667883602416408,0.0160422399769085
-0.806211145523552,1.33329006335244,14.5402624197508,-0.0392267596649258,0.0919851146990107,0.0394055452512712,-0.0387442444006703
-0.793352993149847,1.35909166352488,14.4257202554719,-0.0284565648659075,0.0958656555604373,0.0413147172396133,-0.0700640553879975
-0.857830811044441,1.39836584924054,15.1999011048875,-0.087368887628542,0.0486485094792349,0.0228910697339475,-0.00937432376357661
-1.00648810292935,1.36222132703609,15.8245813094164,-0.0993207819112766,-0.0116353891440137,-0.0493365099736347,-0.0245091330604278
-1.09843363151884,1.29636961273653,15.7471229941797,-0.0999233355897993,-0.00391497185281633,0.00797780700031403,-0.0619367424467492
-1.04231231383906,1.19895534587935,18.0543619126594,0.0700146256984767,-0.071399945296213,-0.0138933080187029,-0.0260143215609635
-1.10138507582436,1.09218437358498,16.8915657239514,-0.0377591507332696,-0.0925972274741649,-0.0213136112520296,-0.0141737448202074
-1.01288878206177,1.0537593542108,17.5795328356495,0.0296258823493783,-0.09551076952376,0.0588704114132144,0.057085750149579
-0.853784788423895,1.15790732664815,18.8468558196871,0.099999635472721,-0.000270009857076439,0.0591043581651545,0.104417982294425
-0.737533043389514,1.07178257878821,17.6778812911597,0.0388609221038429,-0.0921402666223571,0.0773908229305378,0.00601551876241713
-0.538842799012911,1.09215698285625,18.8468285947691,0.0999996280846651,-0.000272732338851457,0.0986906162919374,0.0206471364068898
-0.445383082114365,1.17555357077441,19.2213721620227,0.093166902763252,0.0363308165267828,0.00029281413529425,0.0470657713913785
-0.399689814765123,1.14634413119148,17.9132006043954,0.0592727394395922,-0.0805403151181209,-0.0135794720903504,0.0513308755351937
-0.505520037148722,1.02225094819131,17.0543447203067,-0.0222535947021103,-0.0974924485426139,-0.0835766276814884,-0.0266007344575558
-0.553841934490202,0.938095507873137,17.0324794355851,-0.0243798055879621,-0.096982601942272,-0.0239420917535176,0.012827161624098
-0.62856254277717,0.897672978671872,16.4225842964941,-0.0755341647268853,-0.0655331210840118,0.000813556439917207,0.0251105918827467
-0.766488295006972,0.919519945422069,15.3089228338419,-0.0921434242463784,0.0388534344447428,-0.0457823279834235,-0.017006467694546
-0.839783300344039,0.979216336131156,15.7123909065949,-0.0999990198024024,-0.000442762417937927,0.0267040144653352,0.0601391531270248
-0.868787958000417,0.856656038753691,17.0703267085043,-0.020692695879622,-0.0978356394021804,-0.00831196177675642,-0.0247246579752847
-0.794413474499584,0.770347726911487,17.5064341409583,0.0225712692950975,-0.0974193913058801,0.0518032142057363,0.0111110794636763
-0.851309626801805,0.863148450862817,20.7786412241512,-0.0350672376299285,0.093649820314863,-0.0218289146722928,-0.000849096363532531
-0.969978795397911,0.967583347758865,21.0181549910359,-0.0562827637121997,0.0826574286372175,-0.062386404883906,0.0217774682588304
-0.917617990904568,1.09150425564213,19.9031426684825,0.0494456626398205,0.0869202303615738,0.00291514185352248,0.0370006775216949
-1.03965557724682,1.20104966600031,21.7562157782393,-0.0972529986909519,0.0232777628997657,-0.0247845876513013,0.086267647458415
-1.1906422594838,1.18738043794159,22.0064552618792,-0.099988285495759,-0.00153060890451885,-0.0509983967412242,-0.0121386191542058
-1.2493593088345,1.1102271726063,22.9258878488589,-0.0594028186304549,-0.0804444226702963,0.000685769279753945,0.00329115733500956
-1.40265585415388,1.16891127034073,21.7223979921974,-0.0964103402845156,0.0265527077004194,-0.0568862050348553,0.0321313900340054
-1.52054450931619,1.09133576108921,22.5815034370891,-0.0830743195422024,-0.0556655857114613,-0.0348143356201152,-0.0219099235400537
-1.60496457240349,1.06289847217413,21.7838777236001,-0.0978596189727148,0.0205789935253177,0.0134395558854226,-0.0490162824404021
-1.59570672272306,1.17890799302704,19.9412690388756,0.0460965793035629,0.0887417904738818,-0.0368387296231414,0.0272677303790323
-1.48888214984308,1.20083587889511,18.5300318755581,0.0949385029779444,-0.0314114732590949,0.0118860699020402,0.053339359127158
-1.46122172487739,1.13243348646608,17.543907813043,0.0262052309641109,-0.0965053670534318,0.00145519400157568,0.0281029746244111
-1.59455071866524,1.24680028298258,14.8686674082882,-0.0667986993588497,0.0744172947907004,-0.0665302944289969,0.0399495017257981
-1.68091200105322,1.25192439146489,15.409110193882,-0.0955674800496651,0.0294424312337971,0.00920619766168418,-0.0243183227514904
-1.78559712152797,1.35157867277152,15.3598831501375,-0.0940029304597184,0.0341093691672148,-0.0106821900150318,0.0655449121394145
-1.67799976198893,1.45564006714916,13.1643725991683,0.0826462131002259,0.0562992314351808,0.0249511464388155,0.0477621629424588
-1.69167594895829,1.60442168031177,14.4144630906657,-0.0273756091323264,0.0961799148712146,0.0136994221629632,0.0526016982913926
-1.80474442431838,1.60941200039983,15.4892116285502,-0.0976169118102081,0.0217011181425762,-0.0154515635498811,-0.0167107980545151
-1.9463724867535,1.63324095194301,16.2683872929692,-0.0847029798614766,-0.0531545407522846,-0.0569250825736374,0.0769834922954683
-2.05437670553765,1.68790791010081,15.7735015046611,-0.0997853138373552,-0.00654913294876035,-0.00821890494679733,0.0612160911065573
-2.15660283439947,1.7159215059651,15.2901322474666,-0.0913971215889744,0.0405779024254609,-0.0108290072728523,-0.0125643065611709
-2.23365875125142,1.71580587252654,15.7576722851658,-0.0998764761189954,-0.00496885480284396,0.0228205592670547,0.00485322136428486
-2.28519567745452,1.68646094215546,15.2032837038476,-0.087532945876436,0.0483526978171118,0.0359960196733264,-0.0776976281881908
-2.44575137971825,1.72172961429369,15.239257758557,-0.08921537980715,0.0451731779473835,-0.0713403224565754,-0.00990450580915493
-2.5729221083147,1.69027002929662,15.7884255074905,-0.0996764660081422,-0.00803754465789551,-0.027494262588311,-0.0234220403391756
-2.6583414706831,1.60354269290794,16.0767195212255,-0.0932776382387505,-0.0360455573490104,0.00785827587035337,-0.0506817790396661
-2.81394483418559,1.45498592194132,16.2748442181534,-0.0843580016462913,-0.0537003497031847,-0.0712453618561955,-0.0948564212634317
-2.79223597438852,1.36000543143798,17.6276466830458,0.0341852156438401,-0.0939753746009248,-0.0124763558467769,-0.00100511590241983
-2.7165050267017,1.34895389412608,19.0406304222789,0.0981800739246538,0.0189913950027245,-0.0224491262378272,-0.0300429323146245
-2.69687364204674,1.35123527684959,19.6076431648881,0.0726152423057398,0.0687533750799093,-0.0529838576507786,-0.0664719923563987
-2.57496857285776,1.32086737222654,18.6048700516473,0.0970213471350553,-0.02422515634829,0.0248837220539202,-0.00614274827476036
-2.5283484842745,1.38530835349127,19.0443119751699,0.0981094909000726,0.0193527206182635,-0.0514894023168138,0.0450882606464694
-2.53945920074158,1.4707924220137,20.1592908645882,0.0258106117508939,0.0966116572730466,-0.0369213282179728,-0.0111275887506185
-2.62562368054017,1.45802831087885,21.2884029821672,-0.0763070547163346,0.0646315201779931,-0.0098574250822554,-0.0773956313128437
-2.74627883871391,1.40655894444493,22.8599272636788,-0.0645759549777997,-0.0763540833138948,-0.0560792031959374,0.0248847168799785
-2.84696891475606,1.39684618466313,21.7903607404971,-0.0979909755122901,0.0199441399451009,-0.00269910052986555,-0.029656899726903
-2.89743768239256,1.41269324375414,20.4034504686841,0.00169009749387399,0.0999857168322616,-0.0521588651303677,-0.0841386577412557
-2.99954215102042,1.54591189860943,20.6713832922007,-0.024840281878606,0.0968656822419137,-0.0772641867492569,0.0363529726133807
-2.92764973466195,1.57926991092859,19.4547185333551,0.0822409599323946,0.0568895817298586,-0.0103485435739294,-0.0235315694107002
-2.8712727412703,1.6009986564956,19.9069577584997,0.049113695102901,0.087108237000523,0.00726329828875638,-0.0653794914335142
-2.85258626918844,1.61667451385869,20.1650799904297,0.0252508853263009,0.0967594584019464,-0.00656441324443868,-0.0810836010388599
-2.89124262149881,1.66172150468001,20.2173465493358,0.0201614214079253,0.0979465011463506,-0.0588177737183022,-0.0528995103250228
-2.99988703293654,1.70930123056745,21.7084764009403,-0.096031353754545,0.0278922766383357,-0.0126130576831804,0.0196874492491036
-3.09410032960232,1.70767377662486,21.5437255436605,-0.0901565003777998,0.0432643668580482,-0.00405679628798561,-0.0448918208006386
-3.10215053247703,1.62726185139764,23.1341839507144,-0.0414834540509978,-0.0909896864485132,0.0334332511762931,0.0105777612212921
-3.12843189805978,1.47050231003661,23.5419657634194,-0.00199778093652154,-0.0999800423651124,-0.0242835846462341,-0.0567794989959169
-3.08845444673709,1.46378291910067,25.4023620862778,0.0963871956300798,0.0266366011076624,-0.0564097443073823,-0.0333559920436047
-2.9855481027441,1.37529965143705,24.5273686013957,0.0822290104244909,-0.0569068523519705,0.0206773335684991,-0.0315764153116502
-2.98525563761896,1.28297337948018,23.5489879473481,-0.00129565920370488,-0.0999916059838417,0.00158812432884359,0.007665334026971
-3.00226193587092,1.17583766215958,23.5502873018121,-0.0011657336069184,-0.0999932050949348,-0.0158405646450461,-0.00714251222566387
-3.00226934058258,1.1950935147029,25.8034422089442,0.0783386174444566,0.0621535277911969,-0.0783460221561154,-0.0428976752478799
-2.94242301853339,1.09203414814921,25.1360797421616,0.0999994427169171,0.000333850724162179,-0.040153120667727,-0.103393217277851
-2.91113075016436,1.11918448407404,25.3854081440218,0.0968249171425351,0.0249987083734581,-0.0655326487735097,0.00215162755137532
-2.81325608236895,1.15700932677415,25.4748642768768,0.0942044532249335,0.0335487852625295,0.00367021457048189,0.0042760574375833
-2.73753368511969,1.17609016017864,25.160711156819,0.0999608867061178,0.00279662813521518,-0.0242384894568617,0.0162842052692747
-2.76901688732157,1.15225020350438,23.3447497813888,-0.0215491493510422,-0.09765057174562,-0.00993405285083293,0.0738106150713533
-2.76809241809003,1.04268296386859,24.1630974479672,0.056559333545734,-0.0824684290432552,-0.0556348643141966,-0.0270988105925287
-2.69528556160625,1.06504645845503,25.4636184797293,0.0945757712468035,0.0324872820203891,-0.0217689147630242,-0.0101237874339507
-2.66412160661638,0.981782946244995,24.8983587210628,0.097265793467623,-0.0232242420998771,-0.0661018384777474,-0.0600392701101594
-2.66231791788643,0.820318748535511,24.2009022891014,0.0596358841604172,-0.0802717965440247,-0.0578321954304686,-0.0811924011654588
-2.60512699617151,0.739674159371916,25.6151176801907,0.088589502335026,0.0463885769994341,-0.0313985806201034,-0.127033166163029
-2.52497958972548,0.770024337580969,25.2973595644159,0.0986480972751535,0.0163875838363028,-0.0185006908291303,0.0139625943727497
-2.54474993296418,0.61314943512135,23.6034326354805,0.00414758329119323,-0.0999139507418389,-0.0239179265298883,-0.0569609517177796
-2.52805692139866,0.647105024692136,25.5575232055855,0.091112860676918,0.0412122144426689,-0.0744198491113961,-0.0072566248718835
-2.4471341889095,0.677673143822454,25.033479891578,0.0995077637059871,-0.0099098416855885,-0.0185850312168343,0.0404779608159065
-2.45003456374591,0.655080992795477,24.4346372603169,0.0766062268865108,-0.0642766365191306,-0.0795066017229171,0.0416844854921536
-2.42176442955474,0.594037931472667,24.247349329434,0.0632986156134713,-0.0774163113395233,-0.0350284814223016,0.0163732500167135
-2.37568666642645,0.540127364955411,23.903436354578,0.0334892794658542,-0.0942256236957757,0.0125884836624381,0.0403150571785196
-2.35394426660508,0.500812765709784,24.7873916998399,0.0940957185617826,-0.0338525589629764,-0.0723533187404151,-0.0054620402826504
-2.33009645691079,0.377058790288631,24.6918975375963,0.0904391979909638,-0.0426702644326379,-0.0665913882966711,-0.0810837109885147
-2.22623888082949,0.323312631746909,24.9527080240063,0.0983837747620315,-0.0179062241573663,0.00547380131926012,-0.0358399343843556
-2.2881497013494,0.394985017507702,27.2001306833137,-0.0476432950464749,0.0879210807321802,-0.0142675254734366,-0.0162486949713871
-2.39820530203352,0.364575768348095,29.1156796736915,-0.0666460087410261,-0.0745540711087669,-0.0434095919430932,0.0441448219491598
-2.51839149289321,0.314998420970279,28.4462205566525,-0.0985263820987699,-0.0171041524352185,-0.021659808760913,-0.0324731949425976
-2.56885287482423,0.253404487829307,28.6358954309916,-0.0935345589475086,-0.035373525163532,0.0430731770164865,-0.0262204079774402
-2.59124014101081,0.259149489982501,28.1412659920998,-0.0991159524759853,0.0132675530817942,0.0767286862894085,-0.00752255092860032
-2.48572328045916,0.240175303284368,30.7641245514126,0.0794991970124754,-0.0606619953048992,0.026017663539176,0.0416878086067667
-2.50739086527982,0.146093171197001,30.4157409801759,0.0540146156811312,-0.0841571226505499,-0.0756822005017996,-0.00992500943681707
-2.54934953491679,0.0396186776017147,29.5410431430254,-0.0299422250951031,-0.0954120702864904,-0.0120164445418594,-0.0110624233087964
-2.63735701376299,0.0418607203763035,28.8060586417343,-0.0861933864214778,-0.0507020723166007,-0.00181409242472785,0.0529441150911896
-2.80921573194532,0.0562515484550819,27.9737457740264,-0.0955162526042907,0.0296081996824078,-0.0763424655780387,-0.0152173716036295
-2.89903336017634,0.112580146090512,27.8555812609055,-0.0913596861480604,0.0406621168525189,0.00154205791703887,0.0156664807829108
-3.00692908764726,0.171354178376687,28.2859258313081,-0.0999932814111528,-0.00115916893936906,-0.00790244605976564,0.0599332012255442
-3.10030991319388,0.122600889863404,29.3401494956946,-0.0483790561101347,-0.0875183805259926,-0.0450017694364888,0.0387650920127101
-3.02704545263228,0.0962437903308339,31.6168820331358,0.0979876302485215,0.0199605690870536,-0.0247231696869168,-0.0463176686196241
-3.14127571862875,-0.0555820088135858,29.5647776504004,-0.0276694459840404,-0.0960957946995407,-0.0865608200124317,-0.055730004444879
-3.26872120495177,-0.0040188873423405,28.7798480585829,-0.0874925596441698,-0.0484257370301309,-0.0399529266788514,0.0999888585013762
-3.31928763333664,-0.0327528118157113,29.4166777880555,-0.041546360752521,-0.0909609801410549,-0.00902006763234908,0.0622270556676842
-3.42027284714037,-0.108800827169594,29.5895373620918,-0.0252819040565482,-0.0967513582709592,-0.0757033097471833,0.0207033429170767
-3.47226083345917,-0.183731366962701,29.3497234473759,-0.0475389549555135,-0.087977541234895,-0.00444903136328278,0.0130470014417878
-3.51558056378575,-0.372774278038434,29.5573574050918,-0.0283817320734767,-0.0958878369998478,-0.0149379982531057,-0.0931550740758856
-3.62666643462172,-0.413815021199612,28.4818627717379,-0.0978543055545531,-0.0206042443306267,-0.0132315652814139,-0.0204364988305505
-3.74353358283982,-0.407043859322841,28.0951192255735,-0.0983983989043774,0.017825686327741,-0.0184687493137234,-0.0110545244509703
-3.84010655662018,-0.338254420715677,27.1907785003271,-0.0468189694918568,0.0883627981433396,-0.0497540042884994,-0.0195733595361751
-3.92656960781456,-0.26361528842386,26.9127957102584,-0.0207734294958101,0.0978185290575493,-0.0656896216985761,-0.023179396765733
-3.98199570149816,-0.195136036478154,26.3029304792897,0.0389977424745742,0.0920824417676182,-0.0944238361581684,-0.0236031898219122
-3.97211898118935,-0.276924746331959,24.5898012401982,0.0856193422814328,-0.0516655419723325,-0.0757426219726254,-0.0301231678814726
-3.97713992559975,-0.383197381219828,24.1868949967914,0.058505680099029,-0.081099231785203,-0.063526624509425,-0.0251734031026656
-3.91280914491211,-0.477816474686942,24.718683142368,0.0915495684591143,-0.040232779110446,-0.0272187877714796,-0.0543863143566683
-3.87455319106612,-0.451650060270699,25.3350534723636,0.0979604586405492,0.0200934950402675,-0.0597045047945546,0.00607291937597543
-3.88322579297263,-0.555173031355497,24.0895979856073,0.0503507014829986,-0.0863991137695866,-0.0590233033895098,-0.017123857315211
-3.92399304072977,-0.769880740914159,23.6979035949922,0.0135540219249391,-0.0990771845061126,-0.054321269682081,-0.115630525052549
-3.97763089685216,-0.958243997339239,23.9387282664923,0.0367931380085954,-0.0929852945119843,-0.0904309941309878,-0.0953779619130957
-4.06560427518714,-1.05800502225876,22.5063687351218,-0.087018426473817,-0.0492726440737748,-0.000954951861156239,-0.0504883808457459
-4.12471838761273,-1.14073281733466,22.7718833126387,-0.0710396620399851,-0.0703801564167394,0.0119255496143911,-0.0123476386591563
-4.31638750761259,-1.23044487334111,21.8536622062125,-0.0990563627494157,0.013705363871717,-0.0926127572504436,-0.103417419878176
-4.27362165144734,-1.33287628156298,24.0900828315288,0.0503925858211792,-0.0863746912831246,-0.00762672965592692,-0.0160567169387413
-4.23478121291383,-1.44142449753984,24.292293411303,0.0667129294768436,-0.0744941946772881,-0.0278724909433405,-0.0340540212995719
-4.23550621628562,-1.48414458964348,24.6840242541915,0.0901004432922411,-0.0433809879848494,-0.0908254466640317,0.000660895881207324
-4.21315633407178,-1.49644556591326,24.3407512846512,0.0702430359734993,-0.071175247784786,-0.0478931537596505,0.0588742715150097
-4.2816546378571,-1.53499766343897,23.3258625390189,-0.0233895462365185,-0.0972261751116939,-0.0451087575488032,0.0586740775859877
-4.4355649745416,-1.59255830334442,22.7457440908484,-0.0728548672093613,-0.0684994038215395,-0.0810554694751406,0.0109387639160852
-4.49001593166585,-1.73502723591746,23.91152811012,0.0342506254836355,-0.093951554824706,-0.0887015826078841,-0.0485173777483299
-4.52916034771136,-1.93035946575724,23.476539188209,-0.0085301924759975,-0.0996355148344326,-0.0306142235695184,-0.095696715005352
-4.46398024290752,-2.01437025587024,24.7779817371679,0.0937730060119601,-0.0347364843281657,-0.0285929012081167,-0.0492743057848375
-4.4611539248071,-1.98136406256138,25.9671895906814,0.0671586507870458,0.074092615181701,-0.064332332686627,-0.0410864218728337
-4.44582744989873,-1.95512006331727,26.1845245323234,0.0496023378565806,0.0868309166090145,-0.0342758629482152,-0.0605869173649132
-4.59241576950243,-1.88513068238503,27.2747255319123,-0.0540631826199465,0.084125931109274,-0.0925251369837516,-0.0141365501770327
-4.70746764747083,-1.86416676378489,27.9168286433261,-0.0936772750360068,0.0349938300537157,-0.0213746029323945,-0.0140299114535753
-4.78239886591739,-1.78469059318922,26.6307493418909,0.007272395714921,0.0997352107360565,-0.0822036141614735,-0.0202590401403879
-4.74552660331878,-1.7946342862142,25.7078201953895,0.083914935498111,0.054390105721058,-0.0470426728995035,-0.0643337987460371
-4.6093546129397,-1.94786408409086,24.5104568635216,0.081254903777812,-0.0582892838526818,0.0549170866012707,-0.0949405140239759
-4.64369088704151,-2.05925768268079,23.3061787320115,-0.025298672902779,-0.0967469748847901,-0.00903760119903119,-0.0146466237051381
-4.70156946978331,-2.19351108737461,23.4596906748464,-0.0102076126424735,-0.0994776590202102,-0.047670970099329,-0.0347757456736062
-4.61347124857621,-2.32077542275227,24.7053948002768,0.0910068744668623,-0.0414457331914006,-0.00290865325976508,-0.0858186021862597
-4.60324400942832,-2.42811544404478,24.3171302642851,0.0685423651016897,-0.0728144503945932,-0.0583151259537935,-0.0345255708979177
-4.55228890877792,-2.47083756136246,24.7086593133889,0.0911416894342052,-0.0411484197397529,-0.0401865887838042,-0.00157369757793058
-4.53913220671701,-2.51046547577822,24.9490391811966,0.0983174176455538,-0.0182670574398217,-0.0851607155846521,-0.0213608569759334
-4.66852971358166,-2.5069847714006,22.7221169675965,-0.0744528261507857,-0.0667590943479679,-0.0549446807138647,0.0702397987255807
-4.73782667073101,-2.38626491413891,20.3465434747113,0.00737417767666892,0.0997277368819373,-0.076671134826011,0.0209921203797543
-4.83241849826126,-2.28683580083852,20.9687438509462,-0.052131535522718,0.0853364107754925,-0.0424602920075321,0.0140927025248994
-4.97416822528472,-2.27774553803669,21.1569739132061,-0.0671789274230863,0.0740742310812857,-0.0745707996003739,-0.0649839682794573
-5.16802593918953,-2.29824990119503,21.4060664558053,-0.0833666736836413,0.0552267844340522,-0.110491040221175,-0.0757311475923874
-5.27088889091048,-2.24264808391273,20.832828917804,-0.040087950829223,0.0916130787514196,-0.0627750008917252,-0.0360112614691239
-5.21122896493168,-2.22942590689712,19.0148664806043,0.0986367297728228,0.016455866422742,-0.0389768037940241,-0.00323368940712854
-5.15139605332651,-2.27945081872478,18.0276270058196,0.0680809620302969,-0.073246041592903,-0.00824805042512811,0.023221129765238
-5.1023983610875,-2.36308157840072,17.6049490254195,0.0320435724564774,-0.0947270260497314,0.0169541197825369,0.0110962663737979
-5.0505279706905,-2.34367307006305,19.3758599644471,0.0864669602790246,0.0502340997740139,-0.0345965698820239,-0.0308255914363453
-4.99659587557384,-2.3706026123834,18.9018038655096,0.0998635386649997,0.00522241757274471,-0.0459314435483407,-0.0321519598930937
-4.86345546799112,-2.41586295518092,18.6176925604749,0.0973239900470312,-0.0229791418753047,0.0358164175356901,-0.0222812009222246
-4.71155291802158,-2.36628400575269,18.5800485070892,0.09639021674872,-0.0266256664730629,0.0555123332208147,0.0762046159012972
-4.70219408888364,-2.52166441215772,17.5416078490279,0.0259832029776705,-0.0965653828399244,-0.0166243738397265,-0.0588150235651033
-4.65578043138603,-2.61657824875902,18.0377708591403,0.068820443731264,-0.0725516817491637,-0.0224067862336508,-0.0223621548521424
-4.58118033955058,-2.68893604653185,18.5770031209778,0.0963086844599348,-0.0269190879785463,-0.0217085926244858,-0.0454387097942761
-4.54287077493339,-2.74386708096218,18.515679282013,0.0944779039951624,-0.0327708049440484,-0.0561683393779706,-0.022160229486289
-4.51712655622109,-2.7426247224223,18.8373894807744,0.0999925989772501,-0.00121661406158358,-0.074248380264951,0.00245897260147299
-4.46348433122379,-2.66668991718105,18.9819572653217,0.0991247738975895,0.0132014847555779,-0.045482548900293,0.0627333204856697
-4.56527596777584,-2.79192067212099,16.6793157650854,-0.0564183358898692,-0.0825649524642139,-0.0453733006621775,-0.0426658024757325
-4.61648239015163,-2.83954176785141,15.1752293518891,-0.0861421762079965,0.0507890291121074,0.0349357538322055,-0.0984101248425198
-4.69863210276209,-2.78356107207317,14.850416590495,-0.0654294735103351,0.0756239644303336,-0.0167202391001293,-0.0196432686521004
-4.78666088959061,-2.73845631098969,14.6410503815733,-0.0482829954500126,0.0875714128604425,-0.0397457913785004,-0.0424666517769556
-4.83250099374721,-2.67761515941892,14.2431031332578,-0.0105738158847936,0.0994394007304674,-0.0352662882718073,-0.0385982491596999
-4.73222372783228,-2.71595380715537,12.9121877490141,0.0940798786229814,0.0338965549618997,0.00619738729194541,-0.0722352026983475
-4.67887254355876,-2.74855823007758,12.8287116083942,0.0965785506616086,0.025934215856723,-0.0432273663880895,-0.0585386387789408
-4.58828697731776,-2.72454435932076,13.3623836740076,0.0699561220404568,0.0714572668737108,0.0206294442005444,-0.0474433961168876
-4.48455382235988,-2.81125798411691,12.0684350288291,0.0878570424163393,-0.0477612824142481,0.0158761125415383,-0.0389523423818994
-4.4426700572282,-2.87752589245005,11.9444483847651,0.0812760070743189,-0.0582598547376773,-0.0393922419426387,-0.00800805359546519
-4.43335151601911,-2.93792818695802,11.6971536629345,0.0645424856171474,-0.0763823772238095,-0.0552239444080529,0.0159800827158372
-4.30380840701797,-3.00704161282467,11.5298290236177,0.0509199770706788,-0.0860648356480249,0.0786231319304536,0.0169514097813805
-4.31721359663205,-3.13534568575836,11.2029639591788,0.0205906210683696,-0.0978571730841374,-0.0339958106824456,-0.0304468998495593
-4.23677935330989,-3.27547119708756,11.7489840473666,0.0684129675962096,-0.0729360395461666,0.0120212757259486,-0.0671894717830326
-4.12511490658664,-3.32207877189425,12.9622151447752,0.0922671253026819,0.038558755015939,0.0193973214205672,-0.0851663298226226
-4.08047329797634,-3.29747337016358,13.3841699286608,0.0683828576155774,0.0729642706009433,-0.0237412490052744,-0.0483588688702801
-4.10745220550346,-3.2095293321748,13.6660832671352,0.0453852188656602,0.0891076983684133,-0.0723641263927792,-0.00116366037963189
-4.16164072185317,-3.16617462213298,14.365274438097,-0.0226134449747694,0.0974096099282462,-0.0315750713749399,-0.0540548998864185
-4.0939438811542,-3.10338145234051,14.0841515901221,0.00529905201216479,0.0998595015397752,0.0623977886868063,-0.0370663317473072
-4.01445858477381,-3.01943238851636,13.6020248040768,0.0509963310346808,0.0860196153269779,0.028488965345705,-0.00207055150283342
-3.99310321254119,-2.97018879386445,13.9913591033089,0.0145291742794383,0.0989388856555283,0.00682619795317851,-0.0496952910036126
-4.00720421690919,-2.85446175902993,14.289832948315,-0.0152073669052753,0.0988369161386996,0.00110636253727492,0.0168901186958132
-4.12074045039054,-2.75035840099811,14.7949457190855,-0.0611360592731995,0.0791352150217831,-0.0524001742081435,0.0249681430100392
-4.22689431532429,-2.72048003316266,15.3893186923125,-0.0949660917176359,0.0313279655240741,-0.0111877732161147,-0.0014495976886213
-4.32841739529216,-2.76490642437904,15.4607471780093,-0.0969597416583714,0.0244705638991397,-0.00456333830949962,-0.0688969551155201
-4.48707243692519,-2.82907301836202,15.5500374934559,-0.0987555621298312,0.0157270133344209,-0.0598994795032048,-0.0798936073174068
-4.57585931475257,-2.82678824820196,15.3090647120732,-0.0921489357755201,0.0388403609076829,0.00336205794814326,-0.0365555907476129
-4.63745586614838,-2.90005010636751,15.9003277229374,-0.0981554942158587,-0.0191180269703891,0.0365589428200543,-0.0541438311951619
-4.73142539816104,-2.9726587969267,16.1469560232882,-0.0905180229445242,-0.0425027942871359,-0.00345150906813618,-0.0301058962720551
-4.81491548542447,-2.96760095887499,15.4364964184961,-0.0963378604796877,0.0268144856037969,0.012847773216258,-0.0217566475520869
-4.90110623103557,-3.05620373162531,16.3651709269168,-0.0791701180766543,-0.0610908536830892,-0.00702062753444732,-0.0275119190672362
-4.9937325235553,-3.16695606529151,16.9206209928543,-0.0350531547421696,-0.0936550924542895,-0.0575731377775677,-0.0170972412119061
-4.99777757764538,-3.22456816964923,18.1669407383178,0.0775925652679806,-0.0630824366613574,-0.0816376193580579,0.00547033230363603
-4.98078584234503,-3.34186383638056,18.2054365874341,0.0799628911955814,-0.0600494465556812,-0.0629711558952319,-0.0572462201756476
-5.02494132528745,-3.44590589241603,17.1796386218595,-0.00989587425479522,-0.0995091537132805,-0.0342596086876235,-0.00453290232218651
-5.17131620659806,-3.47801066428656,15.648971369578,-0.0998260482517543,0.00589576885897235,-0.0465488330588606,-0.038000540729505
-5.33394589961634,-3.45710628329695,16.6050504255208,-0.0623889035831642,-0.0781512937173189,-0.100240789435107,0.0990556747069276
-5.25002163201801,-3.38777764327797,19.4852583812252,0.0804654814585818,0.0593742898369204,0.00345878613974548,0.0099543501820607
-5.17717087668201,-3.40112116130634,19.0868405914752,0.0971979834302934,0.0235064250170973,-0.0243472280942933,-0.036849943045469
-5.0672959730516,-3.39393282655251,18.5305259403001,0.0949540106915035,-0.0313645636602494,0.0149208929389086,0.0385528984140833
-4.94771431483889,-3.38364708920585,18.7789878541768,0.0997511107051528,-0.00705095121868982,0.0198305475075573,0.0173366885653512
-4.86742673311938,-3.33519413351696,19.1905131459467,0.0942435011679867,0.0334389366995975,-0.0139559194484846,0.0150140189892904
-4.83299722637073,-3.42294521906325,18.0896010279437,0.0724867084773226,-0.0688888749663082,-0.0380572017286669,-0.0188622105799841
-4.81429480901047,-3.47820490472589,17.2371263136719,-0.00416212547444223,-0.0999133460131078,0.0228645428347063,0.044653660350463
-4.87043010419755,-3.54922399190675,17.2662656815561,-0.00124935881447927,-0.0999921952081895,-0.054885936372604,0.0289731080273379
-4.81844996374476,-3.6214824775682,18.1585148996851,0.0770582948089615,-0.0637339721117017,-0.0250781543561729,-0.0085245135497507
-4.81058383024739,-3.54269543396759,19.8466152931283,0.0542774419711243,0.0839878520565399,-0.0464113084737559,-0.00520080845592741
-4.88518930020676,-3.4877678143836,20.7469331449053,-0.032080652400391,0.0947144748260016,-0.0425248175589736,-0.0397868552420126
-4.96568154083077,-3.45628277175432,21.5689713048568,-0.0912198972050449,0.0409747526399005,0.0107276565810279,-0.00948971001062038
-5.05683321363307,-3.25401656354021,20.9362247281862,-0.0493293974341874,0.0869862664377543,-0.0418222753681059,0.115279941776352
-5.11927058172334,-3.09077357345941,20.9455810150971,-0.0501410948914266,0.0865209258104012,-0.0122962731988494,0.0767220642704025
-5.0601756537422,-2.9286641631242,19.4421378857108,0.0829501406720667,0.0558504625091355,-0.0238552126909264,0.106258947826071
-5.00742005703708,-2.91777323792077,19.1236750120564,0.0962664032447295,0.0270699022222679,-0.0435108065396062,-0.0161789770188383
-4.98483591676639,-2.94617416416376,18.2271173060643,0.0812459116729738,-0.0583018167506583,-0.0586617714022859,0.0299008905076699
-4.92038441324043,-3.00818591878468,18.2062324273971,0.080010655617164,-0.0599857898815343,-0.0155591520912051,-0.00202596473938721
-4.88079705983462,-3.07552590192935,18.079188726086,0.071765500352369,-0.0696398805223998,-0.0321781469465581,0.00229989737773195
-4.82049679179013,-3.0054856088491,19.0258382605323,0.0984502463673438,0.0175370747335269,-0.0381499783228492,0.0525032183467209
-4.76145829511697,-2.94081184933919,20.0400702986624,0.0371182291354903,0.0928560017761116,0.02192026753767,-0.0281822422662055
-4.78908551600623,-2.88018582800268,20.3604184580053,0.00598979158180279,0.0998204507944467,-0.0336170124710655,-0.0391944294579347
-4.80908058835322,-2.79277177310832,20.6510139592418,-0.0228621759251344,0.0973515326636833,0.00286710357814535,-0.00993747776932175
-4.85956646933807,-2.66636183353232,20.289129930225,0.0130846049535768,0.0991402698867057,-0.063570485938433,0.0272696696892982
-5.02011755936918,-2.76664934314175,22.5690133490889,-0.0837630897210759,-0.054623665204552,-0.0767880003100263,-0.0456638444048818
-5.20660290139831,-2.7629846286575,22.0174028061352,-0.0999655377473057,-0.00262512150042514,-0.0865198042818296,0.00628983598467192
-5.23608328008164,-2.86628007638821,22.8242096344407,-0.0672613750084783,-0.0739993745376868,0.0377809963251448,-0.0292960731930156
-5.2688075920952,-2.87907254314357,21.7193399127316,-0.0963286893137278,0.0268474135644257,0.0636043773001695,-0.0396398803197955
-5.37306774622409,-2.88967308490725,21.5557910443786,-0.0906719317163893,0.0421734608352033,-0.0135882224125012,-0.0527740025988774
-5.46070745792832,-2.9142273418537,21.7135765297899,-0.0961723583944518,0.0274021437272546,0.00853264669022202,-0.0519564006737068
-5.4308016801211,-2.83192050616275,20.4613593416293,-0.00409956014656406,0.0999159326964659,0.0340053379537899,-0.0176090970055123
-5.43272342367919,-2.79640881694399,20.4553946740225,-0.00350352542785826,0.099938607702811,0.00158178186976876,-0.0644269184840534
-5.53671862429076,-2.72702196814437,21.4576875651489,-0.0861052250467937,0.0508516491339368,-0.0178899755647759,0.0185351996656826
-5.65777234147457,-2.79906186720937,22.2788812169488,-0.095888976795058,-0.0283778809849649,-0.0251647403887567,-0.0436620180800356
-5.79895291018051,-2.89554417251499,22.3356222655684,-0.0941253318402976,-0.0337701333422577,-0.0470552368656403,-0.0627121719633603
-5.9107412760911,-2.88199107970614,21.5477651843546,-0.0903305367821167,0.042899814972266,-0.0214578291284706,-0.0293467221634129
-5.93226118107482,-2.95397808117744,22.785324388512,-0.0700872884957699,-0.0713286197210539,0.0485673835120455,-0.000658381750246573
-6.04158639225076,-2.95391113888914,21.6675123602532,-0.0948085313579815,0.0318016097350848,-0.0145166798179641,-0.0317346674467851
-6.07045477449002,-2.88320712533873,21.1118454231338,-0.0637688077306059,0.0770294694296736,0.0349004254913456,-0.0063254558792627
-6.05393822995904,-2.76737642887717,20.1182119785926,0.029756420602798,0.0954701808572152,-0.0132398760718164,0.0203605156043403
-6.08600379558227,-2.665413464036,20.9311043948372,-0.0488833540464039,0.0872377080004623,0.0168177884231753,0.0147252568407041
-5.97110565045966,-2.57680321079501,19.2787018186538,0.0909321468645131,0.0416094300202565,0.0239659982580971,0.0470008232207344
-5.89217981528363,-2.45839181305284,19.7899093497813,0.0589502574361173,0.0807766497709301,0.0199755777399098,0.0376347479712473
-5.7988135545541,-2.36363954137019,19.3091246948328,0.0896243856486009,0.0443561663933084,0.00374187508093371,0.0503961052893338
-5.71441750241088,-2.29637952422142,19.1852458233787,0.0944183266442513,0.0329420641991281,-0.0100222745010345,0.0343179529496447
-5.70182186819332,-2.38292044526113,17.4738217873156,0.0193827548465181,-0.098103561681316,-0.0067871206289567,0.0115626406416087
-5.78602898233378,-2.52586757867035,16.5741888188352,-0.0647706867824712,-0.0761889633328018,-0.0194364273579897,-0.0667581700764233
-5.90519552543619,-2.60066729712943,15.9508907578343,-0.0970637941535474,-0.0240545185883604,-0.0221027489488588,-0.0507451998707218
-5.97817228786539,-2.50846294257477,15.5768328585104,-0.0991414720566156,0.0130754930479623,0.0261647096274196,0.0791288615067027
-5.96851215392199,-2.49356006278531,17.3165229396502,0.00377543700160186,-0.0999287049623227,0.00588469694179494,0.114831584751778
-5.90909857473464,-2.46515903234828,18.6269797675068,0.0975332018525182,-0.0220742958301266,-0.038119622665171,0.05047532626716
-5.89081820460603,-2.52189264726237,17.8129351055093,0.0509131583994919,-0.0860688695277697,-0.032632788270881,0.0293352546136845
-5.77420369439117,-2.46711943366493,19.2300244148111,0.0928490759923976,0.0371355501825136,0.023765434222458,0.0176376634149262
-5.65599003433263,-2.54922864105343,18.1022562188299,0.0733526826342569,-0.067966049983488,0.0448609774242872,-0.0141431574050186
-5.65871983902334,-2.43138980544386,19.6969737017707,0.0661920914506553,0.0749573680793829,-0.0689218961413651,0.0428814675301945
-5.57654768574275,-2.3634949486671,19.2011650032007,0.0938819746426315,0.0344408890303415,-0.011709821362043,0.0334539677464121
-5.51689573600505,-2.24941424145586,19.4830707312847,0.0805951789703435,0.0591981175945512,-0.0209432292326408,0.0548825896166902
-5.53139401430725,-2.20538681969298,20.366904211825,0.00534225927080917,0.0998571993693167,-0.0198405375730051,-0.055829777606434
-5.53750388638546,-2.14766227156954,20.3314634860827,0.00887717536593691,0.0996051994502416,-0.014987047444146,-0.0418806513268013
-5.51994210017062,-2.11061147815246,19.9222853703053,0.0477728169731643,0.0878507709610368,-0.030211030758327,-0.0507999775439605
-5.52404147319478,-2.0374616516904,19.8699732489326,0.0523010297666665,0.085232636268898,-0.05640040279083,-0.0120828098068415
-5.66006622568548,-2.07324239838843,22.5147655612404,-0.086601629838406,-0.0500015770684457,-0.0494231226522874,0.0142208303704163
-5.78520983854606,-2.15389688338405,22.7592189494054,-0.0719252612686778,-0.0694748644578199,-0.0532183515919087,-0.011179620537797
-5.88010922183432,-2.15693945176694,22.5935117940921,-0.0823998937683248,-0.0566591343648029,-0.0124994895199357,0.0536165659819137
-5.90949737316671,-2.21412440223684,23.1338860595437,-0.0415105572342053,-0.0909773248568332,0.0121224059018203,0.0337923743869348
-5.9459060789136,-2.2562850398034,23.0495073962715,-0.0490303114210788,-0.0871551981350053,0.0126216056741857,0.044994560568449
-5.94972960904432,-2.31971860594663,23.0417911248418,-0.0497013582669107,-0.0867742760639591,0.0458778281361951,0.023340709920721
-5.99959163707716,-2.30551130098103,21.4769259083529,-0.0870675323025952,0.0491858192849985,0.0372055042697532,-0.034978514319397
-6.01337406355874,-2.35681928893356,22.6882357931913,-0.076671540570166,-0.0641987139014279,0.0628891140885823,0.0128907259488957
-6.01353593369358,-2.48952463616256,23.1865239568321,-0.0366664189239562,-0.0930353358853127,0.0365045487891162,-0.039670011343679
-5.93198491518151,-2.60646286659774,24.0131430883517,0.0436044125121239,-0.0899925286313955,0.0379466059999505,-0.0269457018037929
-5.86443832698518,-2.73612826599055,24.3627345891501,0.0717906047557724,-0.0696140005228867,-0.00424401655944884,-0.0600513988699229
-5.83979840187194,-2.89039608952977,23.5334347346603,-0.00285063051019597,-0.0999593612709402,0.0274905556234373,-0.0543084622682803
-5.84482010513148,-2.98171875144373,22.6926462184743,-0.0763876521566931,-0.064536242515257,0.0713659488971583,-0.0267864193986989
-5.92704537229582,-3.08259713090243,22.9168225844174,-0.0601296177906915,-0.0799026223871617,-0.0220956493736484,-0.0209757570715343
-5.93443556842186,-3.20221669475722,23.6834551423925,0.0121211449977462,-0.0992626709490713,-0.0195113411237902,-0.0203568929057196
-5.84106825896826,-3.29023602648931,25.1697790487653,0.0999314178349314,0.00370293525467938,-0.00656410838132615,-0.0917222669867739
-5.75610075826884,-3.22551391038936,25.5652580392707,0.0907913687102573,0.0419157174305548,-0.00582386801084134,0.0228063986694003
-5.70392210378517,-3.14046281360494,25.9063512995597,0.071539289942272,0.0698722405147819,-0.0193606354585985,0.0151788562696344
-5.5882259596187,-3.08281168813453,25.8532169757774,0.0751491943754187,0.0659742266701591,0.0405469497910449,-0.00832310119974711
-5.49137741629847,-3.15251321644534,25.1436348235619,0.0999940665382468,0.00108933793868909,-0.00314552321801109,-0.0707908662495007
-5.44508901115731,-3.11944286162422,25.4514907494753,0.0949628034775701,0.0313379315794836,-0.0486743983364182,0.00173242324163958
-5.37572051570009,-3.24504686618232,24.2005220646836,0.0596053585532457,-0.0802944657603438,0.00976313690398101,-0.0453095387977576
-5.29081834769888,-3.34570839573925,24.0905936451878,0.0504367006168782,-0.0863489387941936,0.0344654673843312,-0.0143125907627333
-5.38998772618914,-3.47679152515787,23.3936069371387,-0.0167544039559636,-0.0985864592531875,-0.0824149745342986,-0.0324966701654423
-5.36771187479486,-3.59678677108591,24.1837303100246,0.0582487338877771,-0.081283977513843,-0.0359728824934926,-0.0387112684141906
-5.29386841976375,-3.70210353858865,24.9138236709983,0.09761330985349,-0.0217173142779338,-0.0237698548223833,-0.083599453224807
-5.36385826585571,-3.80275037280684,22.8916147067303,-0.0621244767325511,-0.0783616576567055,-0.00786536935940951,-0.0222851765614882
-5.44638583599287,-3.80753061811112,21.7389708445147,-0.0968371345422631,0.0249513401171887,0.0143095644051066,-0.0297315854214664
-5.47551887319925,-3.7607309524561,20.4870936579635,-0.00666918716664898,0.0997773618740053,-0.0224638500397312,-0.0529776962189863
-5.38105033823488,-3.71429197886833,19.8326274828377,0.0554468999585855,0.083220437904295,0.0390216350057795,-0.0367814643165243
-5.25071396975742,-3.76494991467519,18.7677014511498,0.0996651792923799,-0.00817630947419294,0.0306711891850764,-0.0424816263326679
-5.30126335054811,-3.85408772070892,17.0454327668798,-0.023121547645142,-0.097290256626722,-0.0274278331455395,0.00815245059299485
-5.30741627985271,-3.97521785371448,18.0719736843278,0.0712611821316835,-0.0701558545040614,-0.0774141114362887,-0.0509742785014966
-5.29747759956552,-4.07689076760994,17.9050018354518,0.0586104232631178,-0.0810235662317957,-0.0486717429759285,-0.0206493476636687
-5.33571129281521,-4.18036154412292,16.7258880998678,-0.0525133090460456,-0.0851020115686728,0.0142796157963598,-0.0183687649443045
-5.31539735752164,-4.25507930470666,17.2343699253367,-0.00443750929596288,-0.0999014940391196,0.0247514445895352,0.0251837334553784
-5.33861504054896,-4.2854725706446,16.6897525315146,-0.0555535677229119,-0.0831492700704934,0.0323358846955841,0.0527560041325557
-5.25059056551735,-4.35055622410092,17.6557201251143,0.0368096112453207,-0.092978774566932,0.0512148637862975,0.0278951211106104
-5.15633331129028,-4.27655182261266,19.3941518386458,0.0855336704842729,0.051807250588,0.00872358374279436,0.0221971509002583
-5.12401707578333,-4.4026628342164,17.3590748172164,0.00802289042921377,-0.0996776465871904,0.0242933450777354,-0.0264333650165445
-5.00109944731059,-4.44490295042493,19.0287249945188,0.0983992113638575,0.0178212009407586,0.0245184171088795,-0.0600613171492861
-4.84565547421622,-4.380740531326,19.2179454050014,0.093290852386955,0.0360113435033375,0.0621531207074195,0.0281510755955932
-4.74581388555098,-4.29304701466666,19.1386273975793,0.0958508975888647,0.0285062349567419,0.00399069107636763,0.0591872817025942
-4.7067792482571,-4.12953990408257,20.6120438546965,-0.0190519788583856,0.098168335534324,0.0580866161522682,0.0653387750497636
-4.65934689586515,-4.02152082763198,20.0308848246664,0.0379695776553391,0.0925111408030145,0.00946277473661539,0.0155079356475736
-4.63998457716187,-3.88489294774446,20.147375926569,0.0269598743330538,0.0962972750182784,-0.00759755562977737,0.0403306048692484
-4.56719791538227,-3.79508243822637,20.0311367508016,0.037946270476514,0.0925207033961764,0.0348403913030904,-0.00271019387808913
-4.56786665984418,-3.69822288929844,20.5838129542877,-0.0162733749097065,0.0986670019259131,0.0156046304477933,-0.00180745299798479
-4.60347668389285,-3.57976134140279,21.2013092036926,-0.0703959409597692,0.071024020559165,0.0347859169111011,0.0474375273364895
-4.6706365468705,-3.40191954994152,21.4569451268139,-0.0860674471053147,0.0509155629328976,0.018907584127664,0.126926228528368
-4.6154432300106,-3.24229783076878,20.764423794115,-0.0337322786131914,0.094138904707682,0.0889255954730865,0.0654828144650561
-4.70453266704687,-3.09382545618223,21.2571796026122,-0.0742521752777925,0.0669821951455458,-0.0148372617584736,0.0814901794410057
-4.77507942093709,-2.98097867343294,21.6341219463392,-0.0936940127098925,0.0349489911487944,0.0231472588196695,0.0778977916004964
-4.81292853506844,-2.90219899628416,20.7594814268811,-0.0332665994810702,0.0943044715746081,-0.00458251465027182,-0.0155247944258248
-4.74427418669518,-2.75021308052292,19.685683790321,0.0670341170744667,0.074205304042546,0.00162023129878985,0.0777806117186888
-4.66099905793524,-2.61662036592934,19.2415106079347,0.0924164144262399,0.0381995594817202,-0.00914128566630446,0.0953931551118634
-4.59660396147827,-2.5548049028952,19.2847222257685,0.0906799947426768,0.04215612118623,-0.0262848982857031,0.019659341847909
-4.51980230946018,-2.47076776942339,18.3668540490733,0.0885744018277377,-0.0464174034265001,-0.0117727498096496,0.130454536898313
-4.41163268275337,-2.52446304041429,18.495892457323,0.0938110218170508,-0.0346336857068494,0.014358604889761,-0.0190615852840583
-4.28116728136369,-2.5514919312633,18.5252414341884,0.0947869393945929,-0.0318659084321438,0.0356784619950918,0.00483701758313471
-4.23305640422793,-2.46627790789144,19.7752774715618,0.0601258190934145,0.0799054809030394,-0.0120149419576627,0.00530854246882084
-4.20901096411859,-2.55979785622483,18.2069143106274,0.0800515403171051,-0.059931218015813,-0.0560061002077621,-0.0335887303175717
-4.18578035473539,-2.6964192246272,17.3502638205187,0.00714433095683023,-0.0997444661882517,0.0160862784263713,-0.0368769022141144
-4.15443670383244,-2.74601114026422,17.8453574515486,0.0536764663582006,-0.0843732004803478,-0.0223328154552487,0.0347812848433189
-4.00400163876294,-2.80058531377697,18.3976012948529,0.0899595187545635,-0.0436724740019082,0.0604755463149376,-0.0109016995108338
-4.01226644572937,-2.94907908031974,17.1173819664493,-0.0160678087241059,-0.0987006865366475,0.00780300175766868,-0.0497930800061264
-3.89243535225184,-3.08830210726868,17.7871959055176,0.048681194942833,-0.0873506797852077,0.0711498985346992,-0.0518723471637297
-3.85650327980147,-3.18978755797277,17.1788500085659,-0.00997434541093706,-0.099501318753187,0.045906417861306,-0.00198413195090863
-3.75620069609439,-3.21094917090621,18.3121511616669,0.085904009777412,-0.0511908302742034,0.0143985739296673,0.0300292173407635
-3.75608494306759,-3.25342358950774,17.9991983688218,0.0659714481353234,-0.075151633587889,-0.0658556951085236,0.0326772149863661
-3.81357264477184,-3.37661590284413,17.3382782128308,0.00594834838648118,-0.0998229289866464,-0.0634360500907309,-0.0233693843497464
-3.73414709336909,-3.31244194127395,18.7678005438027,0.0996659890152513,-0.00816643334705043,-0.0202404376124949,0.0723403949172283
-3.68964697512723,-3.23593804436791,19.6676771021014,0.0683593693368573,0.072986276955789,-0.0238592510950042,0.00351761995025157
-3.63615243390156,-3.24157620860132,18.6694364406771,0.0983822295157959,-0.0179147122639817,-0.0448876882901246,0.0122765480305702
-3.65699253168016,-3.17326323899192,19.8824667518101,0.0512321215633369,0.0858793905434795,-0.072072219341937,-0.0175664209340738
-3.64225328375926,-3.08573107460045,20.0339898210362,0.0376821483282847,0.0926285900646509,-0.0229429004073847,-0.00509642567318425
-3.58394382823186,-3.17246568068018,18.0380981820328,0.0688441878704474,-0.072529151356255,-0.0105347323430429,-0.0142054547234802
-3.56140163728407,-3.22255582268529,16.9312246042923,-0.034058120532407,-0.0940215104420262,0.0566003114801958,0.0439313684369158
-3.61955901257764,-3.14304530125693,14.7524345921631,-0.0577177111854152,0.0816618994116412,-0.000439664108158766,-0.00215137798327536
-3.59506682315281,-3.05311142866782,14.0508702863957,0.00861895844832561,0.0996278753927134,0.0158732309765028,-0.00969400280360277
-3.58829124498979,-2.97203088362106,13.9103538992218,0.0224873337066189,0.0974388003967986,-0.0157117555435899,-0.0163582553500357
-3.63679172262856,-2.86916545066788,14.2792789609465,-0.0141634157647418,0.0989919070120132,-0.0343370618740337,0.00387352594115864
-3.63750903580281,-2.73086539888278,13.7939608633188,0.0336507917855393,0.0941680636532699,-0.0343681049597926,0.0441319881318343
-3.62838880672218,-2.69443034122246,12.866086915253,0.0955420289497744,0.0295249166664441,-0.0864217998691359,0.00691014099387921
-3.61518315761383,-2.67134174096651,12.5811326668281,0.0999891042882119,0.0014761516321464,-0.0867834551798694,0.0216124486237961
-3.70379271726705,-2.52028115787448,13.923431836078,0.0212111485474934,0.0977245474652923,-0.109820708200708,0.0533360356267401
-3.6588459009703,-2.44573854173132,13.1098757067325,0.0855901322152029,0.051713917540485,-0.0406433159184516,0.0228286986026798
-3.63871049776188,-2.31869122663696,13.3165973503663,0.0731534298016648,0.0681804642713211,-0.0530180265932465,0.0588668508230392
-3.53411492221496,-2.27276487569175,12.6818225855435,0.0993342820655003,0.011519566247547,0.00526129348142135,0.0344067846976586
-3.45260824396187,-2.17880206512529,13.2582814506714,0.0770028289352318,0.0638009744123978,0.00450384931785486,0.0301618361540634
-3.55133074745584,-2.05991639412561,14.4528564290182,-0.031047196009786,0.0950582538232737,-0.0676753074841869,0.0238274171764052
-3.55620667213214,-1.94635614827584,14.7453398737875,-0.0571368952622463,0.0820693316640942,0.0522609705859516,0.0314909141856781
-3.5126098972728,-1.84698209143976,13.7401452211626,0.0386673441720343,0.0922216704179741,0.00492943068730334,0.00715238641810778
-3.52640745579866,-1.77630029324147,13.7151798006922,0.0409574082776877,0.0912276860781572,-0.0547549668035447,-0.0205458878798681
-3.45895007019091,-1.70507247278807,13.7511919712346,0.0376462558700652,0.0926431833378235,0.0298111297376789,-0.0214153628844236
-3.56700763566001,-1.68956648031413,15.3083626463875,-0.0921216445832174,0.0389050459360141,-0.0159359208858767,-0.023399053462076
-3.53109554979607,-1.65854635189429,13.4801334726213,0.0610770620790249,0.0791807583178826,-0.0251649762150858,-0.0481606298980388
-3.66910036139218,-1.72163717507883,15.6680466363383,-0.0999203437034992,0.00399060323442442,-0.0380844678926167,-0.0670814264189663
-3.72175261586246,-1.66124096048131,14.2422883372859,-0.0104927895606569,0.0994479832235716,-0.0421594649096182,-0.0390517686260523
-3.67776663522962,-1.62662605277453,13.1252844802911,0.0847831550578085,0.0530265652144621,-0.0407971744249682,-0.0184116575076816
-3.55741537941066,-1.65136932279108,12.2822235129159,0.0959901102366588,-0.0280338855093992,0.0243611455823043,0.00329061549284226
-3.4458501022876,-1.77357870801376,11.906751508414,0.079022570674939,-0.0612815904160807,0.0325427064481172,-0.0609277948065898
-3.3899102382582,-1.88203229959487,11.4386222506579,0.0428695131970475,-0.0903449214856495,0.0130703508323524,-0.0181086700954687
-3.33423621970403,-1.90540370517804,12.5431937056819,0.099973142747481,-0.00231748337465389,-0.0442991241933139,-0.0210539222085089
-3.29409945321743,-1.92798505395292,12.0879186591415,0.0887708714521054,-0.0460405514914165,-0.0486341049654992,0.0234592027165328
-3.33585329957722,-2.04669985506195,11.4173882082964,0.0409416052281803,-0.0912347793406651,-0.082695451587977,-0.0274800217683659
-3.40836929060267,-2.1334004675884,10.3778056214689,-0.0579217681006509,-0.081517291295126,-0.0145942229247957,-0.00518332123131948
-3.4193929527066,-2.24886721426905,10.8545949465652,-0.0140512806693723,-0.0990078861078779,0.00302761856544542,-0.0164588605727762
-3.4655322595138,-2.32226446798366,10.3779384972378,-0.0579109359165932,-0.0815249869749406,0.0117716291093863,0.00812773326032667
-3.4949239543048,-2.26270831789967,8.97724973016029,-0.0901519485047032,0.0432738510050278,0.0607602537137097,0.0162822990789673
-3.44004447177405,-2.09639153588843,8.48878494118075,-0.059301915108126,0.0805188354641858,0.114181397638871,0.0857979465470571
-3.50348932292917,-1.9755242263051,8.54722164585171,-0.0639032683020874,0.076917958243257,0.000458417146971257,0.0439493513400731
-3.37239375916185,-2.00330659047855,6.23140202167636,0.0998659545248162,-0.00517601457178573,0.0312296092425051,-0.0226063496016669
-3.27782308716084,-2.06118165237529,5.46269186005201,0.0681860342435694,-0.073148238079497,0.0263846377574399,0.0152731761827511
-3.10483335162959,-1.99990217127785,6.36533056909997,0.0996627974770303,0.00820529091820861,0.0733269380542119,0.0530741901792378
-3.14293254508131,-2.05364945785757,4.28754277324475,-0.0412180665615451,-0.0911102134172017,0.00311887310982861,0.0373629268374822
-3.19651935398474,-2.0617847244267,2.70757534108799,-0.0907283719095018,0.0420519028184352,0.0371415630060703,-0.05018716938757
-3.1104396806701,-2.05036220003399,0.928402970498433,0.0599113430049148,0.0800664160515971,0.02616833030973,-0.0686438916588812
-2.98871982149146,-2.1615513798713,-0.49661861381071,0.0879198664661218,-0.0476455357885639,0.0337999927125185,-0.0635436440487487
-2.86541477603817,-2.23785152130472,-0.666086946210661,0.078624561032224,-0.0617914104264507,0.0446804844210629,-0.0145087310069694
-2.76486718876698,-2.31601802010363,-0.978288310244024,0.0558443283908572,-0.0829542704541129,0.0447032588803342,0.0047877716551965
-2.70715741758699,-2.40356151672867,-1.73083131178243,-0.0159352744650939,-0.0987221709025998,0.0736450456450868,0.0111786742775677
-2.6719727915693,-2.37050396399964,0.158397191534464,0.0987481371745873,0.0157735666400754,-0.0635635111569037,0.0172839860889469
-2.63629292769883,-2.37670707171459,-0.679365400009709,0.0777971594200154,-0.0628299449798956,-0.0421172955495415,0.0566268372649503
-2.55720145924875,-2.31922361554614,0.105070934378798,0.0994485125815102,0.0104877712277303,-0.0203570441314262,0.0469956849407147
-2.46165136165041,-2.18948134179577,0.380605159107486,0.0928439999643356,0.0371482391321911,0.00270609763399854,0.0925940346181875
-2.35841502992603,-2.20415726241869,0.375834394698504,0.0930201682174863,0.036704881212048,0.0102161635068967,-0.0513808018349731
-2.19069216344627,-2.18884717325727,-0.127228454679921,0.0991917371835323,-0.0126885489522267,0.0685311292962272,0.0279986381136488
-2.02821025760412,-2.16828245510882,0.26560800177533,0.0964933081210118,0.0262495997657771,0.065988597721141,-0.0056848816173285
-1.91521926944934,-2.18474483182289,-0.514545723305465,0.0870516379593549,-0.0492139444526997,0.0259393501954239,0.0327515677386252
-1.94247196412409,-2.29995983765347,-1.9005832797137,-0.0323841469482413,-0.094611135847926,0.00513145227348843,-0.0206038699826454
-2.02490228816352,-2.34774619074247,-2.42587643148349,-0.0754623479892954,-0.0656158062965204,-0.00696797605013444,0.0178294532075141
-2.00566959421342,-2.44218702386335,-0.956832811056072,0.0576111639701183,-0.0817371016491785,-0.0383784700200227,-0.012703731471698
-1.88169480469103,-2.60708929457119,-0.863924220258919,0.0649458511058069,-0.0760397029461738,0.059028938416585,-0.0888625677616681
-1.80556409470097,-2.75269158913175,-1.05046104568339,0.0497171073289434,-0.0867652536378609,0.0264136026611208,-0.0588370409226977
-1.6805859305749,-2.72974284720006,-0.289775982525946,0.0958307909763156,-0.0285737554559022,0.0291473731497547,0.0515224973875887
-1.64566283661868,-2.75617112356365,-1.06969400061045,0.0480392629364802,-0.0877053545487373,-0.0131161689802628,0.061277078185149
-1.63786277811748,-2.91858507175145,-1.39436444139276,0.0175517974181368,-0.0984476226599337,-0.0097517389169397,-0.0639663255278617
-1.6074268834912,-3.00818926098285,-1.28044148495819,0.0286292232111986,-0.095814234737451,0.00180667141508017,0.00621004550605075
-1.7279779099486,-2.98027009567239,-3.3653245223142,-0.097507625133787,0.0221870016173631,-0.0230434013236049,0.00573216369309648
-1.75179751918393,-2.89679406173333,-4.67363033572669,-0.00387489413040239,0.0999248977756704,-0.0199447151049341,-0.0164488638366103
-1.81697241104718,-2.85232012408961,-4.00132399711819,-0.0652641043925317,0.0757667254000113,8.92125292821788e-05,-0.0312927877562941
-1.89575900256649,-2.84184635256929,-3.8741423223487,-0.0743471685394874,0.0668767413243278,-0.00443942297982147,-0.0564029698040063
-2.01872488059002,-2.81688258125176,-3.35926402957747,-0.0976402977716068,0.0215956535226875,-0.0253255802519199,0.00336811779484325
-2.12598928471676,-2.73035671356497,-3.75161930949382,-0.0819632747254249,0.0572889308355858,-0.0253011294013206,0.0292369368512011
-2.09827351501547,-2.63207488708394,-5.66672592476168,0.0815930574295742,0.0578149892267932,-0.053877287728282,0.0404668372542334
-2.05983678329176,-2.53221596913464,-6.12453769524096,0.0987441840554289,0.0157982946936554,-0.0603074523317151,0.0840606232556467
-2.2195502510285,-2.53091999425323,-9.20180374225565,-0.0975244071322914,-0.0221131185836612,-0.0621890606044477,0.0234090934650752
-2.26285882443543,-2.44714467338452,-10.4013562821825,-0.0559860975515626,0.0828586560411579,0.0126775241446282,0.000916664827549596
-2.35664661487296,-2.39367957676877,-10.1904074177094,-0.0720946292333781,0.0692990940467604,-0.0216931612041531,-0.0158339974310091
-2.43912550638338,-2.23391153618315,-10.8909437009541,-0.0104439782817135,0.0994531212061798,-0.0720349132287073,0.0603149193794437
-2.61993325700674,-2.13441900760404,-10.2164565871235,-0.0702651906845767,0.0711533764347137,-0.110542559938777,0.0283391521443925
-2.76220418809853,-2.13094755617826,-9.13293400823759,-0.0957714964390816,-0.0287718694182179,-0.046499434652711,0.0322433208439961
-2.77782089634422,-2.18081757947782,-8.69217297255904,-0.0743434688410857,-0.0668808540665752,0.0587267605953965,0.0170108307670174
-2.67495750721919,-2.30379238755211,-7.48258136192153,0.0362920588943774,-0.093182007175243,0.0665713302306514,-0.0297928008990453
-2.75361679585563,-2.2682881952433,-9.88197099217544,-0.0897295114253639,0.0441431170100786,0.011070222788927,-0.00863892470126926
-2.83102342748336,-2.16308788468376,-10.4785507758911,-0.0494294886950828,0.0869294291212285,-0.0279771429326487,0.0182708814383115
-2.96834800961816,-2.16573856732285,-9.71612481937231,-0.0957857869274205,0.0287242584359422,-0.0415387952073853,-0.0313749410750384
-3.04959950238139,-2.08098341887483,-9.95419433391009,-0.0863101966389401,0.050502969775524,0.0050587038757115,0.0342521786724976
-3.11777972230793,-2.11211130259791,-9.21256461162326,-0.0977567124915638,-0.0210624111355214,0.0295764925650275,-0.0100654725875606
-3.14676081763461,-2.21718777381451,-8.30558884600936,-0.0436412181121595,-0.0899746857826518,0.0146601227854735,-0.0151017854339406
-3.22779677342183,-2.19483328838825,-8.73880625980804,-0.0773803912610908,-0.0633425216444728,-0.00365556452612559,0.0856970070707299
-3.23122793869937,-2.27239221440613,-7.91289696639651,-0.00588812556558301,-0.099826499374284,0.00245696028804687,0.0222675733564008
-3.18238595531646,-2.2616246418115,-7.5308613993763,0.0317526861716055,-0.0948249277399542,0.0170892972112995,0.105592500334588
-3.15872764451063,-2.33382517879514,-7.7160855117452,0.0137459513928629,-0.0990507386156461,0.00991235941296509,0.0268502016320018
-3.19067436741135,-2.3852039813749,-8.82505557218306,-0.0825492334299405,-0.0564413329053203,0.0506025105292203,0.00506253032556314
-3.27920091673317,-2.40094615003676,-9.09037308878121,-0.0944605802119147,-0.0328207066655857,0.0059340308901028,0.0170785380037302
-3.40634748791159,-2.43748346984568,-9.07547227626268,-0.0939610565665011,-0.0342245503828287,-0.0331855146119242,-0.00231276942609648
-3.45868813125718,-2.36597773525837,-10.7421456464745,-0.0250724551500121,0.0968058468934115,-0.0272681881955776,-0.0253001123060987
-3.51013915278827,-2.3247234083307,-10.8542471898193,-0.0140857104793292,0.0990029936935874,-0.0373653110517598,-0.0577486667659146
-3.55517326636906,-2.23014841815017,-10.8359133272437,-0.0158983488242339,0.0987281241828436,-0.0291357647565569,-0.00415313400231465
-3.55358813343754,-2.13236580044229,-11.3572344943667,0.0353827529350108,0.0935310686068538,-0.0337976200034937,0.00425154910102554
-3.63736098909274,-2.19789291629825,-9.4565861240671,-0.099949416302474,0.00318027998684656,0.0161765606472759,-0.0687073958428126
-3.73463464999081,-2.19400478415189,-8.92125151870727,-0.0875886442297363,-0.0482517295233724,-0.00968501666833177,0.0521398616697364
-3.63418761157375,-2.31594412816441,-7.2238016284903,0.0589290197779627,-0.0807921445934472,0.0415180186390973,-0.0411471994190684
-3.51671726067489,-2.4171273831984,-6.68225361433554,0.0921423412469079,-0.0388560027478171,0.0253280096519539,-0.062327252286182
-3.41188772582571,-2.3914391047393,-6.04104798894457,0.0970827710483002,0.0239778140284581,0.00774676380087413,0.0017104644306416
-3.35349116951691,-2.35242080725246,-6.22128916279693,0.0998085045142923,0.00618566298956648,-0.0414119482054875,0.0328326344972778
-3.35730801824794,-2.29825039977148,-4.34490609139541,-0.0359267517446297,0.0933234617289765,0.0321099030135983,-0.0391530542479925
-3.40550841980725,-2.34544175561687,-3.24820236399117,-0.099432256518339,0.0106407877373451,0.051231854959024,-0.0578321435827376
-3.45461603609572,-2.45491483606314,-1.26167624757931,0.0304220540352314,-0.0952601628608594,-0.0795296703236961,-0.0142129175854078
-3.41403390973426,-2.51173368316429,-0.79822601106507,0.069797819416683,-0.0716119012781822,-0.0292156930552228,0.0147930541770314
-3.45056156666508,-2.61058084783266,-1.77372666120331,-0.0201540396528284,-0.097948020325437,-0.0163736172779902,-0.000899144342931812
-3.50094637513758,-2.7139819386524,-1.66012282381793,-0.00892077517333902,-0.0996013040592679,-0.0414640332991656,-0.00379978676047266
-3.56704498154444,-2.83944229300492,-2.04801029981941,-0.0459306194804955,-0.0888278007953475,-0.0201679869263582,-0.0366325535571717
-3.71799792722897,-2.89860827984139,-3.02424375694736,-0.0993122516016034,-0.0117079751374792,-0.0516406940829359,-0.0474580116989918
-3.89238696944604,-2.8900796881703,-3.62416017400554,-0.0885806373016053,0.0464055028551728,-0.0858084049154577,-0.0378769111840871
-4.00997374862852,-2.94174338764776,-3.14053760849273,-0.0999999443439973,-0.000105504490133158,-0.0175868348384878,-0.0515581949873214
-3.98794738434472,-3.05099156222879,-2.06766686630012,-0.0476676835498014,-0.0879078605415693,0.0696940478336092,-0.0213403140394695
-3.92872171461795,-3.16195245554199,-1.34884047101528,0.0220137919125943,-0.0975468757348435,0.0372118778141743,-0.0134140175783486
-4.0654007335515,-3.23393402213263,-2.4590536127279,-0.0775973682885918,-0.063076528397532,-0.0590816506449627,-0.00890503819311039
-4.15283247154087,-3.27014205766232,-2.18453690733568,-0.0575929404616855,-0.08174994317415,-0.0298387975276846,0.0455419076444543
-4.05157647777748,-3.34807458263448,-0.989778430802799,0.0548875084716599,-0.0835904385308121,0.0463684852917332,0.00565791355866097
-4.02400369468371,-3.46912304353716,-1.25133360094925,0.0314056515582175,-0.094940428955234,-0.00383286846445152,-0.0261080319474463
-3.89391189068459,-3.49088155246614,-0.189105253045739,0.0982172822933213,-0.0187980174197718,0.0318745217058041,-0.0029604915092154
-3.82482457751577,-3.56724502757959,-0.425357762444121,0.0910891161762812,-0.0412646690792976,-0.0220018030074662,-0.0350988060341466
-3.81817741612148,-3.61092031257027,-0.433068769535007,0.0907682191244927,-0.0419658241545199,-0.0841210577302061,-0.00170946083616696
-3.86753882206746,-3.65102345935289,-0.861454635108749,0.065133439388718,-0.0758790819224653,-0.114494845334699,0.0357759351398501
-3.86315363915688,-3.64986932184876,-0.285470885077663,0.0959529153419795,-0.0281609310459528,-0.0915677324313933,0.0293150685500865
-3.87800749838503,-3.63072443123098,0.331965416429503,0.0945403637231744,0.0325901768496258,-0.109394222951329,-0.0134452862318533
-3.82233519165487,-3.66597648555143,-0.599217249523446,0.0825777336188823,-0.0563996268637383,-0.0269054268887192,0.021147572543295
-3.73733034409174,-3.6811655727521,0.019814601999837,0.0999803697196595,0.00198133054288947,-0.0149755221565258,-0.0171704177435625
-3.78153712801404,-3.82640513654915,-1.49748086241932,0.00732498016663031,-0.099731362497253,-0.0515317640889332,-0.0455082012997972
-3.78609719183757,-3.76578570007212,1.22089695815059,0.0342803275369812,0.093940721436219,-0.0388403913605089,-0.033321284959186
-3.74207614577886,-3.81618216495045,-0.0303657849888903,0.0999538994976298,-0.00303611185856538,-0.0559328534389216,-0.0473603530197644
-3.61813784839699,-3.92300535716089,-1.07962151802714,0.0471662135537938,-0.0881779354430456,0.0767720838280788,-0.0186452567674014
-3.61073939215309,-3.99081195364685,-0.982100251116348,0.0555277066491026,-0.0831665425173562,-0.0481292504052089,0.0153599460314
-3.53752987188552,-4.02358060365735,-1.03166538724754,0.0513390396897358,-0.0858155172666094,0.0218704805778351,0.0530468672561093
-3.53555722467851,-4.12083066913862,-1.02578987637007,0.0518423606428038,-0.0855123946745819,-0.0498697134357968,-0.011737670806693
-3.49173413335014,-4.2096319941587,-1.39667557370303,0.0173242252641135,-0.0984879242293097,0.0264988660642622,0.00968659920922832
-3.50876781692993,-4.30721384835234,-1.98695930277287,-0.0404253915783703,-0.0914646801543384,0.0233917079985826,-0.0061171740392969
-3.57246453064679,-4.38558229948211,-2.82361370760135,-0.094986923500788,-0.0312647463424133,0.0312902097839203,-0.0471037047873528
-3.66542646617215,-4.42749590256708,-3.36470134995116,-0.0975214325258787,0.0221262332560356,0.00455949700052649,-0.0640398363410095
-3.78173052322104,-4.43306349257294,-3.28203956234499,-0.0990153534288402,0.0139985636892458,-0.0172887036200535,-0.0195661536951079
-3.71682287700595,-4.47097112639781,-0.69080905554095,0.077073076870142,-0.0637160954686427,-0.0121654306550543,0.0258084616437739
-3.59491764896153,-4.53254004443935,-0.354652897989639,0.0937767081647749,-0.0347264885322233,0.0281285198796475,-0.0268424295093137
-3.56543236123964,-4.47682169949648,1.0736147451389,0.0476950242935154,0.0878930296305741,-0.0182097365716238,-0.032174684687706
-3.52467069398953,-4.40314373516178,1.6470372808095,-0.00761671147276602,0.0997095065996249,0.0483783787228766,-0.02603154226493
-3.4448777049261,-4.29458236577029,0.638737518361667,0.0802849066749185,0.0596182334542011,-0.00049191761148748,0.0489431359372974
-3.39085960153039,-4.15499370858437,1.17011878743409,0.0390042307954941,0.0920796936357405,0.015013872600214,0.0475089635501744
-3.28870760085246,-4.2103158750435,-0.25733678184188,0.0967071211749027,-0.0254505935895941,0.00544487950302575,-0.0298715728695313
-3.12414725817205,-4.31573008575024,-0.688297717549986,0.0772328463103072,-0.0635223382032531,0.0873274963701061,-0.0418918725034865
-3.15189622280823,-4.20262411752127,-3.52497408549737,-0.0927405086447629,0.0374058559093447,0.0649915440085813,0.0757001123196162
-3.2028583476802,-4.23408351663521,-2.99025421496422,-0.0988570178576126,-0.0150761407627968,0.0478948929856369,-0.016383258351139
-3.12578258434351,-4.27874113405827,-0.686679360337487,0.0773355469601368,-0.0633972647389182,-0.000259783623443255,0.018739647315857
-3.05908014256601,-4.30431935444236,-1.10015486287591,0.0453458101052132,-0.0891277594574325,0.0213566316722886,0.063549539073346
-2.97913274386282,-4.27367968539598,0.10399843915839,0.099459703468747,0.0103811071619992,-0.0195123047655592,0.0202585618843831
-2.92315173723108,-4.22753671788639,-0.346923153055267,0.0940423308742744,-0.0340005882851091,-0.0380613242425305,0.0801435557946992
-2.92156712597146,-4.22672735023713,-1.28284366374402,0.0283989779085942,-0.0958827307378507,-0.0268143666489813,0.0966920983871078
-2.89789512435449,-4.25876514474416,-1.31606682389059,0.0251983649298249,-0.0967731491936858,-0.00152636331285372,0.0647353546866514
-2.92330323423077,-4.14799115961123,-4.04542618380897,-0.0618602500676069,0.0785704108527704,0.036452140191324,0.0322035742801652
-2.91643311296106,-4.08886420253223,-4.48615587594958,-0.0224308215142088,0.0974518252584204,0.0293009427839248,-0.0383248681794273
-2.98901869840968,-4.00289982310976,-4.82710523730339,0.0114464814881266,0.0993427302903538,-0.0840320669367518,-0.0133783508678778
-3.03953084362767,-3.88477611418417,-4.31022730455288,-0.039140846620346,0.0920217046453854,-0.0113712985976413,0.0261020042802023
-3.0170782359472,-3.805656088221,-5.14609800162937,0.0420239300566652,0.09074133183171,-0.0195713223761906,-0.0116213058685446
-2.92908975731102,-3.73643585703709,-5.28139601292268,0.0538795802562415,0.0842436397089491,0.0341088983799356,-0.0150234085250331
-2.8293145680772,-3.77204525808746,-5.93375237453784,0.093956700795591,0.0342365064749281,0.00581848843823352,-0.0698459075252993
-2.69693758163481,-3.80979414628657,-6.49530220475442,0.0977587435394988,-0.0210529822490425,0.034618242902889,-0.0166959059500713
-2.61794046084911,-3.84473220223485,-6.6887879462244,0.0918864779193799,-0.0394572575779325,-0.0128893571336821,0.00451920162965713
-2.54043467519331,-3.87971317379941,-6.92323112382982,0.0802068395547777,-0.0597232190076369,-0.00270105389897957,0.0247422474430778
-2.5102600147203,-3.93240403298986,-8.10467670531804,-0.0248077362695627,-0.0968740224269635,0.0549823967425702,0.0441831632365086
-2.54282022672135,-4.01952077449785,-8.76878998667604,-0.079244570760428,-0.060994245671174,0.0466843587593857,-0.0261224958368138
-2.62231119573797,-4.13038997768093,-8.9565325276454,-0.089236153471422,-0.045132127288937,0.00974518445480221,-0.0657370758941389
-2.6964696310684,-4.12822008471572,-9.46059794980337,-0.0999358532784567,0.0035812329590193,0.0257774179480261,-0.00141133999381005
-2.7507778957138,-4.08797869564634,-9.21241834598504,-0.0977536307388816,-0.0210767093581132,0.043445366093481,0.0613180984274941
-2.77169903710997,-3.91412363290025,-10.7264162063977,-0.0265919925382679,0.0963995120985823,0.00567085114209398,0.077455550647509
-2.75953716259608,-3.86350139683232,-11.0320028719862,0.00364205279143673,0.0999336552491921,0.00851982172244981,-0.0493114191812705
-2.75155865707631,-3.78326819848416,-11.316179718088,0.0315141199025709,0.0949044795927273,-0.0235356143827961,-0.014671281244564
-2.73884014829523,-3.75403455279209,-11.2977779911741,0.029762476585856,0.0954682931002559,-0.0170439678047778,-0.0662346474081827
-2.74240497983369,-3.60759375364359,-11.1470796307295,0.015092640237784,0.098854500204355,-0.0186574717762422,0.0475862989441462
-2.77160968037878,-3.49738296383189,-10.1806360366832,-0.0727683245443205,0.0685913328563634,0.0435636239992299,0.0416194569553285
-2.83033048979333,-3.45724928664876,-9.98925368814393,-0.0844869188193498,0.0534972947765828,0.025766109404799,-0.0133636175934444
-2.93937885766684,-3.4228184750772,-10.0231270959811,-0.0826266638197751,0.0563279187083445,-0.0264217040537353,-0.0218971071367862
-3.07033811834431,-3.43416377413665,-9.51582745138231,-0.0995857857849291,0.00909237425528715,-0.0313734748925363,-0.0204376733147442
-3.21791038232025,-3.42726319672823,-9.40563835037877,-0.0999816843248387,-0.00191384418600565,-0.0475905796511089,0.00881442159443369
-3.36141011765935,-3.4357631892183,-9.37112493622195,-0.0998561021720694,-0.00536272868987768,-0.0436436331670276,-0.00313726380019208
-3.40202912008558,-3.31228809965595,-9.91561943867546,-0.0881936524986589,0.0471368185068297,0.047574650072427,0.0763382710555134
-3.46606030075708,-3.1683411211436,-10.9246446068917,-0.00708702208627232,0.0997485544654592,-0.0569441585852193,0.0441984240468938
-3.58538101266025,-3.08875971768972,-10.4225614885779,-0.0542166074194543,0.0840271353785477,-0.0651041044837175,-0.00444573192466802
-3.74641136319814,-3.16577678782991,-8.83522378966432,-0.0831188638331684,-0.0555990510268225,-0.0779114867047266,-0.0214180191133693
-3.89340596225753,-3.18977266269951,-9.48957866886607,-0.0997901168708406,0.00647553664988233,-0.0472044821885476,-0.030471411519478
-4.03528509551046,-3.10918442069417,-9.98214565994061,-0.0848650415950819,0.0528954129869975,-0.0570140916578481,0.027692829018342
-4.20483665870236,-3.13453397756416,-9.50995837281656,-0.0996374341722121,0.0085077442120758,-0.0699141290196916,-0.0338573010820635
-4.41516508661763,-3.03626160620314,-9.88309051918095,-0.089680035793268,0.0442435439371461,-0.120648392122,0.0540288274238687
-4.60726790133943,-3.08849442577093,-8.85165064500496,-0.0840209261163946,-0.0542262295807422,-0.108081888605405,0.00199341001295705
-4.74000805745359,-3.21807204458254,-8.42851426842191,-0.0543442521728718,-0.0839446380406237,-0.0783959039412832,-0.045632980770987
-4.84752729610836,-3.45062461339817,-8.02370797135214,-0.0168912625023372,-0.0985631028888455,-0.0906279761524331,-0.133989465926783
-4.99354168172062,-3.60555801805732,-7.73801739535861,0.0115704504513863,-0.099328367933597,-0.157584836063647,-0.0556050367255581
-5.07265371977221,-3.72829189584327,-8.36734125926315,-0.0491106580839809,-0.0871099492742266,-0.0300013799676115,-0.0356239285117272
-5.20205267166473,-3.70087241918883,-9.77906889024686,-0.0937892719165185,0.0346925420424816,-0.0356096799760017,-0.00727306538803774
-5.28420906598906,-3.66483475568387,-10.294331378927,-0.064516781835297,0.0764040892990466,-0.0176396124890346,-0.0403664257940894
-5.35243292154545,-3.59552798168193,-10.6268579691398,-0.036041832291587,0.0932790776383703,-0.0321820232648022,-0.0239723036364277
-5.44423700348758,-3.48804934697089,-10.6652675858351,-0.0324333165972226,0.094594291447763,-0.0593707653449087,0.0128843432632797
-5.50392401006044,-3.40705774344969,-10.792555178229,-0.0201627349017426,0.0979462307660793,-0.0395242716711142,-0.0169546272448811
-5.66957593620076,-3.40342738390868,-10.1702515989938,-0.0734766706576565,0.0678319900125765,-0.0921752554826671,-0.0642016304715698
-5.72207417343505,-3.32907768780025,-10.9888021092737,-0.000677212652592611,0.099997706888824,-0.0518210245816988,-0.0256480107803942
-5.64856701640888,-3.24590632683544,-12.3835943056853,0.0983342860392087,0.0181760333725236,-0.0248271290130297,0.0649953275922877
-5.61121670305809,-3.20530243081177,-12.389371668627,0.0984376539041496,0.0176076203345841,-0.0610873405533656,0.0229962756890885
-5.59013632306553,-3.15582404575087,-12.454218328153,0.0993717521648114,0.0111917322919779,-0.0782913721722487,0.0382866527689218
-5.51951964199542,-3.1622432695778,-12.3324399037862,0.0972762761851158,0.0231802953293757,-0.0266595951150119,-0.0295995191563021
-5.46776937629324,-3.12577686222892,-11.9691516792926,0.0826902728564443,0.0562344980854883,-0.0309400071542605,-0.0197680907366116
-5.58195976072095,-3.24783746447844,-14.0132347029228,0.0123615231778689,-0.0992330224508102,-0.126551907605579,-0.0228275797987072
-5.71216138046421,-3.37355794857368,-14.2862855354325,-0.0148566566053622,-0.0988902409467706,-0.115344963137895,-0.0268302431484719
-5.68323045337929,-3.50429761015433,-13.6215052614175,0.0493110596232531,-0.0869966631476862,-0.0203801325383353,-0.0437429984329638
-5.69625633338483,-3.59530804785189,-13.8733194736942,0.026079679393317,-0.0965393718787407,-0.0391055593988607,0.0055289341811835
-5.7216531170526,-3.64547772479612,-14.7273332929799,-0.0556499243713203,-0.0830848115931326,0.0302531407035591,0.0329151346489027
-5.81104265838422,-3.75391014333859,-14.6461193038837,-0.0487262659478461,-0.0873255461292959,-0.0406632753837819,-0.0211068724131782
-5.83463204517644,-3.76249514182715,-16.6568098342658,-0.0582620923159273,0.0812744030982102,0.0346727055237146,-0.0898594015867715
-5.69881997675736,-3.6873273022968,-18.4094896042522,0.0904723414080899,0.0425999464804597,0.0453397270109903,0.0325678930498907
-5.58094782289784,-3.67871453035981,-19.1817811573801,0.0945318929716622,-0.0326147391710284,0.0233402608878563,0.0412275111080209
-5.50251412139921,-3.67253051285563,-18.8708122633359,0.0999774092472917,-0.0021254741117116,-0.0215437077486627,0.00830949161588546
-5.48072702220488,-3.7312374390872,-19.0494026300984,0.0980097020634072,-0.0198519092644046,-0.0762226028690769,-0.0388550169671578
-5.5208287735489,-3.81976527282215,-20.662805095676,-0.0240084452744379,-0.0970752005174562,-0.0160933060695854,0.00854736678249823
-5.59482587403621,-3.82757146022602,-21.6658450608238,-0.0947553767982935,-0.0319596396696431,0.0207582763109873,0.0241534522657747
-5.68905377241966,-3.89005011358283,-21.3140737764938,-0.0779408735574187,-0.0626515780256688,-0.0162870248260347,0.000172924668861985
-5.68065019461543,-3.91956514861621,-20.3561790140407,0.00641291969500026,-0.0997941604553367,0.00199065810922683,0.070279125421953
-5.70516211230426,-4.01141373022074,-20.3194151339604,0.0100765805379079,-0.0994910173064034,-0.0345884982267375,0.00764243570187473
-5.64204503856388,-4.15354290216454,-20.5882717578998,-0.0167131484719205,-0.0985934615892735,0.0798302222123031,-0.0435357103545249
-5.66130792616966,-4.306798128704,-20.7505162770289,-0.0324198202126188,-0.0945989178446639,0.0131569326068384,-0.0586563086947973
-5.80755092937779,-4.30516549757812,-21.8148865215262,-0.0984506020935093,-0.0175350776281572,-0.0477924011146253,0.0191677087540425
-5.94822945486546,-4.19587316396654,-22.2428833087355,-0.0968481784089245,0.0249084391095294,-0.0438303470787407,0.0843838945020412
-6.04656148201694,-4.26638404981883,-21.6879675044169,-0.0954391586415331,-0.0298557699246942,-0.00289286850994586,-0.0406551159275881
-6.14484377525802,-4.26463325660271,-22.0765793269768,-0.0996353012231007,0.00853268716067712,0.00135300798202387,-0.00678189394455719
-6.21744044000774,-4.36353921186037,-21.2996642749905,-0.0770300353532584,-0.0637681241175853,0.00443337060353066,-0.0351378311400743
-6.29035497490759,-4.34918951478784,-22.7599098643091,-0.07187724288597,0.0695245421064482,-0.00103729201387814,-0.0551748450339202
-6.3491374775467,-4.25383113109759,-23.1461141638707,-0.0403950013122488,0.0914781059542852,-0.0183875013268615,0.00388027773596811
-6.32825347960874,-4.10923142989037,-24.0812838219317,0.0496306331414422,0.0868147467541061,-0.0287466352034791,0.0577849544531079
-6.43958124762399,-4.03143487398255,-22.7835057344733,-0.0702168945996828,0.0712010373012714,-0.041110873415569,0.0065955186065465
-6.53598383716268,-3.9633190483157,-23.6025379425195,0.00405818933466262,0.0999176215655879,-0.100460778873353,-0.0318017958987356
-6.63137054460578,-3.91169393490161,-23.3546953671615,-0.0205769074699937,0.0978600576280809,-0.0748097999730994,-0.0462349442139871
-6.74098314555376,-3.92341216020996,-22.4232254060869,-0.0908098019822132,0.0418757670252287,-0.0188027989657744,-0.0535939923335791
-6.73223806687614,-3.85980011437143,-23.7542232919169,0.019109579147478,0.0981571392452239,-0.0103645004698532,-0.0345450934066931
-6.72479616051329,-3.94708468566433,-21.0911804452603,-0.0621634932686773,-0.0783307098438097,0.0696053996315271,-0.00895386144909827
-6.76856312200564,-4.04232331955633,-21.1862556341952,-0.0693188402505441,-0.0720756435026392,0.0255518787581916,-0.0231629903893564
-6.90384619309426,-4.09623413849324,-21.2183815857119,-0.0715981724987978,-0.0698119022433309,-0.0636848985898251,0.0159010833064266
-6.94054008231837,-4.19719776832394,-20.4404591299782,-0.00201055268478718,-0.0999797863465496,-0.034683336539322,-0.000983843484151148
-6.92268702591051,-4.29187816774817,-20.6733076056406,-0.0250266357062236,-0.0968177024372505,0.0428796921140826,0.0021373030130194
-6.89615350239892,-4.42518375544747,-20.2981579560745,0.0121890429643013,-0.0992543562349503,0.0143444805472885,-0.0340512314643489
-6.95727740491896,-4.45061093461205,-21.8836000269411,-0.0994222227255984,-0.0107341337937215,0.0382983202055662,-0.0146930453708611
-6.94596195255457,-4.51681100052076,-20.1578303359082,0.0259516882681318,-0.0965738571044654,-0.0146362359037475,0.0303737911957596
-6.98006597673032,-4.55178797948124,-21.4945021673388,-0.0879185421731371,-0.0476479794130906,0.0538145179973917,0.0126710004526047
-7.08230899131104,-4.52457267365896,-21.9700214292783,-0.0999776830155402,-0.00211255741795608,-0.00226533156518727,0.0293278632402374
-7.1421528736972,-4.41465612085864,-23.0630582891227,-0.0478448152460011,0.0878115804098527,-0.011999067140156,0.0221049723904656
-7.12425283403031,-4.3263935609455,-23.2203721528507,-0.0334969395608914,0.094222900825935,0.051396979227782,-0.00596034091278996
-7.20342355125208,-4.25066457599327,-22.708848059136,-0.0753320663368363,0.0657653387539553,-0.00383865088493707,0.00996364619827617
-7.25443937391802,-4.18296029869344,-22.6771696057337,-0.0773772665029118,0.0633463387145411,0.0263614438369757,0.00435793858528521
-7.33358872269317,-4.06224463534476,-22.8794275156756,-0.0630748480416788,0.0775987341682783,-0.0160745007334704,0.0431169291803961
-7.39463369831144,-4.03322958633499,-22.267251179274,-0.096212520388317,0.0272607945688987,0.0351675447700419,0.0017542544408764
-7.39073684713545,-4.08730595614809,-21.2033830829574,-0.0705430847121827,-0.0708778752453106,0.0744399358881793,0.0168015054322099
-7.3660185202691,-4.22723527706088,-21.1284093873919,-0.0650359150039,-0.0759626866270901,0.0897542418702493,-0.0639666342857024
-7.31073686497186,-4.33699903626203,-20.1471456885167,0.0269820449153388,-0.0962910652770372,0.0282996103818967,-0.0134726939241068
-7.30307857853455,-4.4506435120546,-20.6763845995438,-0.0253244242416152,-0.0967402374238904,0.032982710678926,-0.0169042383686846
-7.29941793215011,-4.63761943267903,-20.4298325044981,-0.000948011415835803,-0.0999955062708092,0.00460865780028286,-0.0869804143536235
-7.3058817154555,-4.81247474448682,-20.1554651488675,0.0261800307021998,-0.0965122064426665,-0.0326438140075904,-0.0783431053651213
-7.39676031309561,-5.0078650246976,-20.8792146468055,-0.0442928469230027,-0.0896556953654114,-0.0465857507171119,-0.105734584845371
-7.35386806247097,-5.07344058259265,-19.1168480593309,0.0964489634028832,-0.0264120703184984,-0.0535567127782457,-0.0391634875765483
-7.29024328230821,-5.12087398924398,-19.3393417708497,0.0882433623235453,-0.0470436925191412,-0.0246185821607821,-0.000389714132183805
-7.16444739598955,-5.20976280132313,-19.9270620278851,0.0473526405157226,-0.0880779622617868,0.0784432458029354,-0.000810849817368897
-7.07198066569222,-5.2752966539901,-19.3250989219115,0.0889044255584381,-0.0457821266011544,0.00356230473889418,-0.0197517260658153
-7.04409144349098,-5.29912864029086,-19.1903314817675,0.0942495742698329,-0.0334218154796422,-0.0663603520685925,0.00958982917888163
-7.00501882392542,-5.37666055212732,-19.1759482590243,0.0947205222407009,-0.0320627925553729,-0.055647902675144,-0.0454691192810839
-6.94658138738436,-5.32436692920174,-17.9569128572772,0.0627355979931983,0.0778732607795244,-0.00429816145213735,-0.0255796378539426
-6.87214638549908,-5.33071287385323,-18.0669651437429,0.0709089113476455,0.0705118875899075,0.00352609053763686,-0.0768578322413993
-6.80586734967025,-5.17803707355787,-17.6752258688831,0.0386161140655188,0.0922431338066896,0.0276629217633051,0.0604326664886674
-6.84373562418594,-5.08474480877451,-16.6646906192449,-0.0576197836248654,0.0817310255351277,0.0197515091091791,0.0115612392482398
-6.76221847495806,-4.95008418077439,-17.3174062998608,0.00386370855894606,0.0999253309034878,0.0776534406689393,0.0347352970966268
-6.91115637739645,-5.00399121548303,-15.574793106402,-0.099114595067225,-0.0132776897335347,-0.0498233073711649,-0.0406293449751027
-6.95646435990537,-4.97319363658547,-15.8258408631731,-0.0993060477320533,0.0117604797452803,0.0539980652231336,0.0190370991522832
-6.97445849782966,-4.92576939390671,-16.5046924283983,-0.0699049335020322,0.0715073441827933,0.05191079557774,-0.0240831015040324
-7.00656814664573,-4.99141835787917,-14.3681633854843,-0.0228947614553933,-0.0973438744754935,-0.00921488736067566,0.0316949105030302
-7.07279581232646,-4.93872727637645,-16.1486769903587,-0.0904447430264252,0.0426585098061795,0.0242170773456909,0.0100325716965384
-7.20904418010216,-4.89418989552455,-15.9835593728291,-0.096226315618895,0.0272120595033305,-0.0400220521568055,0.0173253213485709
-7.32306618000065,-4.83935005169239,-15.9553599126162,-0.0969553218019535,0.0244880700399122,-0.0170666780965334,0.0303517737922436
-7.3419657287385,-4.70456842402583,-17.3733534935038,0.0094452890737851,0.0995529332280704,-0.028344837811634,0.0352286944384952
-7.24945611157982,-4.67296979017749,-17.8954820923944,0.0578364556015735,0.0815778426010839,0.034673161557107,-0.0499792087527458
-7.24516229522458,-4.61376098099842,-17.5793948539495,0.0296127033290524,0.0955148564441445,-0.0253188869738104,-0.0363060472650787
-7.25891282594449,-4.52795882489086,-17.4590720742859,0.0179336995706876,0.0983787701676958,-0.0316842302905993,-0.012576614060134
-7.16313261178083,-4.46324472093696,-18.5186460131064,0.0945747102455126,0.032490370603878,0.00120550391814689,0.0322237333500208
-7.0927760792433,-4.51769536564126,-19.5105352609569,0.0789391403249275,-0.0613890228360202,-0.00858260778739783,0.00693837813172005
-6.98599213227163,-4.50385299580964,-19.2896654926749,0.0904704987117781,-0.0426038597176611,0.0163134482598934,0.0564462295492794
-6.88843327519792,-4.52165906745719,-19.5129855931669,0.0787884799952281,-0.0615822654669471,0.0187703770784751,0.0437761938194066
-6.77663795331951,-4.48701761501015,-18.4196664882213,0.0909011836140406,0.041677029855383,0.0208941382643744,-0.00703557740834704
-6.6660145972781,-4.53466828704009,-18.5525891730233,0.0956228480018571,0.0292621075798332,0.0150005080395506,-0.0769127796097737
-6.55279786386822,-4.48448212984236,-17.8657659773189,0.0553871015151078,0.0832602485328692,0.0578296318947693,-0.0330740913351377
-6.49589550000201,-4.3729727130291,-17.8473236812848,0.0538422595888608,0.0842674971882145,0.00306010427735437,0.0272419196250424
-6.38963018264187,-4.36374062705476,-18.2518749411215,0.0826642811423786,0.0562726987376098,0.023601036217757,-0.0470406127632637
-6.27191553444152,-4.40585415215629,-18.966830006672,0.0993131272149786,-0.0117005454052996,0.018401520985373,-0.0304129796962336
-6.14548276498173,-4.37384827807319,-18.700665178607,0.098893623488952,0.0148341239453298,0.0275391459708345,0.0171717501377713
-6.04342067817609,-4.4626340367994,-19.5785885768227,0.0745819146411346,-0.0666148482581963,0.0274801721645073,-0.0221709104680197
-5.99340583629727,-4.52600468061858,-19.4130742059005,0.0845381006981596,-0.0534163788584346,-0.0345232588193429,-0.00995426496074003
-5.97090003872726,-4.48090597637855,-18.1575603675531,0.0769974235887945,0.0638074976839537,-0.0544916260187769,-0.0187087934439285
-5.99581053916629,-4.38199091610169,-17.2591632261707,-0.00195951143719708,0.0999807997313859,-0.0229509890018385,-0.00106573945452437
-6.04906918758856,-4.31318530729538,-16.5991824555112,-0.0628464162814163,0.0777838541124245,0.00958776785915205,-0.00897824530611002
-5.91087378684263,-4.34748045853659,-19.109340073141,0.0966445446046999,-0.0256871952176599,0.0415508561412263,-0.00860795602355013
-5.88991259340196,-4.43217134562833,-19.4270907504636,0.0837811079685241,-0.0545960250161723,-0.0628199145278519,-0.0300948620755741
-5.88237271334084,-4.51922741409367,-19.7781683311661,0.0598945726506063,-0.0800789620749498,-0.0523546925894838,-0.00697710639038585
-5.83720554356299,-4.59469210534025,-19.9606216966348,0.0443706651029411,-0.0896172086059516,0.000796504674907439,0.0141525173593671
-5.92010973949743,-4.68626961934306,-20.9232645569433,-0.0481979293109673,-0.0876182607116519,-0.034706266623477,-0.00395925329115077
-6.05167840770151,-4.80252799601276,-20.8098667093918,-0.0379739290960198,-0.09250935471081,-0.093594739108056,-0.0237490219588956
-6.16690972878107,-4.85503636171258,-21.4921239842236,-0.087804978037095,-0.0478569308659182,-0.0274263430424639,-0.00465143483389818
-6.20551191360706,-4.81997406990781,-23.2406595341818,-0.0315786417007099,0.0948830300335006,-0.00702354312528897,-0.0598207382287317
-6.100122947617,-4.77329614584029,-24.2254163125649,0.0615855539667126,0.0787859095436051,0.0438034120233493,-0.0321079854760842
-6.00836790171823,-4.84497213442387,-25.4983165301925,0.0933918253136383,-0.0357486638154054,-0.0016367794148664,-0.0359273247681742
-5.94503978720076,-4.91472255024719,-26.4353405979771,0.0264993284212061,-0.0964250257621177,0.0368287860962617,0.0266746099388002
-5.94506586627212,-4.98931758054737,-26.6998988536706,0.000363869381316468,-0.0999993379931755,-0.000389948452676592,0.0254043076929871
-5.9870584390256,-5.08461568461813,-27.82297542807,-0.0899855390919673,-0.0436188348575249,0.0479929663384908,-0.0516792692132348
-6.01957798425282,-5.14909184131239,-27.2482761902758,-0.0518194572252629,-0.0855262758038671,0.0192999119980399,0.0210501191096069
-6.00362493748154,-5.26000659905211,-26.9238521618057,-0.021853663575431,-0.0975828744623353,0.037806710346711,-0.0133318832773823
-5.94885950458481,-5.38671428354719,-26.2582068480185,0.043075635686831,-0.0902468260393429,0.0116897972099022,-0.0364608584557344
-5.88392899733917,-5.43315228489978,-26.7848110451185,-0.00811840454357228,-0.0996699127503727,0.0730489117892095,0.0532319113977833
-5.91806576893616,-5.53649106771199,-27.4615638827074,-0.0687489515109791,-0.0726194303622732,0.0346121799139922,-0.0307193524499416
-5.94967313662867,-5.6927356555371,-27.047996917441,-0.033768784662834,-0.0941258157063998,0.00216141697032235,-0.0621187721187075
-6.05642401993585,-5.6145588933719,-27.731680210673,-0.0856341314888477,-0.051641025591585,-0.0211167518183313,0.12981778775679
-6.13948093396812,-5.50686815729052,-29.1367568679881,-0.0650599313099777,0.0759421183398316,-0.0179969827222894,0.031748617741544
-6.24641285713666,-5.52524258938261,-27.81908261333,-0.0898150576576863,-0.0439688005061144,-0.0171168655108538,0.0255943684140281
-6.31501994076302,-5.6436446737432,-27.3527669349821,-0.0604572747580292,-0.0796549931192777,-0.00814980886833716,-0.0387470912413161
-6.34495714157423,-5.73708384423233,-27.2988254455457,-0.0560747146966016,-0.0827987099639525,0.0261375138853968,-0.0106404605251744
-6.32073201794962,-5.76547768781333,-26.3132427214312,0.0380461093308503,-0.0924796927156713,-0.013820985706241,0.0640858491346692
-6.2598094007711,-5.81959809014441,-25.9215082802731,0.070472060941382,-0.0709484927723919,-0.00954944376286981,0.0168280904413129
-6.28755757820428,-5.84810881369532,-27.275055746496,-0.0540909592811951,-0.0841080740716377,0.0263427818480242,0.0555973505207312
-6.37028052973284,-5.87805878632004,-27.4588593432757,-0.068552298204387,-0.0728050987973837,-0.0141706533241788,0.0428551261726584
-6.45360494535764,-5.97040818361195,-27.1922470614509,-0.0469486851287944,-0.0882939463648404,-0.0363757304960011,-0.00405545092706694
-6.47356706498298,-6.09874339031849,-27.1368913756345,-0.0419916959833006,-0.0907562530542445,0.0220295763579532,-0.037578953652297
-6.50117318973347,-6.16797457463531,-26.3634242002116,0.0333593956237543,-0.0942716856941566,-0.0609655203742356,0.0250405013773345
-6.47113758774668,-6.23921501493641,-26.3557819458936,0.0340788626508017,-0.094013994279723,-0.00404326066401417,0.0227735539786287
-6.44816091656961,-6.2765112719853,-25.8092426727796,0.0779767823132828,-0.0626068799739047,-0.0550001111362146,0.025310622925014
-6.37938223703455,-6.21714962853794,-24.7909907304808,0.0942169452844599,0.0335136870735688,-0.025438265749397,0.0258479563737946
-6.35290830401054,-6.23423709861078,-24.9288026012855,0.0979276493616253,0.020252789696893,-0.071453716337615,-0.0373402597697421
-6.3706962989315,-6.16305827426261,-24.3205092173228,0.0687880099570456,0.0725824337298592,-0.0865760048780047,-0.00140360938168183
-6.3947198321406,-6.11110483329191,-24.409234618136,0.07494889063946,0.0662016902496777,-0.098972423848565,-0.0142482492789773
-6.32711058538684,-6.18457222673816,-25.1815351759516,0.0998809811523094,-0.00487745876989403,-0.0322717343985452,-0.0685899346763614
-6.31520703602026,-6.20516512831733,-24.8383424876426,0.0956976779292142,0.0290164511778473,-0.0837941285626407,-0.0496093527570141
-6.26640762883214,-6.30703852615439,-25.2474395433076,0.0993429356509052,-0.0114446990462881,-0.0505435284627858,-0.0904286987907694
-6.33492118793765,-6.38860648321169,-27.3159524139409,-0.057484512175101,-0.0818262235471653,-0.0110290469304068,0.000258266489860937
-6.26665949579954,-6.50462910629726,-26.2917966442106,0.0400205349137403,-0.0916425489890918,0.0282411572243735,-0.0243800740964746
-6.28275530691754,-6.44256432915929,-23.7794850348339,0.0215828387235954,0.0976431312107066,-0.0376786498415989,-0.035578354072741
-6.40628816130024,-6.34812572805822,-22.5501938438159,-0.0847761864890882,0.0530377054968193,-0.03875666789361,0.0414008956042577
-6.52155979428509,-6.28764745739832,-22.7846109376905,-0.0701381601161549,0.0712785977381754,-0.045133472868697,-0.010800327078285
-6.63839776440482,-6.27598941398757,-22.4269225345313,-0.0906543616175809,0.0422112155677715,-0.0261836085021478,-0.0305531721570196
-6.75958280464394,-6.26364872653344,-22.3408781232241,-0.0939465415856464,0.0342643739778857,-0.0272384986534711,-0.0219236865237549
-6.94578875210009,-6.34723549885238,-22.051367928799,-0.0998187362595666,0.00601829639873965,-0.086387211196584,-0.0896050687176739
-7.07991984395508,-6.28398472213196,-22.2604139675095,-0.0963966579245217,0.0266023371338451,-0.0377344339304724,0.0366484395865685
-7.18144675881138,-6.29982709486742,-21.6131910736782,-0.0929420302469531,-0.0369022900857718,-0.00858488460934481,0.0210599173503168
-7.3579174335623,-6.28994084389646,-22.0756857678197,-0.0996428859060343,0.00844365373028917,-0.0768277888448843,0.00144259724066576
-7.55735497840676,-6.29640326551591,-21.9887057086123,-0.0999997016203076,-0.000244286408660019,-0.0994378432241518,-0.00621813521078352
-7.60595835350594,-6.35784550353393,-21.0667859483901,-0.0602343489622198,-0.0798237007730005,0.011630973863042,0.0183814627549781
-7.58132975022103,-6.41157851405187,-19.4145412222204,0.0844596470579629,-0.0535403401076641,-0.0598310437730536,-0.000192670410275042
-7.47612254888051,-6.24173603885432,-17.6435887871059,0.0356789733797464,0.0934184717203581,0.0695282279607667,0.0764240034771864
-7.48281328761951,-6.03630470000138,-17.1363832945462,-0.0141895768911246,0.0989881604417966,0.00749883815212371,0.106443178411146
-7.59878720233465,-5.88061572996245,-16.7037619208897,-0.0543832838598484,0.0839193567457422,-0.0615906308552869,0.0717696132931906
-7.65855727631652,-5.76604786158641,-16.4159629051755,-0.0759664261857416,0.065031546902763,0.0161963522038668,0.0495363214732745
-7.70794900139904,-5.61735477416398,-16.7418012603036,-0.0511524754397758,0.0859268541050069,0.00176075035725987,0.0627662333174204
-7.74127540501009,-5.61109710199071,-14.8272732907788,-0.0636619200346407,-0.0771178315145272,0.0303355164235874,0.0833755036877979
-7.64978080597602,-5.56921235799841,-12.408910636257,0.0987628770023041,0.0156810116455463,-0.0072682779682296,0.0262037323467545
-7.62825979829242,-5.46435650517771,-11.4947720071822,0.0478721317114681,0.0877966913123715,-0.0263511240278689,0.0170591615083318
-7.71228735674486,-5.34970740141858,-10.8484444414594,-0.0146599595690206,0.0989195915146978,-0.0693675988834155,0.0157295122444268
-7.85139044987307,-5.25618612031855,-10.4091210189537,-0.055341040638882,0.0832908711744907,-0.0837620524893303,0.0102304099255406
-7.96804119853698,-5.19392014992103,-10.9504370254151,-0.00451219368081819,0.0998981486724693,-0.11213855498309,-0.0376321782749476
-8.09156167768142,-5.10615422436493,-10.8060082690011,-0.0188432705596113,0.0982086103894017,-0.104677208584834,-0.0104426848333015
-8.21878829910063,-4.97209385691549,-10.4831716622048,-0.0490272713924463,0.0871569082735925,-0.078199350026761,0.0469034591758404
-8.36266531468041,-4.90903298078634,-9.91127075977298,-0.0883978008266298,0.0467528481380064,-0.0554792147531487,0.0163080279911494
-8.44708785558936,-4.94503311452373,-8.31738680085965,-0.0446996735538414,-0.0894535588122687,-0.0397228673551062,0.0534534250748804
-8.45010059717584,-5.01120149730232,-7.63684699564717,0.0215432431895037,-0.0976518749071307,-0.0245559847759846,0.0314834921285407
-8.5155305833947,-5.14863466706193,-7.86570283027794,-0.00117209279163891,-0.0999931307565064,-0.0642578934272198,-0.0374400390031084
-8.49363051147989,-5.26952667104615,-7.67915757756789,0.0173934878573856,-0.0984757156874474,0.00450658405742566,-0.0224162882967742
-8.37572922336014,-5.30728047728545,-6.41196061704533,0.0991719911725775,-0.0128419689637616,0.0187292969471713,-0.0249118372755328
-8.29744087633132,-5.2445193707824,-6.17300559395924,0.0993936353294014,0.0109956926114716,-0.0211052883005838,0.0517654138915802
-8.2423528170389,-5.2557037825324,-6.75170767342768,0.0892236514687265,-0.0451568380047499,-0.0341355921763036,0.0339724262547465
-8.29232673698076,-5.32156713919095,-7.71920098761269,0.0134372949959015,-0.0990930830239584,-0.0634112149377604,0.0332297263654051
-8.43517121404015,-5.30588338420782,-9.36070483771818,-0.0997948019606081,-0.00640292914555624,-0.0430496750987892,0.022086684128686
-8.48984108363472,-5.41658227068152,-8.24170688479247,-0.0378083497171301,-0.0925771499435319,-0.0168615198774305,-0.0181217365301642
-8.61805536012534,-5.36151314029346,-10.0455421614345,-0.0813434191596049,0.0581656957271622,-0.0468708573310188,-0.0030965653390993
-8.78994125436542,-5.3523446260368,-8.66952676044723,-0.0728099375472614,-0.0685471589080386,-0.0990759566928165,0.0777156731646955
-8.93990170948047,-5.41800251924688,-9.18734033608377,-0.0971943868739847,-0.0235212916352439,-0.0527660682410662,-0.042136601574835
-9.02123669727533,-5.30680732223279,-9.91543582287805,-0.0882023060764137,0.0471206239644874,0.00686731828155374,0.0640745730495995
-9.08295095038651,-5.33114837899813,-9.64154272959879,-0.0976598364159343,0.0215071232667912,0.0359455833047519,-0.045848180032134
-9.16470234852636,-5.24308348120637,-9.59626746487812,-0.0985331675878618,0.0170650193408136,0.0167817694480092,0.0709998784509422
-9.22358459406544,-5.28307214326765,-9.41365741467239,-0.0999938167364475,-0.00111203168918209,0.0411115711973729,-0.0388766303720898
-9.25370554608292,-5.2997980206043,-9.21629401289571,-0.0978345826717719,-0.020697691500267,0.0677136306542909,0.00397181416361247
-9.31498425470199,-5.33260712862988,-9.25100730665902,-0.0984939833870084,-0.0172897436811456,0.0372152747679362,-0.0155193643444362
-9.40221620639537,-5.34271796574903,-9.44105818612,-0.0999867480058293,0.00162795061927594,0.0127547963124535,-0.0117387877384223
-9.35920702929484,-5.27508078922215,-10.7144977605661,-0.0277390090354632,0.0960757377162959,0.0707481861359884,-0.0284385611894185
-9.25341310275084,-5.30454658884834,-12.3422049547424,0.0974979914406321,0.0222292974482423,0.00829593510336935,-0.0516950970744321
-9.18438721877581,-5.22631827214117,-11.7226138754459,0.0664660692661023,0.0747145343043353,0.00255981470892941,0.0035137824028344
-9.1931520687866,-5.15226283725786,-10.4839030254056,-0.0489635149305769,0.087192741702754,0.0401986649197816,-0.013137306819444
-9.19326748576229,-5.07277596390514,-10.7121484598611,-0.0279646430774713,0.0960103053716092,0.0278492261017877,-0.0165234320188934
-9.12495133980425,-4.9626203044276,-11.1705242045532,0.0174058819305145,0.0984735257529707,0.0509102640275252,0.0116821337245763
-9.02938626328277,-4.92970252054443,-12.9333822204115,0.0933403830295003,-0.0358827660013296,0.00222469349197318,0.0688005498844966
-8.94400696332859,-5.00172668520111,-13.2459500057622,0.0777837125713957,-0.0628465914637421,0.00759558738278443,-0.00917757319294044
-8.86056992724392,-5.00966018517083,-12.9884302026914,0.0912247185617387,-0.040964017421776,-0.00778768247706729,0.0330305174520622
-8.96159942964328,-5.07817398376599,-15.1807096311935,-0.0864192193092714,-0.0503161856063837,-0.0146102830900823,-0.0181976129887822
-8.89508572230879,-5.20332801555415,-14.5676304291297,-0.0417292052332994,-0.0908772437444995,0.108242912567789,-0.0342767880436621
-8.99043357207298,-5.28637595141477,-15.1359921141137,-0.0840835642488155,-0.0541290515639736,-0.0112642855153737,-0.0289188842966386
-8.94508013411163,-5.46098929532548,-14.1982963251132,-0.00610913196753371,-0.0998132180956173,0.0514625699288764,-0.0748001258150954
-8.92258564177867,-5.62943704330785,-14.6716038351938,-0.0509356536229406,-0.0860555587397109,0.0734301459559017,-0.0823921892426638
-8.96162006255033,-5.75228488476505,-14.873477395141,-0.0671558714631988,-0.0740951343073101,0.0281214506915397,-0.0487527071498848
-8.83840562169757,-5.85180143749653,-13.4848632635521,0.0607018718689545,-0.0794687533034528,0.0625125689838093,-0.0200477994280281
-8.90218609267047,-6.00070898041815,-14.8309240827261,-0.0639430363159839,-0.0768849016822729,0.000162565343080345,-0.0720226412393488
-8.84571472582532,-6.05595055068282,-13.2661530388872,0.0764982335147264,-0.0644051261090792,-0.0200268666695802,0.00916355584441231
-8.93599832278981,-6.18693893145971,-14.2158776079628,-0.00786294183758734,-0.0996903914409945,-0.0824206551268993,-0.031297989335902
-9.08101919218563,-6.24212723648123,-15.3263291733782,-0.09280572768309,-0.0372437499348837,-0.0522151417127308,-0.0179445550866331
-9.21303917659665,-6.28554212968497,-15.4606246031826,-0.0969567414548602,-0.0244824485388082,-0.0350632429561628,-0.0189324446649355
-9.14148609169331,-6.35789111052359,-13.8500895380104,0.0283150447313552,-0.0959075504945328,0.0432380401719907,0.0235585696559197
-9.16437107008116,-6.41961224032364,-14.5110230822051,-0.0365207920229811,-0.0930925977186917,0.0136358136351298,0.031371467918639
-9.2078153115051,-6.47969803326868,-15.0899289022648,-0.0815018986279335,-0.0579434251666403,0.038057657203991,-0.00214236777840426
-9.25093264074616,-6.48267429986244,-15.5548353857173,-0.0988298816929148,-0.0152530155892025,0.0557125524518547,0.0122767489954514
-9.29996356098201,-6.48644713522343,-16.1326820119757,-0.0911154664601438,0.0412064530353003,0.0420845462242916,-0.0449792883962905
-9.2870593779769,-6.60468846765123,-14.63001921886,-0.0473140628716216,-0.0880986915599786,0.0602182458767349,-0.0301426408678283
-9.36504391580857,-6.62669987919704,-15.1195361104333,-0.0831814719188623,-0.0555053396477449,0.00519693408719135,0.033493928101938
-9.42869192693529,-6.54768176313732,-15.9816129461756,-0.0962790995830327,0.0270247106086349,0.0326310884563163,0.0519934054510798
-9.50157845490298,-6.47158152410216,-15.915203759692,-0.0978602437014445,0.0205760225187936,0.0249737157337471,0.055524216516369
-9.55467510173092,-6.38642635407853,-15.443236677976,-0.0965164073428727,-0.0261645392396784,0.04341976051494,0.111319709263308
-9.60633680582207,-6.3469102460625,-15.3921090196645,-0.0950531371840073,-0.0310628574261656,0.043391433092852,0.0705789654421962
-9.58772007852572,-6.31242627685633,-16.2054943224754,-0.0878763561466248,0.0477257376097171,0.106493083442977,-0.0132417684035442
-9.56837082477706,-6.19686642525177,-17.5485169025514,0.0266497529164125,0.09638356016196,-0.00730049916775144,0.0191762914425961
-9.43284448836921,-6.14969080816681,-18.6325576944421,0.0976548127388821,0.0215299221766794,0.0378715236689686,0.0256456949082802
-9.27626497416479,-6.22161704948676,-19.4533808728611,0.0823169852773764,-0.0567795203823016,0.07426252892704,-0.0151467209376417
-9.19064359320399,-6.25543137675555,-19.830337370764,0.0556373385229021,-0.0830932401708346,0.0299840424378974,0.049278912902047
-9.06878065311342,-6.270525047849,-19.3143251405578,0.089392502925742,-0.0448216512488241,0.0324704371648288,0.0297279801553731
-9.02236055654323,-6.25552710640279,-19.3231236804005,0.0889946828227947,-0.0456064296922065,-0.0425745862526092,0.0606043711384086
-8.93139138297957,-6.2771319206893,-19.7957264003441,0.0584793808512164,-0.0811181978057845,0.0324897927124468,0.0595133835192767
-8.78766133845309,-6.26723324268826,-19.0277782810741,0.0984160388359206,-0.0177280371120596,0.0453140056905585,0.027626715113104
-8.65902550875685,-6.21585218473434,-18.7908107174914,0.099827499666839,0.00587114216036804,0.0288083300294009,0.0455099157935521
-8.59738507873249,-6.13257276516569,-18.4699004956139,0.0928792390020917,0.037060045364143,-0.0312388089777311,0.0462193742045041
-8.54999830799322,-6.17855616120382,-20.0077945695519,0.0400953722101019,-0.0916098309535248,0.00729139852916916,0.0456264349153979
-8.46491060709955,-6.14136168365137,-18.8622498597603,0.0999919433048076,-0.00126935973157861,-0.0149042424111414,0.0384638372840236
-8.28659064160514,-6.11838522793789,-18.3343709569109,0.0870201605886323,0.0492695813979442,0.0912998049057787,-0.0262931256844596
-8.25393393167616,-6.01104833182417,-17.8219664543917,0.0516883894626717,0.0856055511912351,-0.0190316795336862,0.0217313449224856
-8.35477874663311,-5.83480339934819,-17.0478554368721,-0.0228857778364765,0.0973459869374154,-0.0779590371204719,0.0788989455385596
