X,Y,Theta,FmPi_x,FmPi_y,Xi_x,Xi_y
0,0,0.309618467862283,0,0,0,0
0.0493223666964177,0.0869902531520866,1.05500467092688,0.0493223666964177,0.0869902531520866,-0,-0
0.134574139854892,0.139260083583569,0.550012991331031,0.0852517731584747,0.0522698304314829,0,0
0.207613033451715,0.207563231550204,0.751905123266578,0.0730388935968226,0.0683031479666349,-0,0
0.281334505797387,0.275129084724618,0.741857606897628,0.0737214723456718,0.0675658531744131,-0,-0
0.369041968976898,0.323164497730178,0.501058430521986,0.0877074631795109,0.0480354130055602,0,0
0.459031801583858,0.366774473966944,0.451260011649396,0.0899898326069599,0.0436099762367666,0,-0
0.536923753871384,0.429486863244005,0.677855266395293,0.0778919522875269,0.062712389277061,-0,0
0.587846803107122,0.515549881181646,1.03650589442622,0.0509230492357374,0.0860630179376407,-0,0
0.565992818381034,0.613132683721806,1.7911142241441,-0.021853984726088,0.0975828025401603,-0,0
0.5080720914609,0.694650714813358,2.18855222043699,-0.0579207269201338,0.0815180310915523,-0,-0
0.532685433033049,0.791574310581637,1.32210741666246,0.0246133415721492,0.0969235957682788,0,0
0.568001531358385,0.885130567449231,1.20984867074045,0.0353160983253359,0.0935562568675939,0,-0
0.59503006558778,0.981408593693076,1.2971069344238,0.0270285342293945,0.0962780262438447,0,0
0.575237272389604,1.07943025118475,1.77003990670639,-0.0197927931981756,0.0980216574916699,-0,-0
0.600527342807262,1.17617947515202,1.3151190732045,0.0252900704176576,0.0967492239672749,-0,-0
0.657170808786088,1.25859014049277,0.968623245963417,0.0566434659788259,0.082410665340753,0,0
0.699399285658578,1.34923646276251,1.13483195107051,0.0422284768724906,0.0906463222697398,0,-0
0.77245272077971,1.41752405766087,0.751692202186431,0.073053435121132,0.0682875948983602,-0,0
0.869306665465936,1.39263804956963,-0.251503130382099,0.0968539446862261,-0.0248860080912439,-0,0
0.96213259070398,1.42983143075098,0.381091420393137,0.0928259252380439,0.0371933811813484,0,-0
1.06012054037813,1.40987242980763,-0.200939493777555,0.0979879496741482,-0.0199590009433488,-0,-0
1.14157749810077,1.35186584364216,-0.618809542892364,0.0814569577226431,-0.0580065861654652,-0,-0
1.19898100172756,1.26998276986395,-0.959371131667053,0.0574035036267909,-0.0818830737782174,0,0
1.2713066910398,1.20092486180478,-0.762289403881088,0.0723256893122424,-0.0690579080591715,0,-0
1.36535275747267,1.16693460748821,-0.346813268887214,0.0940460664328654,-0.0339902543165695,-0,0
1.45432736034979,1.12128901577489,-0.474007857503673,0.0889746028771222,-0.0456455917133123,-0,-0
1.54858647902272,1.0878941277379,-0.340489871096375,0.094259118672927,-0.0333948880369895,-0,0
1.64681254845612,1.10664617519053,0.188637230423409,0.0982260694333968,0.0187520474526254,0,-0
1.73799975961555,1.14769361750993,0.422974275128638,0.0911872111594358,0.0410474423193999,-0,0
1.83361409156336,1.17698353943153,0.297257636946058,0.0956143319478131,0.0292899219215997,-0,-0
1.93236055147288,1.19276760276576,0.158503490079396,0.0987464599095118,0.0157840633342361,0,0
2.02601916464849,1.22781134939795,0.35803814890938,0.0936586131756145,0.0350437466321826,-0,0
2.08851037827984,1.14974184050439,-0.89577734438623,0.0624912136313509,-0.078069508893555,0,0
2.11904126666981,1.05451650325574,-1.26053354282932,0.0305308883899634,-0.0952253372486525,0,0
2.11627871332101,0.954554669043902,-1.5984253753203,-0.00276255334879169,-0.0999618342118385,-0,-0
2.15933889641953,0.864300468966994,-1.12563683814152,0.0430601830985144,-0.0902542000769073,-0,0
2.20273499013282,0.774207300244683,-1.12191169118126,0.0433960937132958,-0.0900931687223113,-0,-0
2.24883480612564,0.685467191131448,-1.09167664387946,0.0460998159928132,-0.0887401091132345,0,0
2.30606071281106,0.603459901187007,-0.961538396023823,0.0572259066854189,-0.0820072899444417,-0,-0
2.37674440362266,0.532722246057301,-0.785779748759412,0.0706836908116064,-0.0707376551297061,0,0
2.46484184088582,0.48540584776174,-0.492878787073095,0.0880974372631568,-0.0473163982955609,-0,0
2.56472058730816,0.480482839220115,-0.0492499928185693,0.099878746422345,-0.00492300854162431,0,0
2.65830614972563,0.51572120619428,0.360116934765129,0.0935855624174695,0.0352383669741649,0,0
2.75823703602149,0.512003953966532,-0.037181088414703,0.099930886295856,-0.00371725222774831,0,-0
2.85821951358327,0.51013200829198,-0.0187205501905743,0.0999824775617784,-0.001871945674552,-0,-0
2.94960903512968,0.469536991953542,-0.418018276100519,0.0913895215464112,-0.040595016338438,0,0
2.97463657440302,0.372719523085979,-1.31783163681243,0.0250275392733364,-0.0968174688675634,-0,-0
2.96531091364863,0.273155312390096,-1.66418863836209,-0.0093256607543901,-0.0995642106958822,0,-0
2.89216624214104,0.20496545221978,-2.39123746890295,-0.0731446715075863,-0.0681898601703163,-0,-0
2.82097450549536,0.134739127857955,-2.36302103893931,-0.0711917366456795,-0.0702263243618247,0,0
2.72369688912727,0.111564457337248,-2.90771976564473,-0.0972776163680867,-0.0231746705207077,-0,0
2.62604667996253,0.0900136650065165,-2.92438070793358,-0.0976502091647412,-0.0215507923307312,-0,-0
2.52943267703834,0.115815495154084,-3.40256314254089,-0.0966140029241937,0.025801830147567,-0,-0
2.43097112819172,0.133289000776188,-3.31722933182806,-0.0984615488466147,0.0174735056221042,0,0
2.33212463640012,0.148434001947954,-3.29362769498491,-0.0988464917916017,0.0151450011717667,-0,0
2.2371422328624,0.117155526630298,-2.82346916873886,-0.0949824035377225,-0.0312784753176565,-0,0
2.16583208193272,0.0470494471907358,-2.36470866421599,-0.0713101509296805,-0.0701060794395621,0,0
2.09815467211406,-0.0265696277846889,-2.31416820284597,-0.0676774098186596,-0.0736190749754246,0,0
2.05857022478233,-0.118401384434779,-1.97778358325429,-0.0395844473317325,-0.0918317566500897,0,-0
2.05752737946172,-0.218395946655118,-1.58122496903049,-0.00104284532060465,-0.0999945622203392,0,0
2.00321021039045,-0.302358111611022,-2.1450063644103,-0.0543171690712759,-0.083962164955904,0,-0
1.94236150514942,-0.381714491760889,-2.22494899802963,-0.0608487052410299,-0.0793563801498673,0,-0
1.84983115046697,-0.419637221915,-2.75263157581109,-0.0925303546824419,-0.0379227301541109,0,-0
1.77896152881735,-0.490188598423462,-2.3584448250656,-0.0708696216496267,-0.070551376508462,0,-0
1.72193478355383,-0.572334507175203,-2.17762772764445,-0.0570267452635216,-0.0821459087517414,-0,0
1.65221746700377,-0.644024783873363,-2.34224310261359,-0.0697173165500599,-0.07169027669816,0,-0
1.57979533002863,-0.712981538988103,-2.38070089319062,-0.0724221369751395,-0.0689567551147394,-0,0
1.48361017289766,-0.740338723559818,-2.86448806235187,-0.0961851571309686,-0.0273571845717151,-0,0
1.38366486237273,-0.743645520208367,-3.10851865755284,-0.0999453105249323,-0.00330679664854879,-0,-0
1.28578561050715,-0.764130930973976,-2.93527800204525,-0.0978792518655728,-0.0204854107656097,0,0
1.21187639241595,-0.831491360612946,-2.40251798298077,-0.0739092180912061,-0.0673604296389693,0,0
1.19519262710106,-0.930089798607256,-1.73841782050057,-0.016683765314887,-0.0985984379943099,0,-0
1.18613910272727,-1.02967912382042,-1.66145570961968,-0.00905352437379102,-0.0995893252131631,-0,-0
1.16191235919683,-1.12670007463987,-1.81549855582209,-0.0242267435304394,-0.0970209508194509,-0,-0
1.09457641909001,-1.2006316049225,-2.30953970130055,-0.0673359401068176,-0.0739315302826275,-0,-0
1.02553214779686,-1.27297031241439,-2.33289720099926,-0.0690442712931493,-0.0723387074918954,0,0
0.938830359687781,-1.32279801493707,-2.61998225787863,-0.0867017881090809,-0.0498277025226735,-0,-0
0.843235477581245,-1.35215135401523,-2.84367168925601,-0.0955948821065365,-0.0293533390781591,-0,-0
0.783075306602812,-1.43203097486964,-2.21630107962977,-0.0601601709784329,-0.0798796208544189,0,0
0.70927980052644,-1.49951596048076,-2.40083142971281,-0.0737955060763721,-0.067484985611113,-0,-0
0.692630198775819,-1.59812017317751,-1.73807133870832,-0.016649601750621,-0.098604212696749,0,0
0.709257332798003,-1.6967281769815,-1.40374916819338,0.0166271340221845,-0.0986080038039931,-0,0
0.717528460107551,-1.79638553221948,-1.48799045541734,0.00827112730954781,-0.0996573552379816,-0,0
0.692912834958713,-1.89330854805438,-1.81950879758356,-0.024615625148838,-0.096923015834898,-0,-0
0.642275564977212,-1.97954002078227,-2.10176942741307,-0.0506372699815007,-0.0862314727278887,-0,-0
0.55157966265314,-2.02166190703659,-2.70680385190647,-0.0906959023240726,-0.0421218862543248,-0,0
0.4658596029634,-2.07316017270436,-2.60060523697661,-0.0857200596897394,-0.0514982656677632,0,-0
0.385198308177044,-2.13226817151491,-2.5091955512142,-0.0806612947863558,-0.0591079988105554,0,-0
0.285337207201341,-2.13753699604419,-3.08888000024919,-0.0998611009757033,-0.00526882452928389,-0,-0
0.208853141737915,-2.20195894673017,-2.44159027450568,-0.0764840654634257,-0.0644219506859768,0,-0
0.142786642707034,-2.27702703386314,-2.29250059227993,-0.0660664990308817,-0.0750680871329655,0,-0
0.171814477409074,-2.37272125945962,-1.27627863059127,0.0290278347020403,-0.0956942255964853,0,-0
0.137137839314557,-2.46651641269507,-1.92491769051111,-0.0346766380945173,-0.0937951532354517,-0,-0
0.11929544098807,-2.56491178261642,-1.75018082629236,-0.0178423983264869,-0.0983953699213483,0,-0
0.0557103856323442,-2.64209300271179,-2.25990636864258,-0.0635850553557256,-0.0771812200953659,-0,0
-0.0290546680578721,-2.69514849887283,-2.58233751662334,-0.0847650536902163,-0.0530554961610458,0,-0
-0.129019979350689,-2.69251476803423,-3.16793300775572,-0.0999653112928169,0.00263373083860419,-0,-0
-0.228491560658807,-2.68224809807448,-3.24444057296192,-0.0994715813081177,0.0102666699597544,0,-0
-0.300062056284969,-2.61240782204534,-3.91475601165056,-0.0715704956261627,0.0698402760291326,-0,-0
-0.379495305915893,-2.55165949817487,-3.79448099342799,-0.0794332496309231,0.0607483238704695,0,-0
-0.473924621232712,-2.51874894654175,-3.47694882009284,-0.0944293153168191,0.0329105516331275,-0,-0
-0.567797438266603,-2.55321478792306,-2.78971777470797,-0.0938728170338912,-0.0344658413813096,-0,0
-0.658356197427126,-2.59563071817699,-2.70355931475363,-0.0905587591605232,-0.0424159302539312,-0,0
-0.754369808324772,-2.6235840099759,-2.85828505364446,-0.0960136108976461,-0.0279532917989173,-0,0
-0.837574609238048,-2.67905437237766,-2.55358593034289,-0.0832048009132754,-0.0554703624017566,0,-0
-0.89262959884788,-2.76253459829411,-2.15381913588918,-0.0550549896098324,-0.0834802259164483,0,-0
-0.970476204830483,-2.82530326832136,-2.46301462786809,-0.0778466059826031,-0.0627686700272464,-0,0
-1.01518555912963,-2.91475198903973,-2.03430971751401,-0.0447093542991464,-0.0894487207183725,-0,0
-1.07111191182933,-2.99765098224055,-2.16429346228553,-0.0559263526996956,-0.0828989932008179,0,-0
-1.08840949356721,-3.09614358940485,-1.74464656050211,-0.0172975817378801,-0.0984926071643012,0,-0
-1.13740933999652,-3.18331591901639,-2.08288431803739,-0.0489998464293107,-0.0871723296115457,0,-0
-1.22918515403695,-3.22302989586607,-2.73319445861663,-0.0917758140404297,-0.0397139768496743,-0,-0
-1.32916942669619,-3.22480337290346,-3.12385695342148,-0.099984272659243,-0.00177347703738928,0,-0
-1.42527986730824,-3.252421903012,-2.86176989949236,-0.0961104406120563,-0.0276185301085412,0,-0
-1.52445939283754,-3.23963825268102,-3.26977993033059,-0.0991795255292909,0.0127836503309789,0,-0
-1.6160754424508,-3.19955709185376,-3.55399520818529,-0.0916160496132598,0.0400811608272606,-0,0
-1.70610874534827,-3.15603693136036,-3.59185484086889,-0.0900333028974752,0.0435201604934023,0,0
-1.80494394196526,-3.14081839300476,-3.29437169086056,-0.0988351966169914,0.0152185383555928,0,0
-1.90452044407914,-3.13162490472423,-3.23365753740416,-0.0995765021138809,0.00919348828053189,-0,0
-2.00347340739757,-3.11719191991506,-3.28642834970009,-0.0989529633184286,0.0144329848091695,0,0
-2.09982869806433,-3.09044013566569,-3.4124087134133,-0.0963552906667553,0.0267517842493747,-0,-0
-2.19981607615987,-3.08885135576333,-3.15748112109476,-0.0999873780955469,0.00158877990236127,0,0
-2.29944394850114,-3.09747034948369,-3.05529564479353,-0.0996278723412697,-0.00861899372036371,0,-0
-2.3940722609933,-3.06513642805609,-3.4708487920309,-0.0946283124921607,0.0323339214275964,-0,0
-2.48861464394561,-3.03255210934756,-3.47349610623681,-0.0945423829523081,0.0325843187085309,0,0
-2.58641915953853,-3.01171280202619,-3.35152432635721,-0.0978045155929175,0.0208393073213759,0,-0
-2.6530743093532,-2.93716690339197,-3.98281582826633,-0.0666551498146737,0.07454589863422,-0,0
-2.73220215882729,-2.87602131125642,-3.79949190008868,-0.0791278494740873,0.0611455921355431,0,0
-2.7511386347091,-2.77783063002252,-4.52187382076879,-0.0189364758818124,0.0981906812339009,-0,-0
-2.77744400736779,-2.68135251141894,-4.44620293560783,-0.0263053726586871,0.096478118603586,0,-0
-2.82800140094653,-2.5950741830014,-4.18234193030419,-0.0505573935787407,0.0862783284175366,0,0
-2.86480043306807,-2.50209122093351,-4.33554222743921,-0.0367990321215429,0.0929829620678846,-0,0
-2.95169405497018,-2.4525988127002,-3.65934011453339,-0.0868936219021091,0.049492408233317,-0,-0
-3.03369062234191,-2.39535754315405,-3.75103793191393,-0.0819965673717238,0.0572412695461444,0,-0
-3.08226048969165,-2.30794491256998,-4.20522670794078,-0.0485698673497464,0.0874126305840754,0,-0
-3.15906228192221,-2.24390207760638,-3.83664852351688,-0.0768017922305552,0.0640428349635979,0,-0
-3.23538458557611,-2.17928856535885,-3.84410227713377,-0.076322303653903,0.0646135122475278,-0,-0
-3.2740369791728,-2.08706062778435,-4.31552937052698,-0.03865239359669,0.0922279375745037,-0,0
-3.30114552571779,-1.9908050996095,-4.43786843615304,-0.0271085465449873,0.0962555281748444,-0,-0
-3.2264459715527,-1.9243221949833,-5.55592036758989,0.0746995541650924,0.0664829046262002,-0,0
-3.15326601048217,-1.85617020823518,-5.53334778545456,0.0731799610705222,0.0681519867481268,0,0
-3.05396492959408,-1.84436786378774,-6.16488612888513,0.0993010808880953,0.0118023444474371,0,-0
-2.95540962216533,-1.82743117646037,-6.11299808109899,0.0985553074287474,0.0169366873273698,0,-0
-2.85852760197652,-1.80265469236487,-6.03281282885943,0.096882020188813,0.0247764840954972,-0,-0
-2.76642629503348,-1.76370152485074,-5.88306225802013,0.0921013069430373,0.0389531675141373,-0,0
-2.70989455385078,-1.68121417891906,-5.31320698387877,0.0565317411827012,0.0824873459316766,0,0
-2.69328881930984,-1.58260256915451,-4.87921912729274,0.0166057345409381,0.09861160976455,0,0
-2.68973837010353,-1.4826656174778,-4.7479009359924,0.00355044920631127,0.0999369516767117,0,-0
-2.67002177453352,-1.38462860477786,-4.9108552661908,0.0197165955700144,0.0980370126999415,-0,0
-2.586291049867,-1.3299553412314,-5.70472829235786,0.0837307246665162,0.0546732635464543,0,0
-2.54377680964068,-1.23944269361805,-5.15150818876236,0.0425142402263178,0.0905126476133526,-0,-0
-2.4779800176009,-1.16413809776047,-5.4305060690432,0.065796792039787,0.0753045958575771,0,0
-2.44841890810391,-1.06860726082649,-5.01248411926726,0.0295611094969817,0.0955308369339841,0,-0
-2.41918165220862,-0.972976811346664,-5.00909584648531,0.0292372558952924,0.0956304494798241,-0,0
-2.37529797421573,-0.883120132096783,-5.16669271572935,0.0438836779928945,0.0898566792498808,-0,0
-2.28738512512583,-0.835461649484594,-5.78641943040293,0.0879128490899009,0.0476584826121889,-0,-0
-2.19756668912231,-0.87942354837309,-6.73835973505782,0.0898184360035156,-0.0439618988884963,0,-0
-2.11214613076367,-0.931417088449694,-6.82996063120892,0.0854205583586449,-0.0519935400766032,-0,-0
-2.03155068384512,-0.990614841244876,-6.91669559061552,0.0805954469185479,-0.0591977527951824,0,0
-1.93460070226876,-1.01512404507412,-6.53079993236489,0.0969499815763611,-0.02450920382924,0,-0
-1.84067431480928,-1.04944362751349,-6.63350257656287,0.093926387459474,-0.0343195824393709,-0,-0
-1.74724006509991,-1.08508126185201,-6.6475720222769,0.0934342497093729,-0.0356376343385268,-0,0
-1.67554124953712,-1.15478979681649,-7.05450959689513,0.0716988155627853,-0.0697085349644769,0,-0
-1.57574541367505,-1.16117659136388,-6.34709675332743,0.0997958358620711,-0.0063867945473895,-0,-0
-1.47813087152687,-1.18288836607716,-6.50204611516237,0.0976145421481855,-0.0217117747132775,-0,-0
-1.39472919322021,-1.23806227345767,-6.86763328877662,0.0834016783066537,-0.0551739073805132,-0,0
-1.3792955575601,-1.33686410993003,-7.6990259072824,0.0154336356601125,-0.0988018364723597,0,0
-1.32983646006159,-1.42377669632943,-7.33661748194396,0.0494590974985145,-0.0869125863993958,0,0
-1.29990459956521,-1.51919201861691,-7.55000319589387,0.0299318604963797,-0.0954153222874883,0,0
-1.24719763785192,-1.60417422961989,-7.29883300156468,0.0527069617132858,-0.0849822110029754,-0,0
-1.18582920492143,-1.68312937789823,-7.19326310076521,0.0613684329304956,-0.0789551482783438,0,-0
-1.15914356781767,-1.77950300900326,-7.58385200089396,0.0266856371037519,-0.096373631105022,0,0
-1.21761299153069,-1.86062838413748,-8.47848473888078,-0.0584694237130142,-0.0811253751342206,-0,-0
-1.26830118905189,-1.94682993071323,-8.38554542816666,-0.0506881975212063,-0.0862015465757499,-0,0
-1.35402492791143,-1.99832207182177,-8.88386199100078,-0.0857237388595344,-0.0514921411085454,0,0
-1.45376494140138,-2.00552829892229,-9.35265317401851,-0.0997400134899515,-0.00720622710052172,-0,0
-1.49978187789595,-2.09431141418446,-8.33216758562733,-0.0460169364945739,-0.0887831152621621,0,-0
-1.55952366444034,-2.1745044247308,-8.49425896626081,-0.0597417865443821,-0.0801930105463405,-0,0
-1.59579335237316,-2.26769514174304,-8.22514183912335,-0.0362696879328189,-0.0931907170122429,0,-0
-1.66944516598362,-2.33533692137582,-8.68188995747178,-0.073651813610462,-0.0676417796327815,0,0
-1.74709856840297,-2.3983444534073,-8.74312775751129,-0.0776534024193553,-0.0630075320314775,0,-0
-1.82946840813687,-2.45504727081713,-8.82188451039645,-0.082369839733893,-0.0567028174098324,0,-0
-1.85029899403316,-2.55285364428643,-8.06382413558058,-0.0208305858962977,-0.097806373469304,-0,0
-1.93620925303338,-2.60403398620123,-8.88749529040108,-0.085910259000218,-0.0511803419147963,-0,0
-2.0301913625218,-2.63820068191661,-9.07608793754836,-0.0939821094884173,-0.0341666957153766,0,-0
-2.10644461800167,-2.70289566648822,-8.7212003769727,-0.0762532554798706,-0.0646949845716157,-0,-0
-2.20494080831649,-2.72017283331229,-9.25113499685614,-0.0984961903148196,-0.0172771668240725,0,-0
-2.30345624334044,-2.73733992572893,-9.25225243747208,-0.0985154350239528,-0.0171670924166363,-0,-0
-2.38512650159363,-2.79504580859072,-8.80965514741857,-0.0816702582531854,-0.0577058828617846,0,-0
-2.47903090900449,-2.82942548672787,-9.07382079955397,-0.0939044074108661,-0.0343796781371507,0,0
-2.57363631107005,-2.86182638023428,-9.09481399839557,-0.0946054020655595,-0.0324008935064118,0,-0
-2.64367186678488,-2.93320579558433,-8.62987713174616,-0.0700355557148302,-0.0713794153500497,-0,-0
-2.74287809838068,-2.94578051675665,-9.29869697517008,-0.0992062315957943,-0.012574721172321,-0,0
-2.84212591676831,-2.93353835414964,-9.54750745765834,-0.0992478183876274,0.0122421626070121,0,0
-2.91053704394438,-3.00647611994006,-8.607366160732,-0.0684111271760754,-0.0729377657904246,-0,0
-2.99551266415288,-3.05919370685544,-8.86950429496742,-0.0849756202085011,-0.0527175869153794,-0,0
-3.07759988878353,-3.11630489273384,-8.81691825819174,-0.0820872246306534,-0.0571111858783955,-0,0
-3.11545759659872,-3.20886186955882,-8.24224009925431,-0.0378577078151852,-0.092556976824981,0,0
-3.08946865161838,-3.30542570719387,-7.59107391688467,0.0259889449803384,-0.0965638376350534,-0,-0
-3.11885776652443,-3.40100959665773,-8.15227686399873,-0.0293891149060479,-0.0955838894638585,-0,-0
-3.13211342515955,-3.50012714058487,-7.98692951977514,-0.0132556586351214,-0.0991175439271431,0,0
-3.12998019579056,-3.60010438465801,-7.83264772201692,0.00213322936898817,-0.0999772440731354,-0,-0
-3.13184023128113,-3.7000870845014,-7.87258306158453,-0.00186003549056378,-0.0999826998433921,-0,-0
-3.10099261045628,-3.79521029034228,-7.54039093231203,0.0308476208248437,-0.0951232058408813,0,0
-3.10078583772859,-3.89521007656725,-7.8519139052241,0.000206772727695113,-0.0999997862249669,-0,0
-3.11419855802665,-3.99430648888478,-7.98851428840638,-0.0134127202980581,-0.0990964123175308,-0,-0
-3.15260237467851,-4.08663821077152,-8.24814751547098,-0.0384038166518668,-0.0923317218867373,-0,0
-3.21421094526443,-4.16540612321282,-8.51774521929942,-0.0616085705859152,-0.0787679124413,-0,0
-3.21274441898887,-4.26539536913798,-7.83931584549181,0.00146652627556135,-0.0999892459251648,-0,0
-3.13227575648224,-4.32476534769949,-6.91883418873402,0.080468662506629,-0.0593699785615107,0,0
-3.05708282000617,-4.39068971575946,-7.00299778562486,0.0751929364760645,-0.065924368059971,-0,-0
-2.97530486509768,-4.44824287458663,-6.89643934525025,0.0817779549084889,-0.0575531588271674,0,-0
-2.89103342864101,-4.50207896840414,-6.85167622639702,0.0842714364566777,-0.0538360938175137,-0,0
-2.8344700562684,-4.58454462735281,-7.25278011288957,0.0565633723726046,-0.0824656589486683,0,0
-2.7743164922574,-4.66442922372016,-7.20855959011586,0.060153564011006,-0.0798845963673461,-0,-0
-2.7374885651177,-4.75740074507263,-7.47682410586096,0.0368279271396924,-0.0929715213524739,0,0
-2.78264556526497,-4.84662431447949,-8.3225058174828,-0.0451570001472686,-0.0892235694068534,0,0
-2.79356021256889,-4.94602688222414,-7.96334598652085,-0.0109146473039196,-0.0994025677446566,0,-0
-2.79480897820638,-5.04601908484206,-7.86646961492955,-0.00124876563748466,-0.0999922026179174,-0,0
-2.85230105157174,-5.12783999598433,-8.46648890086704,-0.0574920733653598,-0.0818209111422751,-0,0
-2.91848226846373,-5.20280696558225,-8.57721511324808,-0.0661812168919977,-0.0749669695979127,-0,0
-2.96802924235708,-5.28966948556648,-8.37235716662414,-0.0495469738933467,-0.0868625199842373,-0,0
-2.88486769254539,-5.34520466930543,-6.87197129057888,0.0831615498116857,-0.0555351837389462,0,-0
-2.83133328012489,-5.42966807372883,-7.28906651539176,0.0535344124205055,-0.0844634044234024,-0,-0
-2.74331982997397,-5.47714051407616,-6.7778361824322,0.0880134501509236,-0.0474724403473308,-0,-0
-2.65410934609019,-5.52232335999387,-6.75199918617801,0.0892104838837713,-0.0451828459177084,0,-0
-2.55598520342357,-5.54160165415961,-6.47718281144683,0.0981241426666209,-0.0192782941657355,-0,0
-2.45609266040133,-5.53696701840807,-6.23682234172705,0.0998925430222424,0.0046346357515398,0,-0
-2.35621958907518,-5.53193019164091,-6.23279571809104,0.0998730713261471,0.00503682676715529,0,0
-2.25682248670898,-5.54289449924341,-6.39304926113387,0.0993971023662054,-0.0109643076024931,0,-0
-2.1758550154529,-5.48420660783133,-5.65598661672904,0.08096747125608,0.0586878914120781,-0,0
-2.09020398635646,-5.43259361320089,-5.74085893723016,0.085651029096436,0.0516129946304366,0,-0
-2.10484701985032,-5.33367151470871,-4.56543024154357,-0.0146430334938602,0.0989220984921857,-0,-0
-2.15086447387451,-5.24488866768783,-4.23419719957848,-0.0460174540241871,0.0887828470208735,0,-0
-2.19316365404379,-5.15427531681167,-4.27564447202546,-0.0422991801692772,0.0906133508761652,-0,-0
-2.2459267448447,-5.06932794340239,-4.15657973215832,-0.05276309080091,0.0849473734092757,-0,0
-2.29538851100818,-4.98241687570679,-4.19499412292478,-0.0494617661634827,0.0869110676955988,0,-0
-2.37425632341177,-4.920936243255,-3.80373302683943,-0.0788678124035895,0.061480632451791,-0,-0
-2.46477383375361,-4.87843235729719,-3.58059746922085,-0.0905175103418407,0.0425038859578128,-0,0
-2.5647433180029,-4.87596209032144,-3.16629783638909,-0.0999694842492874,0.0024702669757507,-0,0
-2.62809303045262,-4.79858758591245,-4.02632434788516,-0.0633497124497263,0.0773745044089912,-0,0
-2.68496150335528,-4.71633202810801,-4.10748301627584,-0.0568684729026578,0.0822555578044407,-0,0
-2.73914572809443,-4.63228400737332,-4.13976151710948,-0.054184224739146,0.0840480207346831,-0,0
-2.70671963136834,-4.53768724077367,-5.04261935851585,0.0324260967260897,0.0945967665996586,-0,0
-2.61689674379792,-4.49373443803582,-5.82811214943746,0.0898228875704192,0.0439528027378441,0,-0
-2.57514017680964,-4.40286976330822,-5.14315357396104,0.0417565669882791,0.0908646747276045,-0,0
-2.48167413322279,-4.36731559764198,-5.91969178133597,0.0934660435868444,0.0355541656662352,0,-0
-2.39287351099102,-4.32133245408644,-5.80537994148696,0.0888006222317764,0.0459831435555393,0,0
-2.30769105743082,-4.2689497316919,-5.7318475590937,0.0851824535602024,0.052382722394545,-0,-0
-2.20965059930902,-4.24925027557586,-6.08489384466,0.0980404581217991,0.0196994561160395,0,-0
-2.1172296978039,-4.21106157351646,-5.89134810163157,0.0924209015051154,0.0381887020594018,-0,-0
-2.0424293335875,-4.27743103571929,-7.00893262183914,0.0748003642164053,-0.0663694622028318,-0,-0
-1.98137957282114,-4.35663284573883,-7.19729291692151,0.061049760766351,-0.07920181001954,0,-0
-1.92156110289286,-4.43676867203044,-7.21274772544692,0.0598184699282815,-0.0801358262916112,-0,0
-1.92519185683367,-4.53670273842334,-7.89029715511111,-0.00363075394080699,-0.0999340663929039,0,-0
-1.95432264536504,-4.63236567356303,-8.14957536850347,-0.0291307885313669,-0.0956629351396913,0,-0
-1.97536831901705,-4.73012599077065,-8.06602377058227,-0.0210456736520101,-0.0977603172076129,0,-0
-1.9730297212347,-4.83009864183289,-7.83059352397895,0.00233859778234414,-0.0999726510622401,0,0
-1.94809249994204,-4.92693941317534,-7.60194970031602,0.0249372212926626,-0.0968407713424505,0,-0
-1.89992745419333,-5.01457575476959,-7.3514445915369,0.0481650457487107,-0.087636341594253,0,0
-1.81744635625202,-5.07111661152288,-6.88411382357379,0.0824810979413094,-0.0565408567532906,-0,-0
-1.73930994225193,-5.13352414958685,-6.95713294020756,0.0781364140000932,-0.0624075380639714,0,-0
-1.66331741629639,-5.19852519572379,-6.99078351013746,0.0759925259555389,-0.0650010461369411,0,0
-1.56801015805781,-5.22879938484662,-6.59075354839606,0.0953072582385787,-0.0302741891228299,0,-0
-1.46921061696018,-5.24424770769726,-6.43828968860962,0.0987995410976305,-0.0154483228506403,-0,0
-1.37744340491455,-5.28398155716308,-6.69180004664897,0.0917672120456333,-0.0397338494658117,0,0
-1.28497282955178,-5.32204982074416,-6.67371971106983,0.0924705753627676,-0.0380682635810817,-0,0
-1.18634659325332,-5.33856846214108,-6.4491323260258,0.0986262362984614,-0.0165186413969204,0,-0
-1.10446964197256,-5.28115622608491,-5.67165346295514,0.0818769512807553,0.0574122360561651,-0,0
-1.07448831828351,-5.18575643452407,-5.01688585948987,0.0299813236890512,0.0953997915608432,0,-0
-1.07479763218743,-5.08575691290067,-4.70929583641323,-0.000309313903916483,0.0999995216234,-0,0
-1.10148842963368,-4.98938471083138,-4.44220580173682,-0.0266907974462491,0.096372202069286,-0,-0
-1.1603271740165,-4.90852679743107,-4.08332589854251,-0.0588387443828249,0.0808579134003135,0,0
-1.15512872520898,-4.80866200819084,-4.76439691067937,0.00519844880752009,0.0998647892402302,0,-0
-1.10852373492901,-4.72018616470233,-5.19720987598897,0.0466049902799743,0.088475843488511,0,0
-1.0688766008304,-4.62838145481353,-5.12005896359898,0.0396471340986082,0.0918047098888014,-0,-0
-0.991668459409605,-4.56482909137717,-5.59449876496373,0.0772081414207933,0.0635523634363569,0,0
-0.919283081515636,-4.49583375046818,-5.52176062149171,0.0723853778939689,0.0689953409089869,0,0
-0.824683031630863,-4.46341723366272,-5.95305619841227,0.0946000498847724,0.0324165168054584,0,0
-0.75352495265393,-4.3931568052815,-5.50413453463777,0.0711580789769335,0.0702604283812197,0,0
-0.727424994831063,-4.29662291381512,-4.97644650727097,0.026099957822867,0.096533891466389,-0,0
-0.776162417679609,-4.20930359399366,-4.20330885093692,-0.0487374228485463,0.0873193198214576,0,0
-0.8612220434337,-4.15672165729888,-3.69527076558698,-0.0850596257540912,0.0525819366947809,-0,0
-0.96024545185867,-4.1706631272322,-3.0017223365463,-0.0990234084249692,-0.0139414699333229,0,-0
-1.06000462701834,-4.16372720829802,-3.21100757467395,-0.099759175159674,0.00693591893417808,-0,-0
-1.15871846100083,-4.14774037057201,-3.3021499674178,-0.0987138339824871,0.0159868377260161,-0,-0
-1.25853089022207,-4.15386237783715,-3.08033427520764,-0.0998124292212423,-0.00612200726514555,0,0
-1.35152293555892,-4.11708630539773,-3.51819249505699,-0.0929920453368468,0.036776072439425,0,-0
-1.45126138500847,-4.10985846329933,-3.2139341554434,-0.0997384494495507,0.00722784209840137,-0,0
-1.55116838852967,-4.1141701506043,-3.09846240984165,-0.0999070035211953,-0.00431168730497306,-0,-0
-1.62637386103363,-4.18008021740335,-2.42197035349777,-0.0752054725039639,-0.0659100667990522,-0,0
-1.72004469887938,-4.21509127476064,-2.78390350772703,-0.0936708378457498,-0.0350110573572871,-0,0
-1.81726785249975,-4.19168917228865,-3.37780416310056,-0.0972231536203738,0.0234021024719832,-0,-0
-1.90185679895949,-4.13835334814735,-3.70415834388223,-0.0845889464597338,0.0533358241413057,-0,0
-2.00122485725083,-4.12712886635936,-3.25407451136635,-0.0993680582913393,0.0112244817879932,-0,-0
-2.10103630799208,-4.12099092689026,-3.20301065419664,-0.099811450741254,0.00613793946909085,0,-0
-2.19819433141463,-4.14466197428203,-2.902613954866,-0.0971580234225503,-0.0236710473917647,-0,0
-2.28593022899124,-4.19264543264454,-2.64112648989744,-0.0877358975766071,-0.0479834583625139,0,0
-2.35619926684013,-4.26379500973247,-2.34996809729144,-0.0702690378488931,-0.0711495770879268,-0,0
-2.44782395036194,-4.30385642969642,-2.72940556269489,-0.0916246835218091,-0.0400614199639545,0,-0
-2.52904690190159,-4.36219022901713,-2.51876033105056,-0.0812229515396496,-0.0583337993207003,0,0
-2.62866984087603,-4.37086605924223,-3.05472514269298,-0.0996229389744411,-0.00867583022510173,0,0
-2.71571330973528,-4.42009445073483,-2.62688096307093,-0.0870434688592473,-0.0492283914926056,0,-0
-2.81353196072998,-4.44086730604112,-2.93234036878741,-0.0978186509947053,-0.0207728553062894,0,-0
-2.91267568106206,-4.45392574081394,-3.01063430213398,-0.0991437203320718,-0.0130584347728177,-0,-0
-3.01195233481135,-4.46593182345329,-3.02124150183717,-0.0992766537492929,-0.0120060826393548,0,0
-3.11032119179393,-4.48391981878187,-2.96072824102271,-0.0983688569825796,-0.0179879953285743,-0,-0
-3.20971626533613,-4.49490250313223,-3.03154381562048,-0.0993950735422045,-0.010982684350365,-0,0
-3.30657315612563,-4.47002796380805,-3.39297737276361,-0.0968568907895018,0.0248745393241871,0,0
-3.40477581546167,-4.45115370357539,-3.33147423116166,-0.0982026593360386,0.0188742602326544,0,0
-3.50215565667349,-4.4738949991753,-2.91217245099435,-0.097379841211812,-0.0227412955999055,-0,0
-3.60197536304251,-4.46789281453959,-3.20165059783648,-0.0998197063690276,0.00600218463570725,0,0
-3.68820591896561,-4.51853164573852,-2.61060144791462,-0.0862305559230963,-0.0506388311989304,-0,-0
-3.77676424005293,-4.56497972176106,-2.65854445781122,-0.0885583210873175,-0.0464480760225391,-0,0
-3.86693870759842,-4.60820662776746,-2.69458508987569,-0.0901744675454952,-0.0432269060064033,-0,-0
-3.9624944242989,-4.6376872146995,-2.84234030095927,-0.0955557167004806,-0.0294805869320388,0,0
-4.05533845857249,-4.67483536808302,-2.76098841806011,-0.092844034273585,-0.0371481533835178,0,-0
-4.14968583344487,-4.64169064218748,-3.47942978468715,-0.0943473748723813,0.0331447258955381,-0,-0
-4.21362912311155,-4.56480595121065,-4.01862854361364,-0.0639432896666857,0.0768846909768279,-0,0
-4.27944948888481,-4.48952195922381,-3.99395880381411,-0.0658203657732541,0.075283991986843,-0,0
-4.37196586604097,-4.45156514220896,-3.53092214490396,-0.0925163771561627,0.0379568170148481,0,-0
-4.43153836942633,-4.53188398707367,-2.20896436820264,-0.0595725033853575,-0.0803188448647113,0,0
-4.52853337645691,-4.55621439214917,-2.89582183684085,-0.0969950070305805,-0.0243304050754943,-0,-0
-4.61841735279323,-4.6000421322001,-2.68791134771133,-0.0898839763363182,-0.0438277400509335,-0,-0
-4.68901010784527,-4.6708705370541,-2.35452819369178,-0.0705927550520446,-0.0708284048539993,0,-0
-4.78204028758558,-4.70755003619851,-2.76603111049042,-0.093030179740314,-0.0366794991444113,-0,-0
-4.87915687637652,-4.68370956259556,-3.38231554489034,-0.0971165887909312,0.0238404736029546,0,0
-4.97443447386452,-4.65334215544719,-3.4501391259228,-0.0952775974879991,0.0303674071483692,-0,-0
-5.06349004835353,-4.60785474342548,-3.61382351292018,-0.0890555744890108,0.0454874120217039,-0,-0
-5.16303247013439,-4.61741017465603,-3.04589232876055,-0.0995424217808583,-0.00955543123054689,0,-0
-5.25007912792752,-4.66663292719025,-2.6269457451294,-0.087046657793133,-0.0492227525342213,-0,0
-5.33121920938095,-4.72508194071256,-2.51734111412488,-0.0811400814534321,-0.0584490135223034,-0,0
-5.42049657227749,-4.77013249536219,-2.67426113035096,-0.0892773628965369,-0.0450505546496383,-0,0
-5.51107819456995,-4.81249957813722,-2.70409864758858,-0.0905816222924635,-0.042367082775021,0,0
-5.60923061617172,-4.79336578254646,-3.33411776048336,-0.0981524216017674,0.0191337955907579,-0,-0
-5.70859875647651,-4.80458953826218,-3.0291181027083,-0.0993681403047972,-0.0112237557157191,0,-0
-5.80808313060044,-4.81473149592187,-3.03999840147738,-0.0994843741239244,-0.0101419576596952,-0,-0
-5.90715108428874,-4.80111016882015,-3.27823069892332,-0.0990679536883037,0.0136213271017225,-0,0
-6.00706303851883,-4.80530557129497,-3.09962631158888,-0.0999119542300835,-0.00419540247481806,-0,-0
-6.10703702340998,-4.80758643625894,-3.1187820258459,-0.0999739848911512,-0.00228086496397044,-0,-0
-6.18029792122026,-4.87565141148137,-2.39294348211236,-0.0732608978102888,-0.068064975222433,0,-0
-6.27721366905121,-4.90029563641075,-2.89258509445256,-0.0969157478309401,-0.0246442249293751,0,-0
-6.34471497973977,-4.97407621010956,-2.31177879353738,-0.0675013106885641,-0.0737805736988128,0,0
-6.4445871912759,-4.97913005645491,-3.09103265168441,-0.0998722115361306,-0.00505384634534783,-0,-0
-6.5434829013023,-4.96430984935872,-3.2903426725617,-0.0988957100264009,0.0148202070961923,0,0
-6.63459869424611,-5.00551558046763,-2.71688183275233,-0.0911157929438114,-0.0412057311089185,0,0
-6.7312818668131,-5.03105700060009,-2.88331656363247,-0.096683172566986,-0.0255414201324516,-0,0
-6.82835928759628,-5.05505646672091,-2.89923230207411,-0.0970774207831835,-0.0239994661208274,0,0
-6.92774064980351,-5.06616253919659,-3.03030233939624,-0.0993813622072322,-0.0111060724756734,-0,0
-7.02548907832576,-5.08726336196326,-2.92898635691857,-0.0977484285222511,-0.0211008227666689,-0,0
-7.06424311021182,-5.17944863742835,-1.96875822512101,-0.0387540318860581,-0.0921852754650893,-0,0
-7.12921469463961,-5.25546635389591,-2.27800690180991,-0.0649715844277901,-0.0760177164675613,0,-0
-7.1485389934492,-5.35358144690161,-1.76526269390547,-0.0193242988095831,-0.098115093005704,0,-0
-7.22078857380446,-5.422718977509,-2.37820178138216,-0.0722495803552654,-0.0691375306073918,0,0
-7.30118929203505,-5.48218093600353,-2.50480023654619,-0.0804007182305896,-0.0594619584945311,0,0
-7.34798119180423,-5.57055807171177,-2.05773094895847,-0.0467918997691743,-0.0883771357082336,0,0
-7.27652380733395,-5.64051407363203,-0.774781586140422,0.0714573844702752,-0.069956001920259,-0,-0
-7.24608489882236,-5.73576885224509,-1.26149931157432,0.030438908511593,-0.095254778613059,-0,0
-7.19390439139841,-5.82107532705785,-1.02183075475242,0.0521805074239431,-0.0853064748127586,0,0
-7.16927709639303,-5.91799537834094,-1.32196345080727,0.0246272950053835,-0.0969200512830952,-0,0
-7.08743374155315,-5.97545549728054,-0.612116779388639,0.081843354839882,-0.0574601189396017,-0,0
-6.9886964971393,-5.99129710596021,-0.159086275823675,0.0987372444138495,-0.0158416086796684,-0,0
-6.89480599738573,-6.0257147475997,-0.351361469323573,0.0938904997535738,-0.0344176416394873,0,0
-6.79500533934156,-6.03202574228765,-0.0631519152131308,0.0998006580441663,-0.00631099468795466,-0,-0
-6.72130769716569,-6.09961758748896,-0.742210234529494,0.0736976421758716,-0.0675918452013051,-0,0
-6.65149073301066,-6.17121082401431,-0.797958636045888,0.0698169641550307,-0.0715932365253532,-0,0
-6.55255846577297,-6.18578499634798,-0.146262659609779,0.0989322672376835,-0.0145741723336722,0,-0
-6.45617467284333,-6.15913608529151,0.269748573341659,0.0963837929296421,0.0266489110564742,-0,-0
-6.39191478682982,-6.08251580697349,0.872910995574102,0.0642598860135132,0.0766202783180164,-0,0
-6.34644066502072,-5.99345344541884,1.09871469682207,0.045474121809096,0.0890623615546517,-0,-0
-6.28893598225915,-5.91164139581433,0.958134941855137,0.0575046827615688,0.0818120496045132,-0,-0
-6.22298924533058,-5.83646807682099,0.850686323238427,0.0659467369285751,0.0751733189933324,-0,-0
-6.13443665721122,-5.79000907190952,0.483171608717569,0.0885525881193544,0.0464590049114698,-0,0
-6.05173255277538,-5.73379491791371,0.596972928038886,0.0827041044358466,0.0562141539958095,0,0
-5.95678577899227,-5.7024084535034,0.319260635893667,0.0949467737831059,0.031386464410311,-0,0
-5.85857860462999,-5.68355770010262,0.189642212451282,0.0982071743622788,0.0188507534007787,0,0
-5.80907943162713,-5.59666793159083,1.0529710129618,0.0494991730028653,0.0868897685117898,-0,-0
-5.73200010584173,-5.53295939576973,0.690710975363117,0.0770793257853956,0.0637085358211037,-0,-0
-5.69638005794689,-5.4395184401455,1.20659782760993,0.0356200478948412,0.0934409556242294,-0,0
-5.63081581127602,-5.36401129109006,0.855763151590795,0.0655642466708745,0.075507149055442,-0,-0
-5.57258432158074,-5.28271495902108,0.949223050070262,0.0582314896952758,0.0812963320689746,-0,0
-5.50274098531046,-5.21114744978235,0.797590209424265,0.0698433362702844,0.0715675092387319,-0,-0
-5.44526127039722,-5.12931785627552,0.95844009459824,0.0574797149132344,0.0818295935068316,0,0
-5.40313504362072,-5.03862396994588,1.13595966660518,0.0421262267765051,0.0906938863296444,0,0
-5.42051455059125,-4.94014578587721,1.74547841204126,-0.0173795069705321,0.0984781840686618,-0,-0
-5.41589552322499,-4.84025251990703,1.52458961253282,0.00461902736626218,0.099893265970183,-0,0
-5.42827515614843,-4.74102175507736,1.69491106426971,-0.0123796329234432,0.0992307648296676,0,-0
-5.44116109242897,-4.64185546722623,1.70001499349798,-0.0128859362805379,0.0991662878511338,-0,-0
-5.49438847721571,-4.55719824361971,2.13208057787153,-0.053227384786743,0.0846572236065181,-0,-0
-5.49595562378002,-4.45721052411553,1.58646843398069,-0.00156714656430547,0.0999877195041771,0,0
-5.50007203036673,-4.35729528405271,1.6119720268187,-0.0041164065867148,0.0999152400628295,0,0
-5.49609260509842,-4.25737449455155,1.53099156370624,0.00397942526830883,0.0999207895011541,-0,0
-5.473000382199,-4.16007727341156,1.33777090317161,0.0230922228994217,0.0972972211399865,0,-0
-5.3953796406982,-4.09702950985991,0.682168403111069,0.0776207415008053,0.0630477635516532,-0,0
-5.29578394377567,-4.08804635036472,0.0899528550455152,0.0995956969225278,0.00898315949518775,0,0
-5.21205287178527,-4.03337361873974,0.578450662071706,0.0837310719904025,0.0546727316249887,0,-0
-5.11385138779183,-4.01449324423372,0.189943839734526,0.0982014839934335,0.018880374506016,-0,-0
-5.01954546563562,-3.98123075716097,0.339085571106361,0.0943059221562191,0.0332624870727543,-0,-0
-4.9809916246524,-3.88896157842049,1.17500505454668,0.0385538409832154,0.0922691787404707,-0,0
-4.93583169673172,-3.79973949085133,1.10223932911269,0.0451599279206778,0.0892220875691619,-0,0
-4.87067182328227,-3.72388310752039,0.861106212142181,0.065159873449454,0.0758563833309441,0,-0
-4.78571042320317,-3.67114260603813,0.555543348849205,0.0849614000790969,0.0527405014822539,-0,-0
-4.68992920034511,-3.64240313235097,0.291505709035512,0.0957812228580581,0.028739473687161,0,0
-4.60221060226601,-3.59438805606198,0.50082657538787,0.0877185980790994,0.0480150762889888,-0,0
-4.50740643541324,-3.56257343760834,0.323773428455051,0.0948041668527765,0.0318146184536435,-0,0
-4.40745573304401,-3.56571303884075,-0.0314011725050461,0.0999507023692253,-0.00313960123240819,-0,-0
-4.30818794344894,-3.55363388535597,0.121087217097906,0.0992677895950707,0.0120791534847756,0,-0
-4.20842216990893,-3.54679353229758,0.0684569870603519,0.09976577354001,0.00684035305839149,0,-0
-4.11149460406306,-3.57139123501948,-0.248527561084134,0.0969275658458688,-0.0245977027218961,-0,-0
-4.02056384824361,-3.52977876518047,0.429179326898781,0.0909307558194549,0.0416124698390119,-0,-0
-3.95563504656614,-3.45372450354623,0.864148416246137,0.064928801677466,0.0760542616342325,-0,-0
-3.89056920683692,-3.37778744737251,0.862345181474652,0.0650658397292169,0.0759370561737276,-0,-0
-3.81408701637135,-3.31336327068714,0.700031483534321,0.0764821904655765,0.0644241766853662,0,-0
-3.73209622074541,-3.25611373415953,0.609546102940225,0.081990795625935,0.0572495365276101,-0,-0
-3.6517331806638,-3.19660086337647,0.637425797195408,0.0803630400816156,0.0595128707830554,0,-0
-3.59758581719365,-3.112529090294,0.99860737545892,0.0541473634701505,0.0840717730824764,0,0
-3.5224389097414,-3.04655225875167,0.720510410262321,0.0751469074522418,0.0659768315423241,0,0
-3.42963941725017,-3.00929297543369,0.381801475456483,0.0927994924912297,0.0372592833179894,-0,0
-3.37007777611791,-2.92896607517212,0.932763517765341,0.0595616411322613,0.0803269002615669,0,-0
-3.30084235126097,-2.8568102996245,0.806049629050977,0.0692354248569429,0.0721557755476207,-0,-0
-3.24644292596896,-2.77290140541239,0.995606296385473,0.0543994252920136,0.0839088942121074,0,-0
-3.15250593550473,-2.73861085536543,0.350008189534953,0.0939369904642298,0.0342905500469618,0,-0
-3.05259764732232,-2.74289267185629,-0.0428312594848724,0.0999082881824055,-0.00428181649086042,0,-0
-2.96741610667988,-2.79527687876812,-0.551355175680127,0.0851815406424354,-0.0523842069118273,-0,0
-2.88762797706054,-2.85555833837094,-0.647024015186866,0.0797881296193432,-0.0602814596028238,-0,-0
-2.78787957784657,-2.86264754525533,-0.0709515837449828,0.0997483992139741,-0.00708920688438769,0,-0
-2.7122117833263,-2.92802632524118,-0.712579506790772,0.0756677945202657,-0.0653787799858551,-0,-0
-2.61394664302305,-2.94657254321637,-0.186542180955985,0.0982651403032479,-0.0185462179751832,-0,0
-2.52336436177093,-2.90420686933807,0.437478452166267,0.0905822812521194,0.0423656738782937,0,0
-2.42678092883503,-2.87829084182003,0.262152671899534,0.0965834329359025,0.0259160275180443,-0,-0
-2.32800603018832,-2.86268573376749,0.156691481149877,0.0987748986467146,0.015605108052534,0,-0
-2.22842562867584,-2.87183688859154,-0.0916397571420718,0.0995804015124784,-0.00915115482404257,-0,-0
-2.12897452784363,-2.86137368911613,0.104823857456164,0.0994511008322071,0.0104631994754076,0,0
-2.03055547236635,-2.87908497136673,-0.17805211691197,0.0984190554772778,-0.0177112822506028,-0,0
-1.9306562749404,-2.8745960568376,0.0449042345136355,0.0998991974259559,0.00448891452913571,-0,0
-1.83488295862292,-2.90336186782133,-0.291780693867697,0.0957733163174807,-0.0287658109837317,0,-0
-1.73908387548473,-2.93204175048989,-0.290883609427071,0.095799083138187,-0.0286798826685665,-0,-0
-1.64048317773369,-2.91537134548555,0.167485993005066,0.0986006977510367,0.0166704050043398,0,0
-1.61868050624173,-2.81777706534674,1.35100424151577,0.0218026714919675,0.0975942801388142,0,0
-1.55283158628496,-2.74251804767758,0.851986801050479,0.0658489199567667,0.0752590176691626,-0,-0
-1.53783636981147,-2.64364872238953,1.42027643650739,0.0149952164734917,0.0988693252880443,0,-0
-1.51720797871754,-2.54579950429927,1.36302066855149,0.0206283910939246,0.0978492180902642,0,-0
-1.4884562113016,-2.45002197107535,1.2791622631071,0.0287517674159421,0.0957775332239225,0,-0
-1.41542493975713,-2.38171067349876,0.752016708133171,0.0730312715444744,0.0683112975765886,0,-0
-1.369749150068,-2.29275156920766,1.09644903978115,0.0456757896891268,0.0889591042910992,-0,-0
-1.32618314838397,-2.20274043935547,1.12002491866469,0.0435660016840342,0.090011129852184,-0,0
-1.29690902930866,-2.10712126788675,1.27370396262767,0.0292741190753057,0.0956191714687218,-0,-0
-1.36084865776053,-2.03023353210635,2.26450914495325,-0.063939628451869,0.0768877357804022,-0,-0
-1.41556493697769,-1.94653091094888,2.14976716602291,-0.0547162792171561,0.0837026211574656,-0,0
-1.51222516807944,-1.92090280677873,2.88241987897451,-0.0966602311017502,0.0256281041701537,-0,0
-1.60009238893325,-1.96864536116606,3.63931508668998,-0.0878672208538151,-0.0477425543873271,0,-0
-1.65777538877045,-2.05033178310864,4.09754632728694,-0.0576829998372031,-0.0816864219425801,0,-0
-1.72793602547513,-2.12158825690011,3.93473963288363,-0.0701606367046781,-0.0712564737914681,0,-0
-1.79566238498301,-2.19516230278457,3.96835199597626,-0.0677263595078791,-0.0735740458844661,-0,-0
-1.86680627111993,-2.26543710243094,3.92084540879696,-0.0711438861369186,-0.070274799646368,0,0
-1.96564015699299,-2.28066415083928,3.29445779489496,-0.0988338858730657,-0.0152270484083367,0,0
-2.0618628865607,-2.30788888801963,3.41732050946917,-0.0962227295677101,-0.0272247371803536,-0,-0
-2.15202137469566,-2.35114911244369,3.5889697384172,-0.0901584881349519,-0.0432602244240566,-0,-0
-2.19963477893521,-2.43908638404522,4.21613579443219,-0.0476134042395491,-0.0879372716015302,-0,0
-2.20773265137592,-2.53875796706633,4.63132149006428,-0.00809787244071162,-0.0996715830211097,-0,0
-2.23026792821875,-2.63618569052129,4.48508387717584,-0.0225352768428359,-0.097427723454963,0,0
-2.28507636788462,-2.71982799406079,4.13231669825889,-0.0548084396658673,-0.0836423035394948,-0,0
-2.3180343179244,-2.81424077671851,4.37653082405876,-0.032957950039781,-0.0944127826577275,-0,0
-2.41396136807673,-2.84248968907056,3.42798058385976,-0.0959270501523236,-0.0282489123520463,0,0
-2.51183483474363,-2.86300272206429,3.34818952065755,-0.0978734666669061,-0.0205130329937341,-0,0
-2.5923792824792,-2.92226984565716,3.775963937879,-0.0805444477355706,-0.059267123592865,0,0
-2.68784630724812,-2.95203639033019,3.44383896940171,-0.0954670247689147,-0.0297665446730291,-0,-0
-2.78331886877398,-2.98178517174539,3.44365290785086,-0.0954725615258663,-0.0297487814152056,-0,-0
-2.86567417949721,-3.03850908906147,3.74474228713897,-0.0823553107232263,-0.0567239173160745,0,-0
-2.9044453682828,-3.13068715000957,4.31424096154443,-0.0387711887855896,-0.0921780609481029,-0,0
-2.81142844479485,-3.16740025318591,5.90726252188962,0.093016923487952,-0.0367131031763386,-0,-0
-2.72188991852804,-3.21192948306887,5.8216846224875,0.0895385262668025,-0.0445292298829558,0,-0
-2.62442104085705,-3.23428609027026,6.05771368480477,0.0974688776709912,-0.0223566072013924,0,-0
-2.54882655157288,-3.29974961591519,5.56948528775232,0.0755944892841719,-0.0654635256449362,-0,-0
-2.46118178352807,-3.34789932655162,5.78082324209446,0.0876447680448122,-0.0481497106364209,0,-0
-2.40346229065147,-3.42955996665484,5.3276784494622,0.057719492876595,-0.0816606401032266,0,0
-2.35266216617206,-3.51569560012251,5.24525170429636,0.0508001244794094,-0.0861356334676684,0,-0
-2.27652499169531,-3.58052715619435,5.57781533440284,0.0761371744767552,-0.0648315560718401,0,-0
-2.23903962918964,-3.67323555709642,5.09662786237543,0.0374853625056728,-0.0927084009020666,0,-0
-2.23128716060175,-3.77293460037565,4.78999153192589,0.00775246858788826,-0.0996990432792302,-0,0
-2.19216001157692,-3.86496213000232,5.1144018091371,0.0391271490248273,-0.0920275296266772,0,0
-2.17079650037039,-3.96265348268478,4.92768345323021,0.0213635112065304,-0.0976913526824583,0,-0
-2.14498704046346,-4.05926544767521,4.97343844173733,0.0258094599069343,-0.0966119649904315,-0,-0
-2.08043763017137,-4.13564197306714,5.41405901724586,0.0645494102920888,-0.0763765253919265,0,-0
-1.99548497752249,-4.1883965634638,5.7274761225546,0.0849526526488756,-0.0527545903966612,0,0
-1.96106443997269,-4.28228600160666,5.06378129336867,0.0344205375498056,-0.0938894381428626,-0,-0
-1.90311691098276,-4.36378498248349,5.33047369945704,0.0579475289899248,-0.0814989808768295,-0,-0
-1.84028142185027,-4.44157766405111,5.39182564664882,0.0628354891324943,-0.077792681567614,-0,0
-1.79256511026982,-4.52945913882911,5.20981277335458,0.0477163115804504,-0.0878814747780064,-0,0
-1.79765048278168,-4.62932975005392,4.66151331090419,-0.00508537251186392,-0.0998706112248022,-0,0
-1.84538174602936,-4.71720310499602,4.21479504509539,-0.0477312632476745,-0.0878733549421052,0,-0
-1.93930544192698,-4.75153005284944,3.49198834097437,-0.0939236958976218,-0.0343269478534147,-0,-0
-2.02619715621827,-4.80102581011732,3.65937865673306,-0.0868917142912892,-0.0494957572678808,-0,0
-2.12290494577228,-4.77557775636903,2.88428213488651,-0.0967077895540175,0.0254480537482903,0,-0
-2.22252433621679,-4.76686127499945,3.05431708538882,-0.0996193904445007,0.00871648136957366,0,0
-2.32087715769097,-4.74878580797737,2.95983894718961,-0.0983528214741884,0.0180754670220836,0,0
-2.41514472207831,-4.7154147680703,2.80135577723569,-0.0942675643873385,0.0333710399070659,0,-0
-2.51363978443761,-4.69813117206608,2.96788441591379,-0.0984950623593023,0.0172835960042216,-0,0
-2.59162445431427,-4.63553411730926,2.46521720498357,-0.0779846698766564,0.0625970547568248,-0,-0
-2.67725964779843,-4.58389485282058,2.59895954725918,-0.0856351934841561,0.0516392644886732,-0,0
-2.76963251774846,-4.54559011555228,2.74849961357577,-0.0923728699500373,0.0383047372683,0,-0
-2.85044225603342,-4.4866852244284,2.51171126658043,-0.0808097382849559,0.0589048911238866,0,0
-2.92904663842363,-4.42486814694124,2.47517921456014,-0.0786043823902094,0.0618170774871616,0,-0
-3.01206164849439,-4.36911415064545,2.55017317686824,-0.083015010070764,0.0557539962957898,0,0
-3.09235997369703,-4.30951399150428,2.50308024357535,-0.0802983252026332,0.0596001591411647,-0,-0
-3.15346242563434,-4.23035282446356,2.22815049192159,-0.0611024519373123,0.0791611670407179,-0,-0
-3.21841846001071,-4.15432182027385,2.27780236143233,-0.0649560343763689,0.0760310041897119,-0,0
-3.30109367681048,-4.09806518931259,2.54410603418736,-0.0826752167997692,0.0562566309612579,-0,-0
-3.37825423740042,-4.03445506520137,2.45215776444329,-0.0771605605899476,0.0636101241112216,0,-0
-3.38544778669783,-3.93471413654866,1.64279400563302,-0.00719354929741024,0.0997409286527137,-0,-0
-3.3895845237683,-3.83479973615307,1.61217550497775,-0.00413673707046681,0.0999144003955878,0,-0
-3.42097029522983,-3.73985273330535,1.89004966441065,-0.0313857714615327,0.0949470028477173,0,0
-3.4580237753224,-3.646970874942,1.95038106761216,-0.0370534800925662,0.0928818583633521,-0,0
-3.54630307150023,-3.59999464833378,2.65257119235465,-0.0882792961778312,0.0469762266082191,0,0
-3.63510319121596,-3.55401053435435,2.66377635974585,-0.088800119715723,0.0459841139794306,-0,0
-3.71213337769322,-3.4902425927906,2.45011072335398,-0.077030186477265,0.0637679415637497,0,0
-3.80278606533088,-3.44802778230816,2.70577903864487,-0.0906526876376631,0.0422148104824395,-0,-0
-3.89434267459778,-3.40781102834231,2.72770960387402,-0.0915566092668929,0.0402167539658474,0,0
-3.94732292262779,-3.3229989223746,2.12916398426536,-0.0529802480300147,0.0848121059677103,-0,0
-4.02660756120569,-3.26205676877324,2.48626187154525,-0.0792846385779008,0.0609421536013591,-0,-0
-4.09732313100878,-3.19135098267745,2.35626367145017,-0.0707155698030927,0.0707057860957922,-0,-0
-4.19717314930916,-3.18587614519908,3.08681689152735,-0.0998500183003761,0.00547483747837006,-0,0
-4.29670680968862,-3.19552241139205,3.2382055436567,-0.0995336603794638,-0.00964626619296584,0,0
-4.39666047784755,-3.19247869301242,3.11115076821967,-0.0999536681589302,0.0030437183796237,-0,-0
-4.48961657495869,-3.15561185140829,2.76401652748427,-0.0929560971111403,0.0368668416041333,-0,-0
-4.58951093711592,-3.16020711083528,3.18756143580993,-0.099894362157224,-0.0045952594269932,-0,-0
-4.68688563781415,-3.13744381441473,2.91194651715646,-0.0973747006982317,0.0227632964205495,-0,-0
-4.78612782947305,-3.14973150723068,3.26478091621841,-0.0992421916588953,-0.0122876928159479,0,-0
-4.87908469346083,-3.1128665992889,2.76403732928682,-0.0929568639877883,0.0368649079417788,0,0
-4.95531942501263,-3.04814978767689,2.43772879097628,-0.0762347315517964,0.0647168116120189,-0,-0
-4.99309813564052,-2.95556053871517,1.95820144297548,-0.0377787106278905,0.0925892489617132,0,-0
-4.99996076489109,-2.85579629502151,1.63947660048039,-0.00686262925056506,0.0997642436936666,0,0
-5.04549693048582,-2.76676563949809,2.0435747138236,-0.0455361655947323,0.0890306555234158,0,-0
-5.13564769149359,-2.72348931468048,2.69403698232169,-0.090150761007772,0.0432763248176134,-0,0
-5.23547029099571,-2.72944318977474,3.20116663688155,-0.099822599502126,-0.00595387509426802,-0,-0
-5.33481318181555,-2.7179981015899,3.02689042187608,-0.0993428908198325,0.0114450881848437,0,-0
-5.42883932872942,-2.68395278331367,2.79419382283663,-0.0940261469138772,0.0340453182762326,-0,-0
-5.51904336567014,-2.64078761541641,2.6952696293879,-0.0902040369407145,0.043165167897255,-0,-0
-5.60014611075175,-2.58228680567648,2.51670261173961,-0.081102745081609,0.0585008097399304,-0,-0
-5.68188829935422,-2.52468285960959,2.52771744143011,-0.0817421886024757,0.0576039460668911,-0,-0
-5.77855595410838,-2.4990827712439,2.8827097058057,-0.0966676547541572,0.0256000883656888,0,0
-5.87834787428105,-2.50553045829054,3.20611428243185,-0.0997919201726707,-0.00644768704663321,-0,0
-5.97802753840624,-2.49753267360418,3.06152929790489,-0.09967966412519,0.00799778468635596,0,0
-6.07296125585325,-2.46610674017826,2.82191629289168,-0.0949337174470141,0.0314259334259221,0,-0
-6.17296124703025,-2.46606473302381,3.14117258203294,-0.0999999911769945,4.20071544497452e-05,0,0
-6.27287868373153,-2.47012747139164,3.18223122206475,-0.0999174367012812,-0.00406273836783339,-0,-0
-6.35833927067351,-2.52205519115221,3.68759761395303,-0.0854605869419814,-0.0519277197605675,-0,0
-6.43089037960871,-2.59087623874866,3.90061224126083,-0.0725511089351993,-0.0688210475964501,-0,-0
-6.45952047781455,-2.686690212034,4.42202500633671,-0.0286300982058397,-0.0958139732853407,0,-0
-6.52941755913664,-2.7582052315939,3.9384316175653,-0.0698970813220903,-0.0715150195599015,-0,-0
-6.56456493242224,-2.8518250059534,4.35324417262157,-0.0351473732855989,-0.0936197743594951,0,-0
-6.58705446324394,-2.9492632992647,4.4855533897266,-0.0224895308217011,-0.0974382933113043,0,0
-6.63968302316412,-3.03429408592887,4.15816265142962,-0.0526285599201794,-0.0850307866641729,0,-0
-6.7123853433396,-3.10295537517618,3.89841252335126,-0.0727023201754747,-0.06866128924731,0,-0
-6.77093108337009,-3.18402569233531,4.08694483554364,-0.0585457400304926,-0.0810703171591303,-0,0
-6.83371944437533,-3.26185641713135,4.03355798298381,-0.06278836100524,-0.0778307247960319,0,-0
-6.80602841354121,-3.35794599414854,4.99296616440398,0.0276910308341212,-0.0960895770171966,0,0
-6.83870771980384,-3.45245558594849,4.37948064486102,-0.0326793062626363,-0.0945095917999481,0,0
-6.82900694154463,-3.5519839482437,4.8095495597009,0.00970077825921063,-0.0995283622952052,0,-0
-6.74257120874852,-3.60227176084276,5.75625995731114,0.0864357327961174,-0.0502878125990601,0,0
-6.65989524005036,-3.65852728679196,5.6857120534153,0.0826759686981579,-0.056255525949201,-0,0
-6.56120177316151,-3.67463938142487,6.12135897351761,0.0986934668888475,-0.0161120946329137,-0,-0
-6.48657663296625,-3.74120580277105,5.55480177549591,0.0746251401952622,-0.0665664213461822,0,-0
-6.39062979083814,-3.7693874188646,5.99749884030248,0.0959468421281073,-0.0281816160935468,-0,-0
-6.29080525242418,-3.77530869663549,6.22393787325321,0.0998245384139592,-0.0059212777708852,-0,0
-6.19752805220589,-3.81135538746053,5.91441690223715,0.0932772002182921,-0.0360466908250487,-0,0
-6.09794439879232,-3.8022396882111,6.37446902041352,0.0995836534135696,0.00911569924942959,-0,0
-6.022147317259,-3.86746853482847,5.57258557713209,0.0757970815333161,-0.0652288466173657,-0,0
-5.94144182695061,-3.92651617520539,5.65153629470096,0.0807054903083902,-0.0590476403769223,-0,0
-5.84437314361307,-3.95055095656732,6.04046115500078,0.0970686833375436,-0.0240347813619282,-0,0
-5.76315547407761,-4.00889210975467,5.66026244242756,0.0812176695354573,-0.058341153187345,-0,-0
-5.67770355817337,-4.06083409728204,5.73701338692125,0.0854519159042445,-0.0519419875273745,-0,-0
-5.58274364107121,-4.09218077404291,5.96434369442483,0.0949599171021617,-0.0313466767608718,0,0
-5.48637612815477,-4.11888849678936,6.01282649996281,0.0963675129164325,-0.0267077227464494,0,-0
-5.39336600388362,-4.08215817167422,6.65929324768184,0.0930101242711545,0.0367303251151471,0,0
-5.29987634572304,-4.04666614697827,6.64601406626375,0.0934896581605832,0.0354920246959412,-0,0
-5.20731669767272,-4.08451732335103,5.89499740760323,0.0925596480503179,-0.0378511763727535,-0,0
-5.11500880153068,-4.12297837260648,5.88839948720654,0.0923078961420389,-0.0384610492554553,0,-0
-5.03418600061388,-4.18186533934755,5.65352571193113,0.0808228009167978,-0.0588869667410682,0,-0
-4.99639069391498,-4.27444781496544,5.0999733471609,0.0377953066988966,-0.0925824756178854,-0,0
-4.93852578936207,-4.35600548058359,5.32946025496748,0.057864904552915,-0.0815576656181504,-0,0
-4.91708109258834,-4.4536790439479,4.92851457034343,0.021444696773728,-0.097673563364315,0,-0
-4.91383642530829,-4.55362639075732,4.74484134912106,0.00324466728005569,-0.0999473468094163,0,0
-4.89211659448522,-4.65123914068794,4.93133231893681,0.0217198308230644,-0.0976127499306185,-0,-0
-4.84510144530576,-4.73949771391249,5.2018513959685,0.0470151491794592,-0.0882585732245497,0,0
-4.78194537072589,-4.81703035377249,5.39595356332344,0.0631560745798738,-0.0775326398600062,0,-0
-4.75311222725959,-4.91278342076176,5.00487278866022,0.028833143466297,-0.0957530669892716,-0,-0
-4.67294526741185,-4.97256015995663,5.64247204752506,0.0801669598477397,-0.0597767391948648,-0,0
-4.60204953675979,-5.04308529997996,5.50040761824739,0.0708957306520593,-0.0705251400233325,0,0
-4.52687829498629,-5.10903440467616,5.56304380574103,0.0751712417734988,-0.0659491046961988,-0,0
-4.50811298985893,-5.20725794219888,4.90116118358731,0.018765305127358,-0.0982235375227198,0,0
-4.53547385550679,-5.3034420522743,4.43524611820889,-0.0273608656478527,-0.0961841100754182,0,-0
-4.59060900668208,-5.38686935658696,4.12840562074854,-0.0551351511752972,-0.0834273043126597,-0,-0
-4.64401158168998,-5.47141617783132,4.14903397315442,-0.0534025750078926,-0.0845468212443638,-0,-0
-4.69559693535604,-5.5570838571926,4.17038529514826,-0.0515853536660621,-0.0856676793612813,0,0
-4.73796410700312,-5.64766543791753,4.27489399325644,-0.0423671716470786,-0.0905815807249298,0,-0
-4.78644110663949,-5.73512960490182,4.20628880086486,-0.0484769996363742,-0.0874641669842855,0,-0
-4.83423628498325,-5.82296821217156,4.21406754660913,-0.0477951783437568,-0.0878386072697449,0,0
-4.93368783102712,-5.81250924523003,3.03681135498285,-0.0994515460438702,0.0104589669415275,0,0
-5.02345401867985,-5.76844075814125,2.68523117321677,-0.0897661876527343,0.0440684870887813,0,0
-5.11949910463862,-5.74059580414286,2.85941322738308,-0.0960450859587692,0.0278449539983931,0,0
-5.21836567285582,-5.75560918780391,3.29229629592335,-0.0988665682171997,-0.0150133836610472,-0,-0
-5.31199101062574,-5.72047663697894,2.78260616729555,-0.0936253377699156,0.0351325508249716,0,0
-5.41006968272724,-5.70096832903577,2.94525049721009,-0.0980786721015053,0.0195083079431666,0,0
-5.50814283403941,-5.68143228563643,2.94496770140933,-0.098073151312167,0.0195360433993375,-0,0
-5.60658834197495,-5.66386863091101,2.96504032409456,-0.0984455079355377,0.0175636547254261,0,0
-5.68544695118691,-5.72536106746344,3.8038827050037,-0.0788586092119611,-0.0614924365524347,0,-0
-5.76427324040877,-5.78689492909678,3.80440812094857,-0.0788262892218647,-0.0615338616333392,0,0
-5.85668729487579,-5.82510019754195,3.53360911511929,-0.0924140544670161,-0.0382052684451684,0,-0
-5.92424848456841,-5.89882594370513,3.97059462977411,-0.0675611896926224,-0.073725746163179,0,0
-5.93866915144216,-5.99778070289799,4.56767776587873,-0.0144206668737494,-0.0989547591928572,-0,0
-5.98526538347125,-6.08626115927503,4.22766707250653,-0.0465962320290939,-0.0884804563770489,0,-0
-6.06680684677329,-6.14414889340381,3.7589438754152,-0.0815414633020324,-0.0578877341287713,-0,-0
-6.16572035983028,-6.12944797728527,2.9940487559638,-0.0989135130569915,0.0147009161185409,0,-0
-6.25200868298486,-6.078907644014,2.61174332777721,-0.086288323154584,0.0505403332712606,-0,0
-6.33756509137029,-6.02713795226114,2.59743578981396,-0.0855564083854244,0.0517696917528633,-0,0
-6.37972931955231,-5.93646172681139,2.00605203513526,-0.0421642281820233,0.0906762254497521,0,0
-6.46850605914245,-5.89043249145228,2.66326816989627,-0.0887767395901401,0.0460292353591111,0,0
-6.55808787997095,-5.84599042380179,2.68106519418455,-0.0895818208285012,0.0444420676504852,-0,0
-6.65654932248142,-5.82851631899619,2.96594988989149,-0.0984614425104715,0.0174741048056007,0,0
-6.71083793385795,-5.74453568625978,2.14466627606034,-0.0542886113765232,0.0839806327364163,0,0
-6.76734796649252,-5.66203346682515,2.17135117973215,-0.0565100326345771,0.0825022194346251,0,-0
-6.78415323141306,-5.56345566470444,1.73965021635317,-0.0168052649205389,0.0985778021207133,0,-0
-6.82524817949968,-5.47228985290112,1.99429163267335,-0.0410949480866177,0.0911658118033191,-0,-0
-6.83289413228882,-5.37258258432983,1.64733054917814,-0.00764595278914274,0.0997072685712842,0,0
-6.85471427388271,-5.2749922086731,1.79076742309105,-0.0218201415938853,0.0975903756567357,0,0
-6.94761512277899,-5.23798636758888,2.76252075929098,-0.0929008488962804,0.0370058410842191,0,-0
-7.00223693250084,-5.15422206789796,2.14863894936008,-0.0546218097218487,0.0837642996909194,-0,0
-7.07831440854297,-5.0893204682331,2.4353023543157,-0.0760774760421373,0.0649015996648621,0,0
-7.09244495830078,-4.99032386443508,1.71257634745768,-0.0141305497578047,0.0989966037980203,-0,0
-7.0950917535713,-4.89035889819792,1.59726737083994,-0.0026467952705242,0.099964966237157,0,0
-7.03631439334811,-4.8094563523468,0.942492196268454,0.0587773602231872,0.0809025458511269,0,0
-6.97718966717063,-4.72880731791713,0.938191830795511,0.0591247261774809,0.0806490344296689,0,-0
-6.95517214918114,-4.63126128313568,1.34880227304195,0.0220175179894905,0.0975460347814429,-0,-0
-6.93996511993253,-4.53242431504463,1.41813373593411,0.0152070292486129,0.098836968091053,0,-0
-6.93168400404976,-4.43276778931883,1.48789022583808,0.0082811158827705,0.0996565257257954,-0,0
-7.03064198164177,-4.44716635420909,3.28608051730224,-0.0989579775920119,-0.0143985648902543,0,-0
-7.11823356826791,-4.49541274218078,3.64505811215334,-0.0875915866261418,-0.0482463879716927,-0,0
-7.16020338208328,-4.58617911661704,4.27927625602253,-0.0419698138153612,-0.0907663744362631,0,0
-7.23362274967996,-4.65407312564364,3.88791068504724,-0.0734193675966821,-0.0678940090265943,0,-0
-7.29037418828143,-4.73640947373282,4.10890513093969,-0.0567514386014726,-0.0823363480891841,0,-0
-7.390029417127,-4.72811276572682,3.05853009298783,-0.0996552288455713,0.00829670800599959,0,-0
-7.49002937391597,-4.72801980227407,3.14066301892838,-0.0999999567889729,9.29634527508385e-05,0,0
-7.57459429839277,-4.6746458990232,2.57857673288033,-0.0845649244767959,0.0533739032508753,0,0
-7.62505639109806,-4.58831179683986,2.09973915902225,-0.0504620927052847,0.0863341021833392,0,0
-7.59088194936851,-4.49433250373508,1.22202388224633,0.0341744417295458,0.0939792931047786,0,0
-7.51818580113374,-4.42566467988848,0.756909755155137,0.0726961482347742,0.0686678238466004,-0,-0
-7.49676107631403,-4.32798673372661,1.35487520880574,0.0214247248197018,0.0976779461618643,0,0
-7.48611543519964,-4.22855499671441,1.46413780537485,0.0106456411143964,0.0994317370122009,-0,0
-7.46992525816227,-4.1298743087988,1.40817878112789,0.0161901770373694,0.0986806879156131,-0,0
-7.47347307966925,-4.02993726380269,1.60628198884398,-0.00354782150698567,0.0999370449961103,-0,0
-7.49389830151061,-3.9320454341501,1.77649608749965,-0.0204252218413528,0.0978918296525891,-0,0
-7.50050741624861,-3.83226407515765,1.63693568379015,-0.00660911473800467,0.0997813589924485,0,-0
-7.43830604583389,-3.75396343966514,0.899484482802309,0.0622013704147202,0.0783006354925091,0,-0
-7.3755474534432,-3.67610870903727,0.892347749371575,0.0627585923906927,0.0778547306278745,-0,-0
-7.31152492446009,-3.59928998877581,0.876004822349297,0.0640225289831038,0.0768187202614547,-0,0
-7.23511269595107,-3.53478284704496,0.701116742733472,0.0764122285090249,0.0645071417308546,0,-0
-7.18273517206887,-3.44959719689208,1.01951960553537,0.052377523882202,0.0851856501528829,0,0
-7.10039614799374,-3.39284964087109,0.603436695089913,0.0823390240751318,0.0567475560209853,-0,-0
-7.03912967210487,-3.31381535127373,0.911368475150783,0.0612664758888635,0.0790342895973596,0,-0
-6.9739125984046,-3.23800813988872,0.860351907877968,0.0652170737002762,0.0758072113850176,-0,0
-7.01490404357972,-3.14679574258191,1.99315659684982,-0.0409914451751199,0.0912123973068088,-0,0
-7.03756273894337,-3.04939664851827,1.79936838602018,-0.0226586953636536,0.0973990940636367,-0,0
-7.11675208906356,-2.98833072653603,2.48469986939292,-0.079189350120195,0.0610659219822413,-0,0
-7.20988968908939,-2.9519248552866,2.76897069217624,-0.0931376000258226,0.0364058712494276,-0,0
-7.30830075650853,-2.93416924182422,2.96309008518826,-0.0984110674191406,0.0177556134623774,-0,0
-7.36340413933733,-2.85072095124363,2.15439894356531,-0.0551033828288031,0.0834482905805887,-0,0
-7.42533897683506,-2.7722093221424,2.23870878540126,-0.0619348374977329,0.078511629101232,0,-0
-7.44881809867964,-2.67500473975347,1.80780010360395,-0.0234791218445727,0.0972045823889374,0,-0
-7.54045548689811,-2.63497238932913,2.72972280825586,-0.0916373882184742,0.0400323504243336,0,-0
-7.63578087464328,-2.60475533369438,2.83462382163058,-0.0953253877451672,0.0302170556347493,0,-0
-7.70001906101188,-2.5281168615536,2.26839848143096,-0.0642381863686006,0.0766384721407788,-0,-0
-7.73487803502564,-2.43438932061334,1.92686237099454,-0.0348589740137625,0.0937275409402585,0,0
-7.80634887344571,-2.36444706403313,2.36700340650916,-0.0714708384200697,0.0699422565802126,-0,0
-7.86171122533012,-2.28117035664249,2.15750548248258,-0.0553623518844095,0.0832767073906432,-0,-0
-7.90391465383908,-2.19051236955868,2.00648438957939,-0.0422034285089645,0.0906579870838126,-0,0
-7.8818884634781,-2.09296829265914,1.34871336672668,0.0220261903609843,0.0975440768995313,0,0
-7.7989443172487,-2.03710892812395,0.592689285843261,0.0829441462293982,0.0558593645351986,-0,0
-7.72637008504748,-1.96831226526591,0.758683536944256,0.0725742322012251,0.0687966628580388,-0,0
-7.65288673178029,-1.9004875146758,0.745375115887866,0.0734833532671861,0.0678247505901049,-0,-0
-7.55637016684499,-1.87432355677395,0.264720566775831,0.0965165649352993,0.0261639579018571,0,-0
-7.46031429046043,-1.90213126455423,-0.281791648684076,0.0960558763845608,-0.0278077077802894,-0,0
-7.36344037233323,-1.87732312099846,0.250699275633052,0.0968739181272023,0.0248081435557784,-0,0
-7.29779891291294,-1.8018830864997,0.85474010841947,0.0656414594202917,0.0754400344987606,-0,0
-7.24289578407615,-1.71830290676831,0.989591551490531,0.0549031288367915,0.0835801797313853,-0,0
-7.2071044377619,-1.62492743071055,1.20476395925207,0.0357913463142436,0.0933754760577631,-0,-0
-7.19702053041552,-1.52543715574546,1.46978556923247,0.0100839073463845,0.0994902749650916,-0,-0
-7.18369495406117,-1.42632898749064,1.43714300560385,0.0133255763543497,0.0991081682548134,0,0
-7.16438824573672,-1.32821043158161,1.37650924071165,0.0193067083244493,0.0981185559090361,-0,-0
-7.15485098488782,-1.22866626723482,1.475278539443,0.00953726084889421,0.099544164346787,0,-0
-7.09220207111424,-1.15072325213411,0.893755710680306,0.0626489137735875,0.0779430151007106,-0,0
-7.02232741607316,-1.07918632053307,0.797152504345314,0.0698746550410725,0.0715369316010348,-0,0
-7.03369034718847,-0.979833998987632,1.68467159278678,-0.0113629311153032,0.0993523215454419,0,-0
-7.09646747608779,-0.901994214255415,2.24948301804643,-0.0627771288993223,0.0778397847322169,0,-0
-7.18030442831744,-0.847483981813768,2.56508149200643,-0.0838369522296561,0.0545102324416468,-0,0
-7.24001724676188,-0.76726939889132,2.21071247793002,-0.0597128184444321,0.080214582922448,-0,0
-7.30935730273052,-0.695214165644419,2.33699410783982,-0.0693400559686441,0.072055233246901,-0,-0
-7.3720520724714,-0.617308030795238,2.24842540894833,-0.0626947697408747,0.0779061348491805,-0,-0
-7.42323118635202,-0.531397040215486,2.10806470284071,-0.0511791138806213,0.085910990579753,0,-0
-7.45775097435527,-0.437544047528994,1.92324594412677,-0.034519788003251,0.0938529926864914,0,-0
-7.51706162389977,-0.357031645685491,2.20570811526865,-0.0593106495444983,0.080512401843503,0,-0
-7.52971039382933,-0.257834828099094,1.69762376013386,-0.0126487699295613,0.0991968175863975,-0,-0
-7.46546546375264,-0.181202009023701,0.873106175143513,0.0642449300766856,0.0766328190753921,-0,0
-7.40239051070035,-0.103603360211683,0.888277587294701,0.0630749530522936,0.0775986488120184,-0,0
-7.32016354519947,-0.0466935531085418,0.605408560965739,0.082226965500882,0.0569098071031413,0,0
-7.23886259984142,0.0115314954864425,0.621494049072239,0.0813009453580444,0.0582250485949842,-0,0
-7.15728074673148,0.0693622938826894,0.616653152028096,0.081581853109945,0.0578307983962469,0,-0
-7.07187448190014,0.121379309632924,0.547050171656243,0.0854062648313336,0.0520170157502341,-0,-0
-7.00100431508505,0.191930138512542,0.783140101281904,0.0708701668150909,0.0705508288796184,0,0
-6.90708081807926,0.22625763055906,0.350401481382301,0.0939234970057878,0.0343274920465183,0,-0
-6.81466124286661,0.264449542235645,0.391871934058133,0.0924195752126568,0.0381919116765851,0,-0
-6.71503720618857,0.273112758495958,0.0867408945230296,0.099624036678038,0.0086632162603122,0,-0
-6.62448943153745,0.315552132969777,0.438292238603764,0.0905477746511249,0.0424393744738197,0,0
-6.54739154677346,0.3792382080955,0.690419613298098,0.0770978847639858,0.0636860751257225,0,-0
-6.51014552016786,0.472043022098303,1.18913770052783,0.0372460266055993,0.0928048140028037,-0,-0
-6.45553363804196,0.555813794630653,0.993072217873503,0.0546118821259013,0.0837707725323496,0,0
-6.42873383474889,0.652155740549619,1.29948187847814,0.0267998032930663,0.0963419459189659,0,-0
-6.34254538984546,0.702866212497023,0.531822213209231,0.0861884449034297,0.0507104719474041,-0,0
-6.30665117563122,0.796202193693678,1.20366206769063,0.0358942142142381,0.0933359811966553,0,-0
-6.2483985100456,0.877483353578177,0.948962547955557,0.0582526655856242,0.0812811598844987,0,-0
-6.19398261799569,0.961381569842962,0.995410038219829,0.0544158920499087,0.0838982162647853,0,0
-6.11020678778797,1.01598569306646,0.577631491079285,0.0837758302077228,0.0546041232234965,0,-0
-6.01955044079476,1.05819264450632,0.435726922711561,0.0906563469932079,0.0422069514398645,0,-0
-5.99263367185293,1.15450197712644,1.29826760535962,0.0269167689418268,0.0963093326201169,0,-0
-5.98587600435281,1.25427338550558,1.50316811312646,0.00675766750012222,0.0997714083791433,-0,0
-5.94826863358434,1.34693236059101,1.18524105086446,0.0376073707684758,0.0926589750854303,-0,-0
-5.85312042509261,1.37770277529109,0.312779164934228,0.0951482084917284,0.0307704147000749,-0,-0
-5.76383521017851,1.42273776610649,0.467157199655545,0.0892852149141007,0.0450349908153965,0,-0
-5.69307432457772,1.49339820106829,0.784687870057723,0.0707608856007909,0.0706604349618072,-0,0
-5.59332091417511,1.50041654225753,0.0702411571848697,0.0997534104026097,0.00701834118923604,-0,-0
-5.51288194516474,1.44100633888682,-0.636148855458519,0.080438969010366,-0.0594102033707122,0,-0
-5.41369424052065,1.45372637219795,0.127545870218103,0.0991877046440917,0.012720033311137,-0,-0
-5.33704080015183,1.51794669670371,0.697369110863948,0.0766534403688138,0.0642203245057568,-0,0
-5.29807521101387,1.6100427490791,1.17053840465077,0.038965589137966,0.0920960523753935,-0,0
-5.26688118953978,1.70505292234636,1.25356186444605,0.0311940214740891,0.0950101732672563,-0,-0
-5.20545351016619,1.78396198524015,0.90932719356212,0.0614276793735851,0.0789090628937895,-0,-0
-5.15319772825874,1.86922237028057,1.02094811578384,0.0522557819074576,0.0852603850404174,-0,-0
-5.06784305775041,1.92132400386739,0.548041239425843,0.0853546705083244,0.0521016335868212,0,0
-4.981621411414,1.97197800373944,0.531167123093296,0.0862216463364151,0.0506539998720552,-0,-0
-4.88415149476774,1.94962592667775,-0.225425144815406,0.0974699166462559,-0.0223520770616943,-0,0
-4.7864125129182,1.92848139010173,-0.213053525559621,0.0977389818495441,-0.0211445365760161,-0,0
-4.75165834642197,1.83471493601952,-1.21584826513763,0.0347541664962277,-0.0937664540822169,-0,-0
-4.72343436710446,1.73878054702639,-1.28466830320036,0.0282239793175106,-0.0959343889931277,-0,-0
-4.66300129303765,1.65910719163805,-0.921870731194576,0.0604330740668059,-0.0796733553883352,0,-0
-4.56333523227191,1.66727274926997,0.0817465912400421,0.0996660607657382,0.00816555763191896,-0,-0
-4.4651481799359,1.68622803226876,0.190706699833534,0.0981870523360186,0.018955282998783,-0,-0
-4.36651434335841,1.66975483336853,-0.165486281959815,0.0986338365774834,-0.0164731989002225,0,0
-4.26821029634404,1.68809370848661,0.184432564662177,0.0983040470143714,0.0183388751180723,0,0
-4.16830663450246,1.6837052747521,-0.0438984352319796,0.0999036618415856,-0.00438843373450286,-0,0
-4.07158640703308,1.70910601486478,0.256821306898322,0.0967202274693779,0.0254007401126777,-0,-0
-3.97527462163747,1.68219802359991,-0.272437582135055,0.0963117853956084,-0.0269079912648692,-0,-0
-3.88466237328325,1.6398964816872,-0.43677057248527,0.0906122483542233,-0.0423015419127077,0,0
-3.78561420068368,1.62613205272391,-0.138082671163528,0.0990481725995706,-0.0137644289632977,0,0
-3.68917212944474,1.65256927828076,0.267552961093301,0.0964420712389371,0.0264372255568503,0,0
-3.59787745220031,1.69337714402788,0.420348519370332,0.0912946772444322,0.0408078657471198,0,-0
-3.50628111763348,1.65325094941735,-0.412894156542117,0.0915963345668293,-0.0401261946105218,0,0
-3.44464913693691,1.57450135287605,-0.906735503269246,0.0616319806965631,-0.078749596541306,-0,-0
-3.41609172259597,1.47866569100553,-1.28119086044094,0.0285574143409439,-0.0958356618705148,0,-0
-3.36869776105008,1.39060995633148,-1.07703690561834,0.0473939615458938,-0.088055734674048,-0,-0
-3.31145389220285,1.30861520357619,-0.961319347999288,0.0572438688472273,-0.0819947527552919,-0,-0
-3.24865712160317,1.23079126380024,-0.891857274881815,0.0627967705996745,-0.0778239397759575,-0,0
-3.20173619883329,1.14248256090849,-1.08240122563876,0.0469209227698871,-0.0883087028917439,0,-0
-3.20926979806605,1.04276674028508,-1.6462037634589,-0.00753359923275951,-0.0997158206234104,-0,-0
-3.22354202384735,0.943790462464345,-1.71400761418626,-0.0142722257813008,-0.0989762778207363,-0,-0
-3.2580396765009,0.849929331204409,-1.92301010306025,-0.0344976526535525,-0.0938611312599355,-0,0
-3.32201754994727,0.773073415952031,-2.26500666135086,-0.0639778734463663,-0.0768559152523782,0,0
-3.38290383751916,0.693745867233359,-2.22542267334665,-0.0608862875718892,-0.0793275487186716,-0,0
-3.4158239537441,0.599319885916055,-1.90625378346012,-0.032920116224948,-0.0944259813173044,-0,-0
-3.44784680432235,0.504585852745059,-1.89676701195913,-0.0320228505782451,-0.0947340331709961,0,-0
-3.51238719872604,0.428201708512007,-2.27234832426273,-0.0645403944036941,-0.0763841442330515,-0,-0
-3.58421989033519,0.358631137031061,-2.37219077720021,-0.0718326916091452,-0.0695705714809462,-0,0
-3.65052434811209,0.283773145614571,-2.29567493724386,-0.0663044577768995,-0.0748579914164904,-0,0
-3.74012341170612,0.239365851134124,-2.68145332899831,-0.0895990635940294,-0.0444072944804463,-0,0
-3.8400352506604,0.243563997960198,-3.18358646330326,-0.0999118389542837,0.00419814682607393,0,-0
-3.9398957602133,0.24884401991421,-3.19441743725707,-0.0998605095529016,0.00528002195401181,-0,0
-4.0361737574928,0.275872657316949,-3.41528311757987,-0.0962779972794992,0.027028637402739,-0,0
-4.13561950015104,0.26535865393327,-3.03625793928668,-0.0994457426582354,-0.0105140033836794,0,0
-4.23528850250729,0.273488227680388,-3.22297820564439,-0.09966900235625,0.00812957374711776,-0,0
-4.33524114846579,0.276565331171461,-3.17236854653028,-0.0999526459584999,0.00307710349107348,-0,0
-4.43521612189533,0.274328215223986,-3.11921962768353,-0.0999749734295416,-0.00223711594747552,0,0
-4.53369882208403,0.25697431757696,-2.96717061310773,-0.0984827001886959,-0.0173538976470256,0,-0
-4.625564928633,0.296478981447604,-3.54771127222529,-0.0918661065489739,0.0395046638706441,-0,0
-4.66484854740865,0.38843982798508,-4.30867528643236,-0.0392836187756528,0.0919608465374758,-0,-0
-4.69896042489581,0.482441848252205,-4.36428217902112,-0.0341118774871597,0.0940020202671251,0,0
-4.70724920315357,0.582097736964281,-4.62940599134233,-0.00828877825775995,0.099655888712076,-0,-0
-4.79054738754442,0.637427769290207,-3.72791376090197,-0.0832981843908496,0.0553300323259261,0,0
-4.85571055590607,0.71328132220022,-4.00265542873278,-0.0651631683616436,0.0758535529100126,-0,-0
-4.93048954025389,0.779674872338078,-3.86766204392423,-0.0747789843478209,0.0663935501378587,-0,0
-4.98244762739593,0.865117000006694,-4.16602864379207,-0.0519580871420418,0.0854421276686155,0,0
-5.05934737161514,0.929042185489565,-3.83511764151704,-0.0768997442192139,0.0639251854828712,0,-0
-5.12339107651999,1.00584325229244,-4.01732178330836,-0.0640437049048517,0.076801066802879,-0,0
-5.17783963342829,1.08972027328511,-4.13661330350055,-0.0544485569082916,0.0838770209926684,0,0
-5.26538548908468,1.13804959313745,-3.64600516120648,-0.0875458556563981,0.048329319852333,-0,0
-5.34103293572485,1.20345191585479,-3.85448333500014,-0.075647446640161,0.0654023227173469,-0,-0
-5.43271536159086,1.16352281885371,-2.73084929218611,-0.0916824258660192,-0.039929097001083,0,-0
-5.50773671143669,1.09740325240541,-2.41918124420082,-0.0750213498458231,-0.0661195664482959,-0,-0
-5.58286999224507,1.03141090349307,-2.42087573081051,-0.0751332808083849,-0.0659923489123428,0,-0
-5.63436266297983,0.945687482769202,-2.11171847486609,-0.0514926707347611,-0.0857234207238692,-0,0
-5.67855742653149,0.855983397719448,-2.02856502007437,-0.0441947635516545,-0.0897040850497532,0,-0
-5.7291286623561,0.769713182075974,-2.10100382153075,-0.0505712358246115,-0.0862702156434742,-0,0
-5.76542580679186,0.676533155751609,-1.94225117585892,-0.0362971444357612,-0.0931800263243657,0,-0
-5.82884527300498,0.599215814195894,-2.25776280073578,-0.0634194662131197,-0.0773173415557142,-0,-0
-5.86570791440319,0.50625805137241,-1.9483272684701,-0.0368626413982076,-0.0929577628234843,0,-0
-5.89619669857825,0.411019225048655,-1.88061698859508,-0.0304887841750635,-0.0952388263237552,-0,0
-5.92062057147915,0.314047711538136,-1.81753089561723,-0.024423872900899,-0.0969715135105188,-0,-0
-5.99576648063463,0.248069742963795,-2.42106711243775,-0.0751459091554772,-0.0659779685743413,0,-0
-6.05648981334717,0.168617387024639,-2.22337008611921,-0.0607233327125393,-0.0794523559391555,-0,-0
-6.14828693411087,0.128952684586648,-2.73373129603825,-0.0917971207637016,-0.0396647024379913,0,-0
-6.24475630352162,0.102615244211927,-2.87507421043792,-0.0964693694107513,-0.0263374403747211,-0,-0
-6.34470857877128,0.0995261225864948,-3.11069652214521,-0.0999522752496575,-0.00308912162543204,-0,-0
-6.44187116299732,0.123178442272266,-3.38037860172309,-0.0971625842260387,0.0236523196857715,0,-0
-6.53666830196329,0.155013995414403,-3.46558691057044,-0.0947971389659742,0.0318355531421363,0,-0
-6.60647607355178,0.226616195281793,-3.9396796815281,-0.069807771588486,0.0716021998673907,0,0
-6.6349273411535,0.322483423112035,-4.42389092277708,-0.0284512676017187,0.0958672278302413,-0,0
-6.69479078429964,0.402585658877891,-4.07059374184477,-0.0598634431461397,0.0801022357658568,0,0
-6.74253664172757,0.49045108494794,-4.21462895562847,-0.0477458574279356,0.087865426070049,0,-0
-6.76369199233034,0.588187726699507,-4.4992248115997,-0.0211553506027656,0.0977366417515666,0,-0
-6.74002474666126,0.685346676274106,-4.95132855002341,0.0236672456690801,0.0971589495745987,-0,0
-6.67691933215342,0.762920554994939,-5.39530033390791,0.0631054145078336,0.0775738787208329,-0,-0
-6.67384591473617,0.862873314363449,-4.74312799514455,0.00307341741725043,0.0999527593685104,0,0
-6.63433374289059,0.954736191936736,-5.1185893278228,0.0395121718455876,0.0918628775732872,0,0
-6.55236085711874,1.01201136979099,-5.67332643587241,0.0819728857718425,0.0572751778542544,-0,0
-6.45419757413682,0.992933375289204,-6.4751419308987,0.0981632829819266,-0.0190779945017867,-0,-0
-6.37745427766927,0.928820455785458,-6.9791540625122,0.0767432964675495,-0.064112919503746,-0,-0
-6.31631908448484,0.84968457167273,-7.19621380041358,0.0611351931844241,-0.0791358841127282,0,-0
-6.22431105856823,0.810511581399735,-6.68569631409201,0.0920080259166117,-0.0391729902729943,0,-0
-6.13491065252936,0.765705695624711,-6.74777817162334,0.0894004060388734,-0.0448058857750247,-0,0
-6.08281397883753,0.680347997727878,-7.30599850275761,0.0520966736918308,-0.0853576978968324,0,0
-5.99604249232383,0.630641769464184,-6.80339520774948,0.0867714865137015,-0.0497062282636947,0,-0
-5.90549430439506,0.588203276762201,-6.72146780761112,0.0905481879287696,-0.0424384927019826,-0,0
-5.81486743225837,0.545933073938926,-6.7196100482678,0.0906268721366857,-0.0422702028232752,-0,0
-5.73246011901774,0.489284731293616,-6.88541756440098,0.0824073132406313,-0.0566483426453102,-0,0
-5.63246013030311,0.489332239979008,-6.28271022030779,0.0999999887146234,4.7508685392156e-05,0,-0
-5.53585513628321,0.515167780043326,-6.02186588860001,0.0966049940199006,0.0258355400643178,-0,-0
-5.43653351484087,0.526796000632242,-6.16663944118903,0.0993216214423401,0.0116282205889161,-0,-0
-5.3424521779091,0.492903493479028,-6.62895941693515,0.0940813369317707,-0.0338925071532138,-0,0
-5.31514723446915,0.396703493147734,-7.57742013172707,0.0273049434399529,-0.0962000003312941,0,0
-5.27180352932445,0.306585108650843,-7.40567841022026,0.0433437051446981,-0.090118384496891,0,0
-5.22081191814997,0.220562695351574,-7.31889436558517,0.0509916111744836,-0.0860224132992692,-0,0
-5.18814392588541,0.126049192181907,-7.52119300866999,0.0326679922645593,-0.0945135031696672,0,-0
-5.16098469462312,0.0298079528027214,-7.57893448644687,0.0271592312622868,-0.0962412393791852,-0,0
-5.22009838173337,-0.0508491733315008,-8.4864492589805,-0.0591136871102468,-0.0806571261342223,0,0
-5.31744320707632,-0.0737398915148953,-9.19382305220366,-0.0973448253429447,-0.0228907181833945,-0,0
-5.4155150787769,-0.0541974254180962,-9.62146840222263,-0.0980718717005822,0.0195424660967991,-0,-0
-5.51550601687357,-0.0528512090361602,-9.43824053124624,-0.0999909380966746,0.00134621638193597,0,-0
-5.61193464936566,-0.0263650081816553,-9.6928387781172,-0.0964286324920914,0.026486200854505,-0,0
-5.71126612254539,-0.0148212464055159,-9.54047351221691,-0.0993314731797316,0.0115437617761394,-0,0
-5.80324419499212,-0.0540645157517986,-9.02150299320454,-0.0919780724467256,-0.0392432693462827,-0,-0
-5.90239230479483,-0.0670895809167024,-9.29415617998898,-0.0991481098027088,-0.0130250651649038,-0,0
-6.00085012944004,-0.0845840590779013,-9.24892827617583,-0.0984578246452121,-0.0174944781611989,0,0
-6.05417319896595,-0.169181046354845,-8.41639654795718,-0.0533230695259067,-0.0845969872769434,-0,0
-6.06770439482351,-0.268261350849049,-7.9897099439536,-0.0135311958575653,-0.0990803044942041,0,-0
-6.01025564211431,-0.350112684449407,-7.24200372568168,0.0574487527092004,-0.0818513336003583,0,0
-5.93862410660207,-0.419890353657814,-7.05547428076077,0.0716315355122455,-0.0697776692084073,-0,-0
-5.86057009396405,-0.482400921653183,-6.95845222614168,0.0780540126380212,-0.0625105679953688,-0,0
-5.76554379686857,-0.513545790577651,-6.59990247357539,0.0950262970954762,-0.0311448689244681,0,0
-5.67458724389204,-0.555101842731672,-6.71174427542272,0.0909565529765303,-0.0415560521540202,0,-0
-5.58817787886693,-0.605434949490129,-6.81063475821065,0.0864093650251044,-0.0503331067584574,0,0
-5.49607816475561,-0.644391882898865,-6.68334924530455,0.0920997141113225,-0.0389569334087358,-0,0
-5.40874484986672,-0.693104223332455,-6.79197821033014,0.0873333148888901,-0.04871234043359,0,0
-5.33195608157932,-0.757162673711019,-6.97844451531782,0.0767887682874067,-0.0640584503785642,-0,0
-5.26568118994494,-0.832046842524269,-7.1294979175499,0.0662748916343795,-0.0748841688132495,-0,0
-5.24212149416033,-0.92923192746294,-7.6161488631502,0.0235596957846048,-0.0971850849386719,-0,0
-5.22247800088258,-1.02728361368937,-7.65626095247169,0.019643493277752,-0.0980516862264332,-0,0
-5.18198596145847,-1.11871880791609,-7.43708986752565,0.0404920394241057,-0.0914351942267127,-0,0
-5.10370050119303,-1.18093927650182,-6.9547410830593,0.0782854602654405,-0.0622204685857326,-0,0
-5.01424974641226,-1.22564456107925,-6.74665320059694,0.0894507547807759,-0.0447052845774355,-0,-0
-4.93824849694456,-1.29063540719892,-6.99064929388767,0.0760012494676931,-0.0649908461196612,0,0
-4.95514589302374,-1.38919745874891,-8.02377020163273,-0.0168973960791747,-0.0985620515499931,-0,0
-5.01239436554226,-1.47118899730196,-8.46351475979625,-0.0572484725185227,-0.081991538553048,0,0
-5.09862989865635,-1.52181935211534,-8.89388505135157,-0.086235533114086,-0.0506303548133862,-0,0
-5.19519816822533,-1.54779182432059,-9.16204082924707,-0.0965682695689835,-0.0259724722052433,-0,-0
-5.28815241314078,-1.5846633357108,-9.04715159769454,-0.0929542449154513,-0.0368715113902089,-0,-0
-5.38807502050508,-1.58859685036305,-9.38543266360216,-0.099922607364302,-0.0039335146522597,-0,-0
-5.48646890837101,-1.60644741983933,-9.24531041659894,-0.098393887865928,-0.0178505694762713,-0,-0
-5.55691931630738,-1.67741741365079,-8.63570576214935,-0.0704504079363671,-0.0709699938114656,-0,-0
-5.61995007803453,-1.75505196186288,-8.53593101943446,-0.063030761727149,-0.0776345482120903,-0,-0
-5.61812131288628,-1.8550352385547,-7.83569296299033,0.00182876514825187,-0.0999832766918175,0,0
-5.59888140760531,-1.95316691562576,-7.66037534240436,0.019239905280963,-0.0981316770710639,0,0
-5.59897983218019,-2.05316686718877,-7.85496587988217,-9.84245748776278e-05,-0.0999999515630036,-0,0
-5.6177383433611,-2.15139170243055,-8.04268466942222,-0.0187585111809084,-0.0982248352417846,-0,-0
-5.62847771890283,-2.25081335909032,-7.96158290440838,-0.0107393755417317,-0.0994216566597724,0,0
-5.56821557731309,-2.33061608016559,-7.20719971302923,0.0602621415897461,-0.0798027210752704,0,0
-5.4832996925522,-2.38342983325394,-6.83959106210758,0.0849158847608843,-0.0528137530883407,-0,0
-5.41835610385983,-2.45947146847935,-7.14713928011505,0.0649435886923751,-0.0760416352254185,0,-0
-5.32828114368225,-2.50290534407211,-6.732489349701,0.0900749601775795,-0.0434338755927613,0,0
-5.23061040529528,-2.52436290364783,-6.49944259078742,0.0976707383869645,-0.0214575595757099,-0,0
-5.13939650449827,-2.56535100315723,-6.70550889759185,0.0912139007970113,-0.0409880995094061,0,0
-5.04286912710685,-2.59147504216221,-6.54749230079871,0.0965273773914229,-0.0261240390049821,-0,-0
-4.9671266603747,-2.65676729846669,-6.99462191029594,0.0757424667321518,-0.0652922563044721,-0,-0
-4.86851217689595,-2.64017863823688,-6.11652830481656,0.0986144834787472,0.0165886602298047,0,0
-4.77056894894681,-2.62000132179235,-6.08001732262806,0.0979432279491401,0.020177316444532,0,-0
-4.67194653302425,-2.63654275696581,-6.44936344320889,0.0986224159225595,-0.0165414351734569,-0,-0
-4.57296191931087,-2.62232845965593,-6.14055927144397,0.0989846137133771,0.0142142973098753,-0,0
-4.47555978475186,-2.64497408138174,-6.51162314099039,0.0974021345590107,-0.0226456217258077,0,0
-4.37954577687126,-2.67292600959257,-6.5664787051253,0.0960140078806026,-0.0279519282108333,-0,-0
-4.28419738750724,-2.64278161300402,-5.97697860458897,0.0953483893640156,0.0301443965885548,-0,-0
-4.196830890729,-2.59412880999436,-5.77507400089006,0.0873664967782469,0.0486528030096579,0,-0
-4.11452884911819,-2.53732763089839,-5.67909721843079,0.0823020416108093,0.0568011790959714,0,0
-4.02682356433998,-2.48928824058197,-5.78208152863243,0.087705284778211,0.0480393903164154,0,0
-3.92996785780584,-2.51416739072368,-6.53461763107896,0.0968557065341352,-0.0248791501417046,0,0
-3.85531458607195,-2.58070226142638,-7.01114613014601,0.0746532717338942,-0.0665348707027026,0,-0
-3.76597347351955,-2.62562625955545,-6.74909977096728,0.089341112552393,-0.0449239981290696,0,-0
-3.70272542371486,-2.70308388794609,-7.16923019956351,0.0632480498046968,-0.0774576283906407,0,0
-3.63416732387623,-2.77588352356686,-7.09858015602531,0.068558099838623,-0.0727996356207736,-0,0
-3.60094495711586,-2.87020358689826,-7.51532145825227,0.0332223667603707,-0.0943200633314006,0,-0
-3.52224728674322,-2.93190185816999,-6.94808819767211,0.0786976703726382,-0.0616982712717268,-0,0
-3.43184604722957,-2.97465248266128,-6.72491773817053,0.0904012395136536,-0.0427506244912872,0,-0
-3.33354926994047,-2.9930302837968,-6.46801386221545,0.0982967772891013,-0.0183778011355225,-0,0
-3.23618079213267,-2.97024038407362,-6.05326595652981,0.0973684778077976,0.022789899723176,0,-0
-3.13662026685414,-2.96087545982071,-6.18939863478304,0.0995605252785322,0.00936492425291087,0,-0
-3.03680225446273,-2.9548451694274,-6.22284579532535,0.0998180123914129,0.00603029039331735,0,-0
-2.95795514818944,-2.89333798421844,-5.62070821553778,0.0788471062732848,0.0615071852089602,0,-0
-2.90017448032347,-2.81172061829082,-5.3284277847585,0.0577806678659721,0.0816173659276151,0,0
-2.83335905312709,-2.7373183421928,-5.44411425447606,0.0668154271963764,0.0744022760980182,0,-0
-2.77737120109827,-2.6544608716473,-5.30662816025673,0.0559878520288203,0.0828574705455031,0,-0
-2.78621378481473,-2.55485259531838,-4.62384750035448,-0.00884258371645416,0.0996082763289151,0,-0
-2.8090821473681,-2.45750251573892,-4.48166371963575,-0.0228683625533695,0.0973500795794623,0,0
-2.78917356653604,-2.35950430958568,-4.91281394689918,0.0199085808320583,0.0979982061532424,0,-0
-2.792642529832,-2.25956449622958,-4.67769238624055,-0.00346896329596127,0.0999398133560958,0,-0
-2.80352339958165,-2.16015822543397,-4.60336442715703,-0.0108808697496501,0.0994062707956151,0,-0
-2.85689582419524,-2.07559236772019,-4.14939054481029,-0.0533724246135903,0.0845658577137761,-0,-0
-2.89052306558294,-1.98141589169431,-4.36943298038822,-0.0336272413876969,0.0941764760258822,-0,-0
-2.9345092385627,-1.89160934078295,-4.25694427728988,-0.0439861729797646,0.0898065509113574,-0,0
-3.01049800071623,-1.82660389465438,-3.84924875830239,-0.0759887621535243,0.0650054461285754,-0,-0
-3.09034990036106,-1.76640693357567,-3.78755805563793,-0.0798518996448318,0.0601969610787099,0,-0
-3.14987281747819,-1.68605133428186,-4.07483816552979,-0.0595229171171345,0.0803555992938062,0,-0
-3.21982031741343,-1.61458562745117,-3.93772636711196,-0.0699474999352335,0.0714657068306927,-0,-0
-3.28615557930155,-1.53975493167575,-3.98709879426663,-0.0663352618881281,0.07483069577542,-0,-0
-3.34237573653972,-1.45705490797493,-4.11534346356074,-0.0562201572381652,0.0827000237008188,0,-0
-3.36934545131203,-1.36076038847823,-4.43931046901974,-0.026969714772316,0.0962945194966978,0,0
-3.28005996619239,-1.3157259333694,-5.81603410746208,0.089285485119648,0.0450344551088289,0,-0
-3.26041458422058,-1.21767462553936,-4.91012892415389,0.0196453819718094,0.0980513078300423,-0,-0
-3.23047224732706,-1.12226259033753,-5.01647721820541,0.0299423368935191,0.0954120352018287,-0,0
-3.17861410431183,-1.03675976580517,-5.25758000353293,0.051858143015226,0.0855028245323648,-0,0
-3.13087080935647,-0.948892947342195,-5.21011984176708,0.0477432949553652,0.0878668184629727,0,-0
-3.12751358404109,-0.848949318039564,-4.74596754326567,0.00335722531538149,0.0999436293026312,-0,-0
-3.06141570499577,-0.773908859713997,-5.43451134350538,0.0660978790453134,0.0750404583255668,0,-0
-3.03267273386619,-0.678128686344746,-5.00393120452705,0.0287429711295867,0.0957801733692508,-0,-0
-3.0078723897113,-0.581252771227525,-4.96300774600383,0.0248003441548896,0.0968759151172211,0,0
-2.97303865448691,-0.48751584739109,-5.06818575980119,0.0348337352243819,0.0937369238364352,-0,0
-2.88443242404662,-0.441159230526164,-5.80116958825601,0.0886062304402941,0.0463566168649256,0,0
-2.7858435632333,-0.424418963995063,-6.11499074193219,0.0985888608133176,0.0167402665311009,-0,0
-2.69400964551226,-0.384839530497292,-5.87625264811819,0.0918339177210443,0.0395794334977709,0,-0
-2.61234498525659,-0.327125725690076,-5.66796549135682,0.0816646602556731,0.0577138048072166,-0,-0
-2.51973499548257,-0.289397887240777,-5.89632956882215,0.0926099897740176,0.0377278384492985,-0,0
-2.43402212613652,-0.237887654971184,-5.74205828376066,0.0857128693460472,0.0515102322695933,-0,-0
-2.34489678059941,-0.192537100587692,-5.81249061245401,0.0891253455371139,0.0453505543834918,0,-0
-2.24545149925225,-0.182018734850315,-6.17780672610351,0.0994452813471548,0.0105183657373769,0,-0
-2.14605087222659,-0.192951042333397,-6.39272732466877,0.099400627025665,-0.0109323074830815,0,-0
-2.04718889913337,-0.207994654802357,-6.4341947102038,0.0988619730932159,-0.0150436124689602,-0,-0
-1.94881908109463,-0.225977393721268,-6.46399628429823,0.0983698180387373,-0.0179827389189109,0,0
-1.84974276578837,-0.212417019635949,-6.14716250057883,0.0990763153062638,0.0135603740853192,0,-0
-1.75351964233012,-0.185193674655252,-6.00747191978197,0.0962231234582518,0.0272233449806968,-0,0
-1.65692937840508,-0.211084231136171,-6.54507426784523,0.0965902639250372,-0.0258905564809192,0,0
-1.5668106078434,-0.254427133582258,-6.73147962379576,0.0901187705616813,-0.0433429024460874,0,-0
-1.48055722791017,-0.305027078741251,-6.81372561823567,0.0862533799332346,-0.0505999451589929,-0,-0
-1.38078035631335,-0.311703596872144,-6.35000019021179,0.0997768715968178,-0.00667651813089322,-0,-0
-1.28717053522142,-0.27652972311423,-5.92375741946775,0.0936098210919256,0.0351738737579142,0,0
-1.18999300715511,-0.252938876607124,-6.0450319940272,0.0971775280663084,0.0235908465071063,-0,0
-1.09097973276208,-0.238925615246181,-6.14258995855656,0.0990132743930323,0.0140132613609428,-0,0
-1.0166702608699,-0.172006990132503,-5.5500721413832,0.074309471892182,0.0669186251136783,0,-0
-1.0126493739821,-0.0720878604893985,-4.75260869178875,0.00402088688780359,0.0999191296431043,0,0
-1.03840230985489,0.024539186934869,-4.45192453581328,-0.0257529358727963,0.0966270474242675,0,0
-1.06050558487312,0.122065825518737,-4.48951569509473,-0.0221032750182317,0.097526638583868,-0,-0
-1.02222251040118,0.214447675516318,-5.10524751709332,0.0382830744719441,0.0923818499975811,-0,0
-0.965966735824584,0.297123475039439,-5.30986524140312,0.056255774576596,0.0826757995231205,0,0
-0.995905886232959,0.392536510169995,-4.40833413948754,-0.0299391504083746,0.095413035130556,0,-0
-1.05527036134792,0.473009232842497,-4.07680848952472,-0.0593644751149584,0.0804727226725024,-0,0
-1.1333902119759,0.535437503184237,-3.8158056491323,-0.0781198506279849,0.0624282703417396,-0,0
-1.19335442838334,0.615464328378304,-4.06933509151121,-0.059964216407439,0.0800268251940674,0,0
-1.22657333357684,0.709785610906402,-4.37376550464313,-0.0332189051934989,0.0943212825280983,-0,-0
-1.20573784387702,0.807590939845928,-4.9222816201314,0.0208354896998194,0.0978053289395252,0,0
-1.21068160998793,0.907468660968511,-4.66293115880879,-0.00494376611090783,0.0998777211225839,0,0
-1.17488805375266,1.00084328992109,-5.07844501507382,0.0357935562352726,0.0933746289525821,0,-0
-1.09898183193397,1.06594509856887,-5.57426039814235,0.0759062218186871,0.0651018086477809,-0,-0
-1.02866221280869,1.137044684827,-5.49227191533466,0.0703196191252756,0.0710995862581223,0,-0
-0.939495587048643,1.18231402158564,-5.81340167556743,0.08916662576005,0.0452693367586404,0,-0
-0.904537418468376,1.27600461049143,-5.06951356206226,0.0349581685802674,0.0936905889057893,0,-0
-0.905306896283271,1.37600164996706,-4.70469412629958,-0.000769477814895133,0.0999970394756384,-0,0
-0.882352746385112,1.47333153747575,-4.94399555769146,0.0229541498981588,0.0973298875086828,-0,-0
-0.94236635034868,1.55332133269554,-4.06871781120078,-0.0600136039635682,0.0799897952197903,0,-0
-0.994771603952978,1.63848992664113,-4.16078670548842,-0.0524052536042978,0.0851685939455926,-0,-0
-1.08318021052418,1.68522233813613,-3.627854277228,-0.0884086065712051,0.0467324114949986,0,-0
-1.17231967459266,1.73054513533119,-3.61197593308685,-0.0891394640684792,0.0453227971950575,-0,-0
-1.2642292435935,1.76994857586728,-3.54660967568357,-0.091909569000833,0.0394034405360892,0,-0
-1.33945495944846,1.8358355372034,-3.86090776388959,-0.0752257158549676,0.0658869613361223,-0,-0
-1.43232222645352,1.87292557250956,-3.52157099209481,-0.0928672670050524,0.0370900353061616,-0,-0
-1.51688581061498,1.9263015992797,-3.70463368560994,-0.0845635841614667,0.0533760267701385,0,-0
-1.59892423271941,1.98348286630497,-3.75030634997045,-0.0820384221044322,0.0571812670252681,0,-0
-1.67454614839095,2.04891470771392,-3.85487361483978,-0.0756219156715396,0.0654318414089544,-0,-0
-1.77303269858771,2.0662467425149,-3.3157927015942,-0.0984865501967537,0.0173320348009781,-0,0
-1.84955433911928,2.13062405630133,-3.84101156556741,-0.0765216405315721,0.0643773137864331,0,-0
-1.88552726039589,2.22392973102065,-4.34441131837207,-0.0359729212766135,0.0933056747193147,0,0
-1.93509780792425,2.31077880020241,-4.19374203654158,-0.0495705475283578,0.0868490691817639,-0,-0
-2.0230232522406,2.35841404179699,-3.6380941850179,-0.0879254443163443,0.047635241594574,-0,0
-2.05092384183927,2.45444298066463,-4.42963024004346,-0.0279005895986763,0.0960289388676468,-0,0
-2.08191171570303,2.5495205893504,-4.3973234899434,-0.0309878738637586,0.0950776086857667,-0,-0
-2.16401144413193,2.60661379903335,-3.74923338389173,-0.0820997284288996,0.0570932096829469,0,-0
