X,Y,Theta,FmPi_x,FmPi_y,Xi_x,Xi_y
0,0,4.99641104434012,0,0,0,0
0.160239132814885,-0.0220066866092757,3.3958722984853,-0.0967844750874772,-0.0251548282053665,0.257023607902362,0.00314814159609079
0.2287761200955,0.0528835516361133,5.09503090884779,0.0373372637620276,-0.0927681450432463,0.0311997235185873,0.167658383288635
-0.139753601757902,0.0908581145125175,3.49544519078132,-0.0938044718462664,-0.0346514222167435,-0.274725250007135,0.0726259850931477
0.0575241002615639,-0.108792353166716,4.23651727492487,-0.045811347464263,-0.0888893719378676,0.243089049483729,-0.110761095741366
0.00896033014441419,-0.103128417071333,5.59461635103697,0.0772156137598788,-0.0635432843948534,-0.125779383877028,0.0692072204902373
0.225888027552779,-0.21340553271086,6.00063536561936,0.0960347623834184,-0.0278805382652555,0.120892935024946,-0.0823965773742723
0.233416098574147,-0.00224916223276633,6.79241935567452,0.0873118171694573,0.0487508623776776,-0.0797837461480891,0.162405508100416
0.219112345319255,-0.132307178725966,6.11725467042543,0.0986265068951312,-0.0165170256906214,-0.112930260150023,-0.113540990802578
0.174131035636149,-0.43063392231612,5.28829583821286,0.0544595595065687,-0.0838698776578964,-0.0994408691896746,-0.214456865932257
0.317308284309102,-0.307947265144865,6.74487108497354,0.0895302826797962,0.0445458020836507,0.0536469659931568,0.0781408550876036
0.304105009475151,-0.127361308718431,7.78812794237033,0.00658061038778327,0.0997832429164547,-0.0197838852217342,0.0808027135099795
-0.12587977707169,0.225840691760315,9.11493255392868,-0.0952380718483973,0.030491140854345,-0.334746714698443,0.322710859624401
-0.0510582466333105,0.20995504973639,8.9715768140343,-0.0899050102641274,0.0437845763872067,0.164726540702507,-0.0596702184111315
0.0761169321550635,0.224622519163373,7.04552760677058,0.0723220363439905,0.06906173368124,0.0548531424443835,-0.0543942642542568
0.0906780234936904,0.0987283588321357,5.93251024372657,0.0939141021045955,-0.0343531865463397,-0.0793530107659686,-0.0915409737848976
-0.0283291885518454,-0.172283004066024,5.77695485923522,0.0874578512198068,-0.0484883930442549,-0.206465063265343,-0.222522969853905
0.0967066117166351,-0.279415723995239,5.28355317226719,0.0540611817100572,-0.0841272169521385,0.0709746185584234,-0.0230055029770767
0.333448347495843,-0.17997850641332,6.26893661294368,0.0999898489073744,-0.0014248212099928,0.136751886871833,0.100862038791911
0.576737721754608,-0.294870036745608,5.84672038591753,0.0906251736394321,-0.0422738441926302,0.152664200619333,-0.072617686139657
0.450753632017424,-0.382869419387151,4.55661146521086,-0.015514824650715,-0.0987891199275384,-0.110469265086469,0.010789737285995
0.501539510214383,-0.238087357013165,4.07299982574348,-0.0596705373505475,-0.080246040228144,0.110456415547507,0.22502810260213
0.54462445058721,-0.404852061382082,5.16703404866397,0.0439143464799194,-0.0898416950710615,-0.000829406107092437,-0.0769230092978558
0.634562515548476,-0.459597403315278,4.80505383615095,0.00925322973061005,-0.0995709683570093,0.0806848352306565,0.0448256264238133
0.550233855133874,-0.657695645035405,5.75372272992346,0.0863078631017686,-0.0505069576079017,-0.170636523516371,-0.147591284112225
0.494237167390202,-0.63992684530286,6.05506219422142,0.0974092567844686,-0.0226149661219614,-0.15340594452814,0.0403837658545061
0.773042476092532,-0.560765833261309,5.90798658716237,0.09304348178568,-0.036645743234349,0.18576182691665,0.1158067552759
0.463727014051035,-0.892200886133509,3.75649342328999,-0.0816830694646628,-0.0576877470770967,-0.227632392576835,-0.273747305795103
0.464203847203392,-1.04558673741582,4.49254803360132,-0.0218074400692727,-0.0975932147109884,0.0222842732216297,-0.0557926365713191
0.599038545802202,-1.02436971560002,6.6207582458036,0.0943561281667789,0.033119798872795,0.0404785704320315,-0.0119027770570025
0.523137886046508,-0.819744558297943,6.569757622944,0.095921839832017,0.0282665994283161,-0.171822499587712,0.176358557873766
0.463501437385163,-0.535316340745146,7.50327158835011,0.0343564718445321,0.0939129002980734,-0.0939929205058768,0.190515317254724
0.423991622196089,-0.712668936053147,8.58279500918693,-0.0665984923292031,0.0745965201566204,0.0270886771401292,-0.251949115464622
0.3906767669674,-0.795454450287306,6.89081017827029,0.0821006338718471,0.057091907638832,-0.115415489100536,-0.139877421872991
0.563728256089761,-0.85858883693345,5.74679640058821,0.0859559678166786,-0.0511035380056813,0.0870955213056824,-0.0120308486404626
0.491923518610407,-1.07673327801446,5.4631155815197,0.0682170226003836,-0.0731193396273432,-0.140021760079737,-0.145025101453667
0.558845116876398,-0.968923575243115,5.29524988424983,0.0550414730031989,-0.0834891385129714,0.0118801252627916,0.191298841284317
0.856556689083652,-1.33488854294149,4.26230910736153,-0.0435037454155941,-0.0900412357468242,0.341215317622848,-0.275923731951548
0.701740088857288,-1.54787740383221,5.04403860524686,0.0325603201754695,-0.0945506507120438,-0.187376920401833,-0.118438210178674
0.556112007437012,-1.62932832443561,4.73061952691427,0.00182295367174159,-0.0999833828188999,-0.147451035092018,0.0185324622154975
0.521565076214201,-1.51387333653027,4.07184110691496,-0.0597634798697653,-0.0801768449981425,0.0252165486469544,0.195631832903475
0.69160339509811,-1.8637442313778,5.15184859124247,0.0425450484923078,-0.0904981704167945,0.127493270391601,-0.259372724430731
0.70666941477891,-1.80809779050106,5.87353192383096,0.0917258932351441,-0.0398291414697197,-0.0766598735543441,0.0954755823464629
0.897360992013883,-1.84509031329659,5.70231497822952,0.083598537207918,-0.0548751726803328,0.107093040027054,0.0178826498848035
1.01975969613445,-1.74386857251766,5.72881183211506,0.0850230416558204,-0.0526410712998191,0.0373756624647476,0.153862812078742
0.870824098060035,-1.81412004137917,5.16912065140185,0.0441017146712539,-0.0897498677606564,-0.19303731274567,0.0194983988991514
1.12518803242487,-1.78275990634845,6.96662576009976,0.0775404788273753,0.0631464499653097,0.176823455537456,-0.0317863149345916
0.939829840587812,-1.56819974547923,8.56420135770226,-0.0652000385383811,0.0758218634339306,-0.120158153298673,0.13873829743529
1.14602233476695,-1.68620841677095,7.11269244430816,0.0675239377062706,0.0737598660291604,0.138668556472869,-0.191768537320885
1.04475011588653,-1.88358548884185,9.03509027074954,-0.0925027751385097,0.0379899538256406,-0.00876944374191563,-0.235367025896537
0.96988484309,-1.77691123407997,9.85017265450489,-0.0910875921566446,-0.0412680330898479,0.0162223193601184,0.147942287851729
0.935659216704808,-1.54773772974241,8.68549887499827,-0.0738954470539897,0.0673755363963138,0.039669820668798,0.161797967941243
0.954228760712785,-1.57702796887938,10.6928560859668,-0.0298115908891851,-0.0954529677310028,0.0483811348971617,0.0661627285940344
0.508788451980954,-1.66216899482762,9.06071333472586,-0.0934457233545999,0.0356075383414185,-0.35199458537723,-0.120748564289661
0.716958046553063,-1.793345108789,11.0944807739783,0.00987453066018789,-0.099511273955472,0.198295063911921,-0.0316648400059042
0.795737055817267,-1.74019948847875,11.1477858324578,0.0151624476873709,-0.0988438171062194,0.063616561576833,0.151989437416464
1.03209047188676,-1.47351940840891,11.8990828581294,0.0785503046191917,-0.0618857790145054,0.157803111450303,0.328565859084346
0.997617502453501,-1.70085786209908,9.98991273268544,-0.0844516433737829,-0.0535529637972297,0.0499786739405221,-0.173785489892937
0.698713234010106,-1.60954731277172,9.62206108940747,-0.0980602719067948,-0.0196005886025262,-0.2008439965366,0.110911137929885
0.817697663022419,-1.81150079585936,10.0874774201602,-0.0788334271096818,-0.0615247167416681,0.197817856121994,-0.140428766345968
0.636069127933112,-1.74949606113558,10.8511874219249,-0.0143885702517831,-0.0989594313146024,-0.167239964837524,0.160964166038383
0.506577554296905,-1.75440420127735,9.10554592423927,-0.0949476713771825,0.0313837489801739,-0.0345439022590247,-0.0362918891219463
0.534863781900543,-1.6251178586824,7.9670828125211,-0.0112860203338187,0.0993610876803622,0.0395722479374575,0.0299252549145923
0.451185834740022,-1.5753240365708,9.52877498313308,-0.0994597181765448,-0.0103809662480087,0.0157817710160234,0.0601747883596025
0.308440824447652,-1.51551002281267,7.33324133371595,0.0497522448391932,0.0867451101415001,-0.192497255131563,-0.0269310963833658
0.424338957888154,-1.33696395893485,8.65431785849187,-0.0717590300224769,0.0696465477265978,0.187657163462979,0.108899516151221
0.142939412449328,-1.20698727829117,9.97493155048419,-0.0852444232621955,-0.0522818161763309,-0.19615512217663,0.182258496820011
0.106447271980254,-1.18274161691287,9.86078175910507,-0.090644657442472,-0.0422320503544039,0.0541525169733985,0.0664777117327077
-0.0407835655969251,-1.18407494826531,9.16766508984148,-0.0967128174162682,0.0254289391718879,-0.0505180201609111,-0.0267622705243318
-0.0364830701899504,-0.927264348217556,7.92482116453042,-0.00707802971367092,0.0997491929559954,0.0113785251206456,0.157061407091758
-0.104456893886367,-0.776913808013705,9.19822504075239,-0.0974446465485241,0.0224619869787428,0.0294708228521072,0.127888553225107
-0.0360660052139653,-0.797994697219221,8.2104441811662,-0.0348961345230411,0.0937137118854537,0.103287023195443,-0.11479460109097
-0.181152337491865,-0.719219454070715,8.64653954346032,-0.0712151319179521,0.0702025995666021,-0.0738712003599476,0.00857264358190435
-0.0610841475638746,-0.836416032437318,9.75230950964436,-0.0946839344858825,-0.0321706784241973,0.214752124413873,-0.0850258999424057
-0.27944650436147,-1.04877533786754,10.4353134100902,-0.0531407209616161,-0.084711650767056,-0.165221635835979,-0.12764765466317
-0.380605497219611,-1.21027095889614,10.7681290373217,-0.0225489308279246,-0.0974245642459717,-0.0786100620302164,-0.0640710567826224
-0.383560905926135,-0.975880771581177,9.51710660102579,-0.099574073808508,-0.00921975190435241,0.0966186651019836,0.243609939219313
-0.300997750965737,-1.24598104516935,10.721325823336,-0.02708235633749,-0.0962629003054095,0.109645511297887,-0.173837373282765
-0.274377044668018,-1.3576532837697,11.4842825774922,0.0469485777624636,-0.0882940034548322,-0.0203278714647441,-0.0233782351455202
-0.0741565836492943,-1.18687931994796,13.7381619943058,0.0388501645027383,0.0921448029902402,0.161370296515985,0.0786291608315078
-0.00437326334052854,-1.43434192136175,13.4498730330484,0.0634447791521245,0.0772965717114165,0.00633854115664129,-0.324759173125213
0.0207816423213032,-1.2620201005813,13.1797659091925,0.0817698243197407,0.0575647099421056,-0.0566149186579089,0.114757110838344
0.0411034396131702,-1.2875383292552,13.0068806444408,0.0904534303612406,0.0426400860210694,-0.0701316330693736,-0.068158314694963
0.14902206738624,-1.31754200340599,12.9856009515104,0.0913402507905046,0.040705756171919,0.0165783769825654,-0.0707094303227101
0.308184208587556,-1.1524839302921,15.3207899135123,-0.0925980021348464,0.0377572509676615,0.251760143336162,0.127300822146225
0.0922186326517378,-1.34376006710994,15.5431095565366,-0.0986442373032926,0.0164108027485462,-0.117321338632526,-0.207686939566381
0.135921984250112,-1.10019137150553,14.8263895484542,-0.0635937428918265,0.077174062125874,0.107297094490201,0.166394633478533
0.182258714935084,-0.846803127557881,14.1326319550068,0.00045349706028049,0.0999989716967946,0.0458832336246917,0.153389272250853
0.234865700101587,-0.965317485543682,13.1801957247176,0.0817450745613361,0.0575998505637089,-0.0291380893948338,-0.17611420854951
0.504143763663552,-0.955829248168674,13.6896316792984,0.0432744848845341,0.0901516442333596,0.226003578677431,-0.0806634068583514
0.25739703422797,-0.668260728875269,13.5607885009413,0.0544991050063738,0.0838441861640045,-0.301245834441956,0.2037243331294
0.0442666415718475,-0.519222619222468,14.7241592729943,-0.0553859316419714,0.0832610267541235,-0.157744461014151,0.0657770828986776
-0.165200939280529,-0.666640957079732,16.0392695469331,-0.0945618245904277,-0.0325278546807069,-0.114905756261949,-0.114890483176557
-0.352100766156062,-0.526631812519802,15.1291442360109,-0.0837109265230137,0.0547035719186472,-0.10318890035252,0.0853055726412834
-0.433936430524884,-0.681393958292437,16.5217698356498,-0.0686736396050404,-0.072690654305743,-0.0131620247637811,-0.0820714914668922
-0.248225992968646,-0.547757028563157,14.7588633791473,-0.0582415018129893,0.0812891595882721,0.243951939369227,0.0523477701410085
-0.421321969000149,-0.681012499343744,16.1029071290323,-0.092301816562349,-0.0384756372174715,-0.0807941594691538,-0.0947798335631159
-0.329494987254312,-0.688991091945874,17.7869374822885,0.0486586198728255,-0.0873632572199084,0.0431683618730112,0.0793846646177778
-0.368439484712208,-0.715918533840263,15.9617287110875,-0.0967973969486935,-0.0251050581349071,0.0578528994907983,-0.00182238375948163
-0.71040546416282,-0.372495878548009,15.3531743157495,-0.0937719826118951,0.0347392469267031,-0.248193996838717,0.308683408365551
-0.539762237660511,-0.526990248872232,14.2065169472434,-0.00692944305322949,0.099759625194625,0.177572669555538,-0.254253995518848
-0.439467095087021,-0.481076840659642,12.8309919461613,0.0965191608397415,0.0261543799542659,0.00377598173374821,0.0197590282583234
-0.1453004891576,-0.609241987453678,11.8126469749391,0.0729145625175591,-0.068435857362007,0.221252043411862,-0.0597292894320289
-0.183614264830742,-0.689408824627756,12.2564703201441,0.0952363981262782,-0.030496368176113,-0.13355017379942,-0.0496704689979651
-0.300973948592933,-0.825237136932515,12.029590912506,0.0859359902330366,-0.0511371252874801,-0.203295673995227,-0.0846911870172782
-0.255704466654867,-1.02922501945941,11.4476536825858,0.0436836977613804,-0.0899540691124775,0.00158578417668526,-0.114033813414422
-0.299642590021162,-0.877953075896585,13.8000793655529,0.0330739979978712,0.094372192177764,-0.0770121213641657,0.0568997513850661
-0.22781619871017,-0.703286056404023,13.439263295805,0.0642612892363457,0.0766191014413686,0.00756510207464545,0.098047918051193
-0.000179185887358213,-0.506147753004141,13.0445823465492,0.0887819288913179,0.0460192253556813,0.138855083931494,0.1511190780442
0.0851230363203305,-0.562130437247201,12.3290095521205,0.0971961874367577,-0.0235138501262268,-0.011893965229069,-0.0324688341168332
-0.0102286260669612,-0.664938951248112,11.0592136440739,0.00635964089843022,-0.0997975699485865,-0.101711303285722,-0.00301094405232383
-0.0811044361658331,-0.87560718200638,10.8243078397706,-0.017043040471192,-0.0985369715969458,-0.0538327696276798,-0.112131259161323
0.123546524081224,-1.03923880890793,12.2783201053857,0.0958799515546785,-0.0284083595068865,0.108771008692378,-0.135223267394664
0.066321687408367,-0.937271382181939,14.5512094383098,-0.0402313519215167,0.0915501956446139,-0.01699348475134,0.0104172310813781
-0.0182809684948779,-1.01717685923278,13.8024826028603,0.032847103932946,0.0944514042416429,-0.117449759836191,-0.174356881292488
0.200749978981238,-0.951493574168328,14.1776982432613,-0.00405202056397285,0.0999178719216394,0.223082968040089,-0.0342345868571833
-0.00852908729508356,-0.847606754338892,13.5380384839375,0.0563922943739542,0.0825827411463273,-0.265671360650276,0.0213040786831085
0.0953222222649052,-0.708662495620127,14.6360733250716,-0.0478465513696575,0.0878106344472623,0.151697860929646,0.0511336242715028
0.022287993396447,-0.651996618406096,15.1079196263804,-0.0825310972240483,0.0564678491798182,0.0094968683555901,0.000198028034213475
0.0313824021708538,-0.852901064774071,12.4321400705142,0.0991004599199663,-0.0133827816111282,-0.0900060511455595,-0.187521664756847
-0.0206358875036312,-0.601945051909821,13.0552181046635,0.0882874673397354,0.0469608678660771,-0.14030575701422,0.203995144998172
0.0965545699367116,-0.796061084378648,13.1571422587969,0.0830511118868428,0.0557002047963839,0.0341393455535,-0.249816237265211
0.0925305256939547,-0.803164681305736,12.1286538837327,0.0905721838531978,-0.0423872564819018,-0.0945962280959547,0.0352836595548134
0.138545312565142,-0.816902148735635,12.606724357519,0.0999185898190775,0.00403427918802548,-0.0539038029478905,-0.017771746617924
0.165911818756658,-0.999422015725602,11.5534583797849,0.0529392296500705,-0.0848377154575552,-0.0255727234585543,-0.0976821515324115
0.308349253601568,-1.14467808820691,10.0522163195483,-0.0809534033019614,-0.0587072950648383,0.223390838146872,-0.0865487774164745
0.0270278191041302,-0.996043185900116,8.4442652206715,-0.0556596644260558,0.0830782869104729,-0.225661770071382,0.065556615396326
0.138765060813305,-0.675277205901597,8.68741770343548,-0.0740245930319892,0.0672336197630945,0.185761834741164,0.253532360235424
0.108873906892901,-0.781868225898117,8.21152957562837,-0.034997830291742,0.0936757806205554,0.00510667637133877,-0.200266800617076
0.163750937263892,-0.66802179561129,6.84889935683561,0.0844206071662709,0.0536018757664148,-0.02954357679528,0.0602445545204123
0.048832135435587,-0.495649894468501,8.69278954867007,-0.0743846918439425,0.0668350029496649,-0.0405341099843629,0.105536898193124
0.214102067904394,-0.565178141358422,7.87821830568333,-0.00242342989427168,0.0999706306249368,0.167693362363078,-0.169498877514858
0.127555222619512,-0.168944373422466,8.32113562669865,-0.0450347044836074,0.0892853593377668,-0.0415121408012744,0.30694840859819
0.271410857488983,-0.0518240275279615,9.89606459753279,-0.0890984850245487,-0.0454033034737591,0.232954119894019,0.162523649368263
0.187911752753932,-0.230358016500208,9.32389562384623,-0.099491569126526,0.0100711306585553,0.0159924643914754,-0.188605119630802
0.181276073871037,-0.116048101337135,9.29610897349641,-0.0991733560034669,0.0128314246679635,0.092537677120572,0.10147849049511
-0.0625711416035691,-0.199491714748108,10.0060166638997,-0.0835783169394832,-0.0549059644989804,-0.160268898535123,-0.0285376489119921
-0.250042856921685,-0.0199514362388806,9.2837014174672,-0.0990065198233097,0.014060904397534,-0.088465195494806,0.165479374111693
-0.416680773048459,-0.25980244494846,9.13568598081496,-0.0958503130793285,0.0285082002693033,-0.0707876030474462,-0.268359208978882
-0.468493857458584,-0.0766429486512914,9.65605483816034,-0.0973374501998563,-0.0229220589954415,0.0455243657897316,0.20608155529261
-0.434948870707241,-0.168510196240015,9.40654440679291,-0.0999833773360114,0.00182325436644691,0.133528364087354,-0.0936905019551705
-0.444969365846444,-0.388576984730113,8.25682357130105,-0.0392034363815459,0.0919950573448274,0.0291829412423427,-0.312061845834925
-0.542497771220917,-0.125475993771101,7.76658338553895,0.00872870263413607,0.0996183203548666,-0.106257108008609,0.163482670604146
-0.609042416788935,-0.445592493666946,6.33765811829383,0.0998516723254748,0.00544458756987314,-0.166396317893493,-0.325561087465718
-0.710875592373831,-0.375359593569707,5.66827477137743,0.0816825060763474,-0.0576885447995309,-0.183515681661243,0.12792144489677
-0.410026097658958,-0.25769759725118,6.6412379149429,0.0936581064734107,0.0350451008247268,0.207191388241462,0.0826168954937997
-0.64976121846006,-0.145124010640771,8.25936667310069,-0.0394372621538281,0.0918950616399501,-0.200297858647273,0.0206785249704597
-0.71190017645116,-0.112529533451112,9.0388431901583,-0.092644696616416,0.0376425316477549,0.030505738625316,-0.00504805445809622
-0.735711502297019,-0.269617331844409,10.2030636435887,-0.0712118136767168,-0.07020596550773,0.0474004878308574,-0.0868818328855671
-0.642608768904167,-0.290665239462578,11.8077971090747,0.0725818015728844,-0.0687886769783693,0.0205209318199684,0.0477407693602003
-0.685340997568322,-0.101668324120628,12.905043701713,0.0943196343685785,0.0332235845835104,-0.137051863032734,0.15577333075844
-0.437419045898762,-0.222777073800226,13.1076030678944,0.0857074381399055,0.0515192687010819,0.162214513529655,-0.17262801838068
-0.344230507174287,-0.166742464769495,10.6167480490523,-0.0369830183367206,-0.0929099367920665,0.130171557061196,0.148944545822798
-0.282583024542203,-0.337344558046141,10.4363759416768,-0.0530506821766324,-0.0847680666323937,0.114698164808716,-0.0858340266442531
-0.480002524653986,-0.0521656770431351,9.54414801602854,-0.0992883850935969,-0.0119086768998748,-0.0981311150181859,0.297087557902881
-0.530944822889815,-0.222883976284477,9.92055836442699,-0.0879597725472101,-0.0475718237346758,0.0370174743113812,-0.123146475506666
-0.550221405718641,-0.328620474679826,10.1717988795261,-0.0733716276275296,-0.0679455977918153,0.054095044798704,-0.0377909006035338
-0.763096393858137,-0.263066107387829,10.183656949401,-0.0725607843912506,-0.0688108463000307,-0.140314203748246,0.134365213592028
-0.534007280961557,-0.372352162624722,10.7209115913069,-0.0271222291893633,-0.0962516736675246,0.256211342085943,-0.0130343815693685
-0.383632367853194,-0.509603220737975,11.2905399899087,0.0290707033882292,-0.0956812113453503,0.121304209720134,-0.0415698467679019
-0.419251596311692,-0.702778622697829,11.3076323201723,0.0307017922563007,-0.0951703732904886,-0.0663210207147983,-0.0980050286693661
-0.233760556706241,-0.655859999919196,12.3323791792147,0.0972748683922641,-0.0231862023468203,0.0882161712131866,0.070104825125454
-0.270574589743087,-0.464571905667545,12.887302219751,0.0948941954305615,0.03154507368174,-0.131708228467407,0.159743020569911
-0.303473602751784,-0.241739311359745,13.2190979099376,0.079443031769671,0.0607355308138741,-0.112342044778368,0.162097063493926
-0.0674659673979373,-0.172910214776389,14.4273233872349,-0.0286102135103649,0.0958199127681263,0.264617848864212,-0.0269908161847707
-0.492539613499279,-0.251772478130409,15.6365227877187,-0.0997449214048632,0.00713797267700515,-0.325328724696479,-0.0860002360310254
-0.532669623405472,-0.240232461661241,13.2948859359163,0.0746163667669788,0.0665762556058517,-0.114746376673172,-0.0550362391366833
-0.45600097453473,-0.0756701424905893,14.2204503104607,-0.00831871254556043,0.0996533944308187,0.0849873614163023,0.064908924739833
-0.43965645251205,-0.0725224287077171,14.9607150186706,-0.07335617962358,0.0679622756463692,0.0897007016462599,-0.0648145618634971
-0.357766050398245,-0.0295027138160931,14.1751064474077,-0.00379304051823039,0.0999280383257225,0.0856834426320359,-0.0569083234340984
-0.442364073688624,0.283978267366789,13.7180351814834,0.0406967518823609,0.091344263017584,-0.12529477517274,0.222136718165298
-0.408258921088593,0.334532062348303,13.6105681548802,0.050259583154521,0.0864521503557534,-0.0161544305544901,-0.0358983553742394
-0.154133924349308,0.226624791492843,12.5632404176809,0.0999995100938378,-0.000313019156657622,0.154125486645448,-0.107594251698803
-0.0178210825210539,0.302170689991801,14.2839276017207,-0.0146234388881528,0.0989249970183697,0.150936280716407,-0.0233790985194118
-0.224187819375214,0.221332192428575,10.6491874974734,-0.0339501425734316,-0.094060554002428,-0.172416594280728,0.0132220564392022
-0.0595279226704199,0.202028203805903,11.2233899469838,0.0225850162328691,-0.0974162052317839,0.142074880471925,0.0781122166091121
-0.0658761381811723,0.385199983777356,11.2071990625747,0.0210048704180674,-0.0977690923488614,-0.0273530859288198,0.280940872320315
-0.130405936302089,-0.0242141538095829,10.9185625786841,-0.00769356079010995,-0.0997036063659128,-0.0568362373308064,-0.309710531221027
-0.458940033347296,-0.12748743282518,11.1021809567921,0.0106404853465503,-0.0994322888783611,-0.339174582391758,-0.00384099013723591
-0.15544640546772,-0.313483825912661,12.2519289440528,0.0950969210443689,-0.0309285565114358,0.208396706835207,-0.155067836576046
-0.0344180543410046,-0.287998484769284,12.2600893502275,0.0953461414863121,-0.030151505827606,0.0256822096404036,0.0556368469709835
-0.0146988391964618,-0.342564107760385,11.2675479813948,0.0268633104604394,-0.0963242573348274,-0.00714409531589655,0.0417586343437265
0.0622643425744097,-0.589288521598385,10.8765084294051,-0.011878473110543,-0.0992920030846498,0.0888416548814145,-0.14743241075335
0.166699304074715,-0.746887186850244,11.199637721959,0.0202650115915322,-0.0979251209097802,0.0841699499087727,-0.059673544342079
0.0758589900566701,-0.753274051377878,10.6402573625525,-0.0347887511399098,-0.0937536281651298,-0.0560515628781346,0.0873667636374963
0.12940376865368,-0.774041019555345,11.9200961892446,0.0798332935828855,-0.0602216342829453,-0.0262885149858752,0.0394546661054775
0.287166800434705,-0.962862095086065,10.8608266673684,-0.0134340223239744,-0.0990935267522504,0.171197054104999,-0.0897275487784697
0.408357539272202,-0.777382178469601,11.4463723622561,0.0435684019558819,-0.0900099680647133,0.0776223368816148,0.275489884681178
0.207350798654309,-0.915905638292724,11.9351241466378,0.0807292530869573,-0.0590151480216901,-0.28173599370485,-0.0795083118014326
0.222104213785091,-1.10626801481675,11.1354478459765,0.0139417909046318,-0.0990233632350039,0.00081162422615022,-0.0913390132890185
0.359217491682425,-1.18296680978918,10.7189440032507,-0.0273115602101486,-0.0961981220133087,0.164424838107483,0.019499327040873
0.345617170386194,-1.23148555755878,11.761951284505,0.0693529682982059,-0.072042805249574,-0.0829532895944371,0.0235240574799715
0.344538041909225,-1.67042319409808,11.2195732178628,0.0222130413657011,-0.0975016963610667,-0.02329216984267,-0.341435940178227
0.633336302725639,-1.50635007891225,13.6744420230555,0.0446388125415635,0.0894839450118241,0.24415944827485,0.0745891701740089
0.535882438519741,-1.48548468811204,11.4880590537634,0.0472816823942407,-0.0881160740726126,-0.144735546600139,0.108981464872821
0.430302631457834,-1.8324356728236,11.2730704217704,0.0273948430956638,-0.0961744382451177,-0.13297465015757,-0.25077654646645
0.462666463864426,-1.89346695208075,10.4060690704418,-0.0555949819607879,-0.0831215855285477,0.0879588143673797,0.0220903062714047
0.350497856439835,-1.85459392988194,11.6263165651736,0.0589744376311977,-0.0807589976787972,-0.171143045055788,0.119632019877608
0.654197367488682,-1.85225443089228,12.0735709917306,0.0881011827634893,-0.047309423962613,0.215598328285357,0.0496489229522698
0.662827680029156,-1.95803659301896,12.7803905829059,0.0977185012189454,0.0212389858402648,-0.0890881886784708,-0.127021147966944
0.797542926007145,-2.01000860257209,11.452246675373,0.0440963939336438,-0.0897524820940842,0.0906188520443451,0.0377804725409528
0.910944787335106,-1.90286125561482,12.9837235698368,0.0914165100191219,0.0405342040247959,0.0219853513088387,0.0666131429324718
0.806475872733133,-1.94064046201315,12.8779936511124,0.0951837194383,0.0306603906350032,-0.199652634040273,-0.0684395970333346
0.718042532470361,-2.03602299357086,13.3007084482659,0.074227463081394,0.0670095793487789,-0.162660803344166,-0.162392110906485
0.643969420783832,-1.80572095578539,13.8146991528284,0.0316908112470073,0.0948456244773925,-0.105763922933536,0.135456413308074
0.919798185643029,-1.80674112119708,14.5052620364571,-0.0359838782209431,0.0933014496574428,0.31181264308014,-0.0943216150691256
0.694760214391332,-1.56117797576634,15.1362059705565,-0.08409513817238,0.0541110685143837,-0.140942833079317,0.191452076916354
0.669575033772387,-1.66617406267333,14.9898356270409,-0.0753039015492142,0.0657975866690128,0.050118720930269,-0.170793673576007
0.620526357177352,-1.45708681367462,14.9615754567071,-0.0734146297886221,0.0678991320489413,0.0243659531935871,0.141188116949772
0.633408311601421,-1.4757713593725,13.5438129528467,0.0559144853693654,0.0829069980513046,-0.0430325309452965,-0.101591543749186
0.568316815505186,-1.29487149696884,14.7881176529393,-0.0605942978371623,0.0795508081016231,-0.00449719825907285,0.101349054302038
0.514112591817752,-1.37592772775311,14.1444443589764,-0.00072773535861541,0.0999973519711788,-0.0534764883288186,-0.181053582755445
0.589411114658753,-1.20180991037444,14.2367974712393,-0.00994657857370075,0.0995040982808105,0.0852451014147015,0.0746137190978522
0.47182355064084,-1.34768662563604,14.8945511530327,-0.0687023072927286,0.0726635601430008,-0.0488852567251841,-0.218540275404598
0.512851621696156,-0.984814899916239,13.9649854676838,0.0171331971828902,0.0985213355283626,0.0238948738724257,0.264350390191437
0.242924262172185,-0.928341288627936,15.8716554726721,-0.0986632320158216,-0.016296215762936,-0.171264127508149,0.0727698270512392
0.470125628093487,-1.19091093410179,17.7630291839884,0.0465562059047164,-0.0885015236691304,0.180645160016586,-0.174068121804725
0.513623945030301,-1.12795987309074,19.3040084873017,0.0898501470285676,0.0438970509139826,-0.0463518300917531,0.0190540100970695
0.408748096007615,-1.03718709990074,21.7301274853516,-0.0966126972065929,0.0258067188628696,-0.00826315181609383,0.0649660543271336
0.375396757622313,-1.03212587009901,21.1906864641387,-0.0696375136836027,0.0717677970120726,0.036286175298301,-0.0667065672103474
0.360944899004733,-0.749210643715812,21.2485751239199,-0.0736730868295273,0.067618608954998,0.0592212282119474,0.215296617428201
0.332037863164968,-0.666307355023722,20.9230264139701,-0.0481770622713507,0.0876297362252243,0.0192700264315863,-0.00472644753313467
0.302171168974162,-0.470553829470812,21.1473947422453,-0.0664662863885054,0.0747143411516235,0.0365995921976986,0.121039184401287
0.0965285158026421,-0.560897205157222,21.6854218954415,-0.0953628483790546,0.0300986237066323,-0.110279804792465,-0.120441999393042
0.382110602182094,-0.534116012103578,21.6492186976368,-0.0942109321084959,0.0335305870996673,0.379793018487948,-0.0067493940460239
0.16980801202131,-0.385979875990864,20.3592484570095,0.0061065774822751,0.0998133744117138,-0.218409167643059,0.0483227617010002
0.0522710277303548,-0.204133577331647,21.5213631640279,-0.0891665452036459,0.0452694954295514,-0.0283704390873095,0.136576803229666
0.0782204477900323,0.0822530897670038,20.6122824000665,-0.0190753959180203,0.0981637879799408,0.0450248159776978,0.18822287911871
0.251583977186905,0.037750351109193,20.3087457494166,0.0111374947885328,0.0993778456691199,0.16222603460834,-0.143880584326931
0.373546531198645,0.0151677640623705,20.4166861551653,0.000366608495616183,0.0999993279887967,0.121595945516124,-0.122581915035619
0.290837210643446,0.212509434288483,20.1727897699861,0.024504148160964,0.0969512595220172,-0.107213468716163,0.100390410704096
0.31732591612387,0.0246742112925726,20.4063599751879,0.0013991816573688,0.0999902109743233,0.0250895238230547,-0.287825433970234
0.530444459915825,0.210252045700152,19.4457405689659,0.0827483912633603,0.0561489424951694,0.130370152528595,0.12942889191241
0.435867926133453,0.286090060299091,19.1334954454065,0.0959959273745692,0.0280139595112229,-0.190572461156942,0.0478240550877158
0.460308693180187,0.367802773841874,19.2345183870239,0.092681252845034,0.0375524349553379,-0.0682404857982997,0.0441602785874454
0.682364970098869,0.455195223586955,19.4276996760492,0.0837478475214603,0.0546470313514122,0.138308429397222,0.0327454183936685
0.83323289665444,0.473073606987386,19.5550130454566,0.0761315240435282,0.0648381912672591,0.0747364025120418,-0.0469598078668279
0.81201389839162,0.602246772095259,20.5568906471942,-0.0136114552619457,0.0990693105136604,-0.00760754300087436,0.0301038545942122
0.628664091395368,0.566748444407755,20.4723759692683,-0.00520002573580397,0.0998647071409463,-0.178149781260448,-0.13536303482845
0.567818045817792,0.750103344291815,21.3134365943884,-0.07790093727369,0.0627012278339158,0.0170548916961139,0.120653672050144
0.480049606605715,0.885233942586407,21.3394344589782,-0.0795045269740893,0.0606550096086573,-0.00826391223798773,0.0744755886859349
0.372946531763877,0.763370859567146,21.4470344616806,-0.0855586214785406,0.0517660341410447,-0.021544453363297,-0.173629117160306
0.578804238356345,0.598145368332362,22.5895477952583,-0.0826238425369508,-0.0563320569873777,0.288481549129419,-0.108893434247406
0.438619737736602,0.783549765047108,22.4584809455928,-0.0892773247285307,-0.0450506302876718,-0.050907175891213,0.230455027002417
0.304668243378812,0.594509071294383,23.1857408505707,-0.0367392642276405,-0.0930065936587918,-0.0972122301301491,-0.0960341000939336
0.38265069245544,0.395634479488794,23.234598564677,-0.0321531413068185,-0.0946898912456011,0.110135590383447,-0.104184700559988
0.304033159857376,0.389152579750619,22.5704563463633,-0.0836841807409652,-0.0547444782029519,0.00506664814290039,0.0482625784647774
0.0972312792861955,0.466416100997814,22.9589165017466,-0.0567139326872003,-0.0823621869497873,-0.15008794788398,0.159625708196982
0.0553714787082844,0.289590409402286,22.4724957350468,-0.0886372027694316,-0.0462973680160187,0.0467774021915204,-0.13052832357951
0.155392054881884,0.173618069093687,23.0500860974975,-0.0489798663938776,-0.0871835574408266,0.149000442567477,-0.0287887828677721
-0.050573991654749,-0.0116732731624584,23.7116901773982,0.0149186263384761,-0.0988809111414985,-0.220884672875109,-0.086410431114647
-0.139500102397033,0.104808580445866,21.1344433387794,-0.0654930834522146,0.0755688826165986,-0.0234330272900694,0.0409129709917261
0.0579830139841381,0.14311723753186,19.6253427781346,0.0713870236739127,0.0700278005579229,0.126096092707258,-0.0317191434719297
-0.0137149533228725,0.32669939508512,19.3810846272647,0.0862033250937928,0.0506851728099439,-0.157901292400803,0.132896984743316
-0.0113702288157634,0.220212832634058,20.4278863606864,-0.000753404107670227,0.0999971618709778,0.00309812861477934,-0.206483724322039
-0.0228860547692812,0.443980295319159,20.3617032477814,0.00586153837883674,0.099828064029277,-0.0173773643323546,0.123939398655824
-0.058669915518122,0.565185930465077,20.445206448457,-0.00248516413329974,0.0999691150267449,-0.033298696615541,0.0212365201191736
-0.0166102780391113,0.698539472692975,20.4965792392918,-0.00761531922255783,0.0997096129424768,0.0496749567015685,0.0336439292854211
-0.354793252133227,0.703155263685494,20.7485216162182,-0.0322310630896963,0.0946633961576914,-0.305951911004419,-0.0900476051651726
-0.458024312483039,0.89889961036613,21.4636256194515,-0.0864056650744809,0.0503394581122664,-0.016825395275331,0.14540488856837
-0.332588897819392,0.691142063829644,21.2869344493102,-0.0762120589580143,0.0647435098629983,0.201647473621661,-0.272501056399484
-0.3189086387587,0.737533973038646,21.3395527460015,-0.0795117011184034,0.0606456048305043,0.0931919601790958,-0.0142536956215029
-0.314082637110559,0.861503432946476,21.2346874314538,-0.072726946092721,0.0686352046112376,0.0775529477408618,0.0553342552965926
-0.568834194075246,0.887600451788823,21.4249542123299,-0.084394851743912,0.0536424179089936,-0.170356705220776,-0.0275453990666471
-0.643666471035833,0.958888326432006,22.0490496421193,-0.0998324201480055,-0.00578687198684289,0.0250001431874192,0.077074746630026
-0.711770263900271,1.1448847302574,20.966238639416,-0.0519175863952395,0.0854667433736237,-0.0161862064691986,0.100529660451767
-0.665357128330887,1.34561128877772,21.535056192997,-0.0897780431548138,0.0440443295702454,0.136191178724197,0.156682228950083
-0.831543922924192,1.18671063519925,21.6838655250648,-0.0953158882934952,0.0302470071051989,-0.07087090629981,-0.189147660683669
-0.795915427946759,1.25904720198558,23.1595817832199,-0.0391593829425165,-0.0920138181338072,0.0747878779199495,0.16435038492013
-0.989285610999361,1.15727125204544,22.6858000672546,-0.0768276834512566,-0.0640117727883981,-0.116542499601345,-0.0377641771517409
-1.10528128078383,1.13383346568009,22.5655698385168,-0.0839506898969312,-0.0543349028326112,-0.0320449798875341,0.0308971164672654
-1.10108462844529,0.887740649948267,23.0495099169961,-0.0490300917266677,-0.0871553217266425,0.0532267440652033,-0.158937494005183
-1.00097297332281,0.717427588036489,23.7111653619224,0.0148667300539027,-0.0988887270496713,0.0852449250685755,-0.0714243348621059
-1.01106452242492,0.684313023598368,23.8663750898596,0.0299749612987605,-0.0954017908382113,-0.0400665104008684,0.06228722640009
-1.07933508499571,0.771079788738108,23.7959148844895,0.0231841155447428,-0.0972753657737046,-0.0914546781155371,0.184042130913444
-0.833294668178715,0.824977886575146,22.562030031413,-0.0841424986099394,-0.0540373937905628,0.330182915426939,0.107935491627601
-0.800473239489098,0.640459473906438,23.8589312463429,0.0292639813903623,-0.0956222745660473,0.00355744729925477,-0.0888961381026609
-0.894559624581377,0.471501693263179,23.741302294348,0.0178397311094669,-0.0983958535403902,-0.111926116201746,-0.0705619271028684
-1.20530264888364,0.437990626179884,22.9844584122749,-0.0545919750342571,-0.0837837470029781,-0.25615104926801,0.0502726799196826
-0.992448397489418,0.594986768696451,20.7089691577487,-0.0284626613940456,0.0958638456685726,0.241316912788272,0.0611322968479946
-1.06071503494899,0.574115412324292,21.1667366465035,-0.0678988814791209,0.0734148615328279,-0.000367755980453088,-0.0942862179049871
-1.17088872170705,0.415256141520272,23.1258579749862,-0.0422395853720918,-0.0906411464379934,-0.0679341013859703,-0.0682181243660265
-1.41971979911673,0.0756143193906154,22.6250306627982,-0.0805734313732474,-0.0592277144311731,-0.16825764603643,-0.280414107698484
-1.44580393711533,-0.0680125864825345,24.0658291582482,0.0482830668999916,-0.087571373466053,-0.0743672048985933,-0.0560555324070969
-1.20377543491709,-0.207966252971656,24.5264491768052,0.0821766541166452,-0.0569824316626912,0.159851848081594,-0.0829712348264299
-1.28619911116739,-0.0859713790047657,23.8199221736018,0.025512528293324,-0.0966908004935441,-0.10793620454362,0.218685674460434
-1.02254028997652,-0.540292581208565,23.2687308225769,-0.0289030614665681,-0.0957319854482283,0.29256188265744,-0.358589216755571
-0.926301225205332,-0.457676098973774,23.831788988179,0.0266581168318192,-0.096381247174858,0.0695809479393662,0.17899772940965
-0.778435776784973,-0.404341112960132,24.1996514476857,0.0595354302456906,-0.0803463287615589,0.0883300181746686,0.133681314775201
-0.906425908572947,-0.352794850376836,23.9921405964765,0.0417048674091892,-0.0908884152925,-0.169694999197163,0.142434677875796
-0.991407418508027,-0.641817188466783,23.3924733112117,-0.0168661533326806,-0.0985674026834354,-0.0681153566023993,-0.190454935406512
-0.87708572753937,-0.528522639010907,25.2784807536216,0.0989398779553103,0.0145224154391856,0.0153818130133467,0.0987721340166904
-0.834973106003718,-0.618247357688137,23.9059085359827,0.0337221197254797,-0.0941425442678305,0.00839050181017219,0.00441782559060036
-0.657355342770643,-0.881217510006811,24.1161882860546,0.0526300101275617,-0.0850298890624512,0.124987753105514,-0.177940263256223
-0.80661007926915,-0.913217784878413,22.9624336661247,-0.0564239011464703,-0.0825611493343773,-0.0928308353520368,0.0505608744627754
-0.917570064158837,-0.888476844524738,22.0737857773345,-0.0996587489045761,-0.0082543180684206,-0.0113012359851107,0.0329952584220959
-0.76844362288074,-0.7712502582387,20.9189955685121,-0.0478234499205458,0.0878232181014625,0.196949891198643,0.0294033681845755
-0.905752984465269,-0.632147205950781,20.0051384460454,0.0403385575132328,0.0915030096649919,-0.177647919097762,0.0476000426229266
-0.571692377494557,-0.639248536301293,18.9521179863561,0.0994745120183962,0.0102382351360942,0.234586094952315,-0.0173395654866061
-0.642487902254676,-0.442770474559321,19.0898520256224,0.0971267547552366,0.023799023314332,-0.167922279515355,0.17267903842764
-0.621401589602475,-0.596442074189018,20.7657514167359,-0.0338572297879279,0.0940940380209471,0.0549435424401286,-0.247765637650644
-0.750891299803877,-0.681152317469757,21.1656340208124,-0.0678178911079296,0.0734896839404893,-0.0616718190934725,-0.158199927221228
-0.888489271880695,-0.465656471391205,22.6766269293038,-0.0774116316724531,-0.0633043385701838,-0.0601863404043645,0.278800184648736
-0.760475322078907,-0.325439421839459,22.207277443381,-0.0976734930617765,-0.021445016976237,0.225687442863564,0.161662066527983
-0.678136710815081,-0.340638692793093,20.3871221766739,0.0033223956348009,0.099944793197274,0.0790162156290255,-0.115144064150908
-0.924367429384038,-0.178047834403842,21.0326368659267,-0.0574738545719371,0.0818337096839916,-0.18875686399702,0.0807571487052598
-0.784448718680885,-0.164820524913065,20.6666400105723,-0.0243805429537309,0.0969824165778585,0.164299253656885,-0.0837551070870812
-0.877758761382126,0.0496026245098199,20.3148810844019,0.0105275726204159,0.0994443071006172,-0.103837615321657,0.114978842322267
-0.693991032277587,-0.0178310800121463,19.9623124323616,0.0442190827401099,0.0896920995496444,0.139548646364429,-0.157125804071611
-0.640878192145267,0.137992277436614,19.9238495313182,0.0476353458378379,0.0879253878405412,0.00547749429448197,0.0678979696082188
-0.559797238147395,0.104433131858241,18.4537143506495,0.0922672394179437,-0.0385584819487472,-0.0111862854200715,0.004999336370375
-0.437490106624027,0.110272865970524,18.8047647990631,0.0998997045371536,-0.00447761469863358,0.0224074269862137,0.0103173488109161
-0.381175530525392,0.205196651640901,18.566278269317,0.0960144479920465,-0.0279504163973025,-0.0396998718934114,0.12287420206768
-0.2050799288217,0.229407791174377,19.0140955631489,0.0986493865756552,0.0163798207635782,0.0774462151280371,0.00783131876989786
-0.145830156686535,-0.0104372914225307,19.8198315564242,0.0565072142409961,0.0825041498272794,0.002742557894169,-0.322349232424188
-0.224128899525191,0.127349751053596,19.1519407710606,0.0954629001829796,0.0297797697884735,-0.173761643021636,0.108007272687653
-0.244311012318507,0.126110760490859,16.7253882388312,-0.0525558416634793,-0.0850757515808312,0.0323737288701635,0.0838367610180945
-0.32868355395351,0.0182712043180234,16.4879041016605,-0.0710955147200914,-0.0703237355854001,-0.0132770269149116,-0.0375158205874356
-0.403180886951883,0.103656465663418,15.843870642959,-0.0990778799417431,-0.0135489374583231,0.0245805469433702,0.0989341988037177
-0.390727799618137,0.104268464790525,13.7024636481661,0.042114130812058,0.0906995037800366,-0.0296610434783121,-0.0900875046529297
-0.408653509257681,0.347618629648321,14.0500247406348,0.00870319528493639,0.0996205520554482,-0.0266289049244806,0.143729612802347
-0.131143463780706,0.513023576682896,13.7764986217544,0.0352899632560086,0.093566118298183,0.242220082220967,0.0718388287363922
-0.304450210178071,0.363569385719679,13.1197027572324,0.085077812389711,0.0525525055442758,-0.258384558787076,-0.202006696507493
-0.379050745467104,0.203768902871281,11.4668475611622,0.0454021128319056,-0.0890990917484512,-0.120002648120939,-0.0707013910999469
-0.340199837830457,0.0533219552477097,11.975945618291,0.0830704152817095,-0.0556714119178266,-0.0442195076450622,-0.0947755357057447
-0.0969654719429403,0.191173441223364,11.912043182805,0.0793457449989351,-0.0608625726581121,0.163888620888581,0.198714058633766
-0.116371966211523,0.0447181972205715,11.2271874029765,0.0229547862507375,-0.0973297374299497,-0.0423612805193198,-0.0491255065728426
-0.0635868325133776,0.00678409193443368,10.2520753688341,-0.0676867620370031,-0.0736104764618877,0.120471895735148,0.0356763711757499
-0.379095364600268,-0.166222086084487,9.39500815117673,-0.0999556911943447,0.00297654125803963,-0.215552840892546,-0.17598271927696
-0.535761708908522,-0.126292075071275,10.0089995045883,-0.0834141696253709,-0.0551550206754548,-0.0732521746828833,0.0950850316886666
-0.312320801199432,-0.391450389359624,10.701425608137,-0.0289925199517892,-0.0957049308387248,0.25243342766088,-0.169453383449624
-0.526437546467489,-0.567488217011684,10.2989589000349,-0.0641625307828035,-0.0767018229479964,-0.149954214485254,-0.0993360047040635
-0.463782738482564,-0.580232818443417,10.912589546217,-0.00828895288525239,-0.099655874187456,0.0709437608701772,0.0869112727557226
-0.187305551788432,-0.676533923575886,11.3901968838249,0.0384459819056904,-0.0923141726676209,0.238031204788442,-0.00398693246484833
-0.248094017254911,-0.751564736754477,10.0457344252493,-0.081332234497677,-0.0581813340480853,0.0205437690311983,-0.0168494791305059
-0.363931272544377,-0.675804059900788,9.71220423169064,-0.0958976664516117,-0.0283485020615805,-0.0199395888378545,0.10410917891527
-0.399078824553021,-0.603598011763398,9.38025931143446,-0.099900920858521,0.00445039454650081,0.064753368849877,0.067755653590889
-0.291990423410781,-0.799783950312971,9.8668415800459,-0.0903870760500192,-0.0427805619777026,0.19747547719226,-0.153405376571871
-0.264693120342653,-0.582847916775773,11.9249830503863,0.0801266339120082,-0.059830782528152,-0.0528293308438806,0.276766816065351
-0.260673609698053,-0.425184620432283,12.3632548767005,0.0979442820175507,-0.0201721991876565,-0.0939247713729512,0.177835495531146
-0.476378040411398,-0.644034716439912,11.6135610748851,0.0579395473741189,-0.0815046553890159,-0.273643978087463,-0.137345440618613
-0.3109991042163,-0.649723223176897,10.8531388011595,-0.0141954356000269,-0.0989873204411832,0.179574371795124,0.0932988137041975
-0.659886298591782,-0.773490299587713,10.9668878423494,-0.00286825109727356,-0.099958857214571,-0.346018943278208,-0.0238082191962443
-0.535567936373255,-0.858066466237047,10.7887189244901,-0.0205383322083744,-0.0978681608598959,0.144856694426901,0.013291994210562
-0.446131479142256,-0.879877684506141,10.9244348136211,-0.00710794850564203,-0.0997470654608001,0.0965444057366408,0.0779358471917057
-0.555763038894787,-1.20140268850565,10.7216309927165,-0.0270529785872279,-0.0962711605287845,-0.0825785811653034,-0.225253843470724
-0.386017706954,-1.03147762251454,11.2111232156727,0.0213883685934756,-0.0976859134620219,0.148356963347312,0.267610979453132
-0.555691283421104,-1.2073507133265,9.88491092195445,-0.0895993461738776,-0.0444067243242918,-0.0800742302932265,-0.131466366487672
-0.406066470588595,-1.37707734655755,11.7220620535801,0.0664248300347699,-0.0747512003572647,0.0831999827977387,-0.0949754328737773
-0.466081396999233,-1.34258521149976,11.4475789530671,0.0436769754151277,-0.0899573333230056,-0.103691901825765,0.124449468380794
-0.568964942698024,-1.61894832946044,10.8413199863248,-0.0153643297462688,-0.0988126377112155,-0.0875192159525231,-0.17755048024947
-0.167671206492478,-1.53462056129609,10.1555751954824,-0.0744642513968926,-0.0667463501916051,0.475757987602439,0.151074118355958
-0.679599041683095,-1.55041305451945,8.88952701440052,-0.0860140659431245,0.0510056904661806,-0.425913769247492,-0.0667981836895393
-0.641098120269088,-1.59286283051165,9.40071175500967,-0.0999710422847066,0.00240638827070821,0.138471963698713,-0.0448561642629134
-0.848687135984929,-1.54333669588704,8.67342036819908,-0.0730762807169584,0.0682631466940713,-0.134512734998883,-0.0187370120694596
-0.711257747100623,-1.5925453346285,8.68649417517662,-0.0739624693250688,0.0673019548849679,0.211391858209375,-0.116510593626427
-0.698641404113385,-1.48234537233318,8.56811214077052,-0.0654960620508865,0.0755663010595756,0.0781124050381244,0.0346336612357485
-0.762087479111594,-1.52502719457454,10.0671039844443,-0.080070449857881,-0.0599059517874189,0.0166243748596721,0.0172241295460587
-1.12820098143513,-1.38642037201238,9.70463456926335,-0.0961095055483093,-0.0276217838536817,-0.270003996775227,0.166228606415841
-1.18919988119494,-1.37161049690003,8.39967612565473,-0.0519011844224417,0.0854767047536795,-0.00909771533736348,-0.0706668296413353
-1.18571352702936,-1.67263923522759,10.7032756259289,-0.028815414613576,-0.0957584037077045,0.0323017687791552,-0.205270334619851
-1.20540841447492,-1.77611771747038,11.0487918424274,0.00531924387748961,-0.0998584280097168,-0.0250141313230562,-0.00362005423307427
-1.12940803728146,-1.7818318760862,12.2475269134817,0.0949598516462465,-0.0313468750487645,-0.018959474452787,0.0256327164329459
-1.14993851231511,-1.80250286552119,13.188724677146,0.0812508409578462,0.0582949469820736,-0.101781315991496,-0.0789659364170662
-1.01649899872514,-1.81548815505553,13.3298394129211,0.072244192500194,0.0691431605438666,0.0611953210897746,-0.0821284500782102
-0.973044112054527,-1.82081001743367,11.0729232337205,0.00772718412460173,-0.0997010061408836,0.0357277025460151,0.09437914376275
-1.02428922176769,-1.91553469694445,10.9081424713241,-0.00873204659753722,-0.0996180272953567,-0.0425130631156264,0.00489334778457551
-1.1076698754718,-2.18817743896903,10.9927600434923,-0.000281424035719688,-0.0999996040017765,-0.0830992296683893,-0.172643138022809
-1.19182421958404,-2.39657463631462,10.0978365195015,-0.0781918680491628,-0.0623380443307481,-0.0059624760630814,-0.146059153014837
-1.0449732792437,-2.24734977941733,9.5950185457162,-0.0985544035660127,-0.016941946102721,0.245405343906356,0.166166803000013
-1.18690203070333,-2.25784621259433,9.79899180419697,-0.0930795281892234,-0.0365540891292831,-0.0488492232704095,0.0260576559522764
-1.51012492856336,-1.99928120145386,8.7362928816321,-0.0772209433086577,0.0635368075568885,-0.246001954551371,0.19502820358359
-1.45097875641109,-1.93780327148175,8.20707003155064,-0.0345797323940392,0.0938309229814811,0.0937259045463075,-0.0323529930093797
-1.39338837434599,-1.97809824325793,8.56787964853093,-0.0654784917023564,0.0755815263433099,0.123068873767456,-0.115876498119485
-1.41046996498948,-1.47721321948609,8.27740643719832,-0.0410885205527469,0.0911687088796726,0.0240069299092594,0.409716314892163
-1.38847391229287,-1.39463789626836,6.7700264038009,0.0883815115595082,0.0467836340450003,-0.0663854588628997,0.0357916891727294
-1.46105137552797,-1.23080466991129,7.44290911275133,0.0399592730082022,0.0916692778451754,-0.112536736243294,0.0721639485118968
-1.59698028602914,-1.22611076079087,7.52696460055119,0.032121957820818,0.094700474263636,-0.168050868321995,-0.0900065651432097
-1.18627527833595,-1.20668560579151,6.47943933386051,0.098080390981925,0.0194996642235894,0.312624616711269,-7.45092242335982e-05
-1.26611864378075,-1.29136953402877,6.07329983323363,0.0978054782399819,-0.0208347888457845,-0.177648843684787,-0.0638491393914747
-1.09349082227853,-1.34883916184319,6.67708706087495,0.0923418621815748,0.0383794279378815,0.0802859593206497,-0.0958490557523063
-1.20112361503092,-1.38348903532807,7.59642615243115,0.0254717427993097,0.0967015528249977,-0.133104535551698,-0.131351426309874
-1.06394522834036,-1.48317347040267,7.13014566571615,0.0662263716510094,0.0749270825399092,0.0709520150395445,-0.174611517614505
-0.855734783434084,-1.26715043430106,7.17182559295216,0.0630468039923408,0.0776215208969224,0.145163640913938,0.138401515204685
-0.797669920615833,-1.23201340275089,8.01984532931876,-0.0165104234561954,0.0986276123471369,0.0745752862744467,-0.0634905807969692
-0.700874230721933,-1.20694655186323,6.21576272320294,0.0997727958468731,-0.00673715139344389,-0.00297710595297335,0.0318040022811019
-0.6748451214838,-1.18485047559618,7.42310913314851,0.041766371702292,0.0908601683623026,-0.0157372624641587,-0.068764092095246
-0.701291959044712,-1.10546768297488,9.87182765675637,-0.0901726462176604,-0.0432307052233092,0.0637258086567485,0.122613497844605
-0.931831594919497,-1.05429799852288,8.25248644494341,-0.0388040747236751,0.0921642218262567,-0.19173556115111,-0.04099453737426
-0.740910546743854,-1.0232623783801,7.45489224757169,0.0388579450303399,0.0921415221711639,0.152063103145303,-0.0611059020283805
-0.744867395990126,-0.874983739948894,6.62754801190126,0.0941290792630813,0.0337596865667404,-0.0980859285093528,0.114518951864466
-0.691324994952736,-0.578515201445305,6.16381682518458,0.0992884038289685,-0.0119085206930024,-0.0457460027915784,0.308377059196591
-0.271881610788501,-0.77959920748552,5.2028305845858,0.0471015484166253,-0.0882124942213761,0.372341835747609,-0.112871511818839
-0.213520592779103,-0.99365029523753,7.2236882496399,0.0589381795196588,0.0807854627696622,-0.00057716151026066,-0.294836550521672
-0.00882371211890559,-0.956789214860451,5.66751202725542,0.0816384807215952,-0.0577508308638909,0.123058399938602,0.0946119112409694
-0.113021363673933,-0.833032311926547,5.35465321890721,0.0599010045081326,-0.0800741510034086,-0.16409865606316,0.203831053937313
-0.280434710592375,-0.700667325477988,5.56138599443281,0.0750618073540673,-0.0660736337485755,-0.242475154272509,0.198438620197134
-0.227371573555942,-0.971938696685917,5.99321148912697,0.0958251361970374,-0.0285927136316095,-0.0427619991606046,-0.24267865757632
-0.143548970189523,-1.02058988397833,5.38589315149245,0.0623728814044305,-0.0781640816827579,0.0214497219619888,0.0295128943903443
-0.0153864283651033,-1.10274765471631,4.93915190336247,0.0224824501475799,-0.097439927316073,0.105680091676839,0.0152821565780985
-0.216574455947036,-1.13769460148946,5.06945861044771,0.0349530200783594,-0.0936925097721361,-0.236141047660292,0.0587455629989797
-0.160741096477255,-1.43284100532163,5.40847430420427,0.0641218649180899,-0.0767358224001426,-0.00828850544830931,-0.218410581432029
-0.226683890909037,-1.31482788794241,4.37780754555536,-0.032837384382336,-0.0944547838223492,-0.0331054100494462,0.212467901201572
-0.178936948087672,-1.59251368255424,3.93441761581067,-0.0701835788677484,-0.0712338771745196,0.117930521689114,-0.206451917437309
-0.32790520142823,-1.5338826013557,4.08664026414712,-0.0585704290143639,-0.0810524820414117,-0.0903978243261949,0.139683563239948
-0.0538279602774261,-1.6510472775709,5.58933659941042,0.0768790463392995,-0.0639500761059738,0.197198194811505,-0.0532146001092206
0.0912835184991994,-1.40209707518761,6.45973642187746,0.0984455292717463,0.0175635351340708,0.0466659495048791,0.231386667249218
0.00953509763502611,-1.58120472608217,5.66205956081859,0.0813223842867093,-0.0581951012880361,-0.163070805150883,-0.120912549606526
0.139843677092144,-1.37017161101595,6.23005350889772,0.0998588838026973,-0.00531068034054068,0.0304496956544211,0.216343795406764
0.199565904462794,-1.40646702404948,7.05000470902354,0.0720121161071628,0.0693848336004958,-0.0122898887365136,-0.105680246634024
0.169860544583046,-1.4404220042482,7.67662442470963,0.0176428858254752,0.0984313394186488,-0.0473482457052226,-0.132386319617374
0.0560236769437273,-1.41141665013022,7.91820206305407,-0.00641762945196415,0.0997938576878221,-0.107419238187355,-0.0707885035698439
-0.0580815009821697,-1.63929590726649,5.59826716970875,0.077447083670986,-0.0632609613494712,-0.191552261596883,-0.164618295786797
0.059929390771156,-1.76160187471574,5.05359733161594,0.033462602716011,-0.0942351007824071,0.0845482890373148,-0.0280708666668429
-0.0414386259525192,-1.63805794247597,5.52596050173155,0.0726745108093269,-0.0686907233811453,-0.174042527533002,0.192234655620912
-0.0935187536189029,-1.73866252943048,3.65133464180733,-0.0872870434076646,-0.0487952052270352,0.035206915741281,-0.0518093817274751
-0.114724510235442,-1.5697009220755,3.40667169371988,-0.0965071796524094,-0.0261985548368147,0.0753014230358703,0.195160162191797
-0.0888232554318258,-1.48410023484922,3.69703657283539,-0.0849666436262704,-0.0527320535432328,0.110867898429887,0.138332740769515
-0.318692977810084,-1.56862179742535,3.90632169860435,-0.0721569977305954,-0.0692341510997777,-0.157712724647662,-0.0152874114763572
-0.0573863867748676,-1.7243710894168,4.22482424450476,-0.0468475781217063,-0.0883476339475519,0.308154169156922,-0.0674016580438917
-0.513119437281361,-1.78542153675057,4.30551976896166,-0.0395736067729077,-0.0918364287577826,-0.416159443733586,0.0307859814240088
-0.118901351587579,-1.83573470811344,6.57948916333866,0.0956422246182888,0.0291987135001663,0.298575861075494,-0.0795118848630307
-0.0286088791963951,-1.7761921682393,7.18459301675911,0.0620506655934839,0.0784201179507251,0.0282418067976996,-0.0188775780765897
0.170072698325787,-1.80164346092908,7.04483231857811,0.0723700366669381,0.0690114323342592,0.126311540855244,-0.0944627250240369
0.0721136436819072,-1.7335402463485,7.42583826622278,0.0415182469781339,0.0909738158365509,-0.139477301622013,-0.0228706012559763
0.0536944510994227,-1.5345671749267,8.28563660753323,-0.0418374545132626,0.0908274595034491,0.0234182619307781,0.10814561191835
-0.0588407399563959,-1.35753422469766,8.01623163900427,-0.0161539067817344,0.0986866317982686,-0.0963812842740842,0.0783463184307735
0.104985080483411,-1.29272670576507,7.36404300330113,0.0470571739111543,0.0882361738942447,0.116768646528653,-0.0234286549616499
0.178075912069844,-1.17332922732951,7.74500515256503,0.0108760910969015,0.0994067937439484,0.062214740489531,0.019990684691604
0.425262628946823,-1.43151620235601,5.76348352807772,0.0867967321126372,-0.04966213139372,0.160389984764342,-0.208524843632775
0.326776393935094,-1.60792238583419,4.59049764010193,-0.0121589731020208,-0.0992580443747726,-0.086327261909708,-0.0771481391034056
0.393820795423995,-1.64676350513535,4.43948106336139,-0.0269532870797955,-0.0962991189762094,0.0939976885686968,0.0574579996750471
0.282461969429801,-1.84877751188103,4.60989848019141,-0.0102311162538266,-0.099475244459115,-0.101127709740368,-0.102538762286564
0.0469743574185626,-1.84304617451844,4.10917842640325,-0.0567289343319395,-0.0823518549248436,-0.178758677679299,0.0880831922874347
0.0351771591814141,-1.60328690421348,3.62625693222673,-0.0884831415356155,-0.0465911328901566,0.076685943298467,0.286350403195118
-0.0484738455429782,-1.55451310817524,3.66083583531546,-0.086819497907815,-0.0496223214192455,0.00316849318342273,0.0983961174574775
-0.503660992291816,-1.41908644716183,2.41834247909414,-0.0749658646773529,0.0661824684729786,-0.380221282071484,0.0692441925404393
-0.504052438978557,-1.59816101983312,3.72909922106271,-0.0832325343270773,-0.0554287401037757,0.0828410876403358,-0.123645832567519
-0.516788584409538,-1.62562713774587,2.19934384695643,-0.0587970493231639,0.0808882376547384,0.0460609038921831,-0.108354355567483
-0.650722811667701,-1.4097825287387,1.72237920095405,-0.0151003044800749,0.0988533297598469,-0.118833922778088,0.11699127924732
-0.741566297218262,-1.37491171266407,1.72642491655687,-0.0155001122683474,0.0987914293836699,-0.0753433732822134,-0.063920613309042
-0.47556072588323,-1.49823183068166,2.18541234003668,-0.0576644849569969,0.0816994931113057,0.323670056292028,-0.205019611128892
-0.526029441257533,-1.17880236383836,2.16860314011955,-0.0562831001789112,0.0826571995306558,0.00581438480460884,0.236772267312639
-0.492326216597482,-0.908195868468581,2.32373030185373,-0.0683782579992915,0.0729685811358719,0.102081482659342,0.197637914233909
-0.590331961610505,-0.929134686033517,2.69485961386973,-0.090186330970305,0.043202149322859,-0.00781941404271731,-0.0641409668877944
-0.52516473839928,-0.999800854384687,1.0086982106262,0.0532962667099409,0.0846138756634091,0.011870956501284,-0.155280044014579
-0.528545480016368,-1.27951994293137,-0.737862347679077,0.0739908263514488,-0.0672707783203804,-0.0773715679685365,-0.212448310226298
-0.500817657775413,-1.22605732856332,-0.901037804461208,0.0620796693506417,-0.078397159727346,-0.0343518471096871,0.131859774095389
-0.412871680882132,-1.34048483822124,-0.194182486313202,0.0981205748495205,-0.0192964450404642,-0.0101745979562393,-0.0951310646174498
-0.510031510808165,-1.36982121413861,-0.481939099141868,0.0886097820140701,-0.0463498277388274,-0.185769611940103,0.0170134518214511
-0.577232753419941,-1.23658849854918,1.2562264031825,0.0309407527515512,0.0950929535726353,-0.0981419953633273,0.0381397620167961
-0.614977244104623,-1.13162422424089,2.34816423023708,-0.0701405792149996,0.0712762172634348,0.0323960885303176,0.0336880570448577
-0.406410632018701,-1.12513805684779,0.595199530549216,0.08280366437354,0.0560673984264843,0.125762947712382,-0.0495812310333848
-0.423596308172791,-1.08566450279541,-0.0911899096479214,0.099584508060723,-0.00910635790554003,-0.116770184214813,0.0485799119579221
-0.49879716080545,-0.846004777687434,2.98208254588215,-0.0987305213669422,0.0158834552478913,0.0235296687342837,0.223776269860082
-0.0908757409708692,-1.07183010291958,1.54520786984447,0.00255856646198969,0.0999672633298501,0.405362853372591,-0.325792588561994
-0.676525226501271,-0.669276694834681,2.42385820224326,-0.0753297666518835,0.0657679728756542,-0.510319718878518,0.336785435209243
-0.249689499433564,-0.763453278056332,1.06480893157045,0.0484671347436298,0.0874696338722349,0.378368592324077,-0.181646217093886
-0.0775579000761552,-0.690917276785995,0.351750589061221,0.0938771000620506,0.0344541736795377,0.0782544992953579,0.0380818275907993
-0.131080609785556,-0.60079166637131,1.26721618063561,0.0298938549712052,0.0954272363372248,-0.0834165646806056,-0.00530162592254002
0.0663036950844754,-0.523529417567987,1.2760658457396,0.0290481963263334,0.0956880467466381,0.168336108543698,-0.0184257979433158
-0.194254887549443,-0.419867865481297,2.49859132024572,-0.0800299765346845,0.0599600104724628,-0.180528606099234,0.0437015416142275
-0.117918979760607,-0.397820524055432,2.26744960479447,-0.064165437004877,0.0766993917444797,0.140501344793712,-0.0546520503186142
0.0638756068118217,-0.452185416204189,4.96752666769485,0.0252378641199273,-0.0967628555524489,0.156556722452502,0.0423979634036909
0.0911957208551382,-0.307554284881367,6.12375625503686,0.0987318084850487,-0.0158754525375394,-0.0714116944417322,0.160506583860362
0.122133681473137,-0.343281792125868,6.84904596644209,0.0844127477091021,0.0536142520622966,-0.0534747870911037,-0.0893417593067979
0.0415294432646633,-0.307448758719604,7.29143718506854,0.0533340273427683,0.0845900793675053,-0.133938265551242,-0.0487570459612414
0.149105732257989,-0.165086555790198,7.7140090705054,0.0139515946499925,0.0990219824418917,0.0936246943433333,0.0433402204875138
0.388768884024021,-0.243728619127832,6.88839902711042,0.0822380523057317,0.0568937848359532,0.1574250994603,-0.135535848173587
0.475613979488561,-0.0915218740679486,7.95203019653736,-0.00978915394128072,0.0995197089280003,0.0966342494058212,0.0526870361318829
0.270141317356835,-0.312906466085104,9.95230341932651,-0.0864055390805843,-0.0503396743751251,-0.119067123051142,-0.17104491764203
0.315371490285939,-0.260706423700448,10.2308541821066,-0.0692335060454264,-0.0721576166503434,0.11446367897453,0.124357659034999
0.174558352703341,-0.088735679807423,10.7472516392906,-0.0245778405056897,-0.09693260419527,-0.116235297076908,0.268903348088295
0.0587745871457097,-0.254405804169133,10.8234517966677,-0.0171273861111582,-0.0985223459170523,-0.0986563794464735,-0.0671477784446573
0.00677885830841024,-0.25970564850412,9.7571735065625,-0.0945263369860619,-0.0326308384200815,0.0425306081487625,0.0273309940850938
-0.155145951481621,-0.398563998661454,9.04863704141882,-0.0930089128967555,0.0367333924619514,-0.0689158968932762,-0.175591742619286
-0.254688830119126,-0.148980815040752,8.64432097181296,-0.0710592072862409,0.0703604225388894,-0.0284836713512639,0.179222761081813
-0.251320922193913,-0.158012336235019,10.0839188593992,-0.0790518669431272,-0.06124379423914,0.0824197748683404,0.0522122730448729
-0.227866023252399,-0.273752569285971,10.4232461229133,-0.0541590668556471,-0.0840642342338616,0.0776139657971614,-0.0316759988170899
-0.154917905662911,-0.11482708263248,7.37368986478377,0.0462037953673141,0.0886860152090247,0.0267443222221737,0.070239471444466
0.145100712626787,-0.135036144029331,7.53971435467479,0.0309119719934263,0.0951023132603915,0.269106646296272,-0.115311374657242
0.225952127374772,-0.202978405841988,7.64479848780327,0.0207660922090127,0.0978200869676918,0.0600853225389725,-0.165762348780349
0.235523125215752,0.0298651073866735,6.36863781519082,0.0996351155609881,0.00853485484050804,-0.0900641177200082,0.224308658388153
0.537067409471964,-0.0810592427089608,5.29706042706107,0.0551925433654181,-0.0833893467827662,0.246351740890794,-0.0275350033128681
0.287082004810088,-0.280487516660328,3.29031824146389,-0.0988960720708156,-0.0148177909610049,-0.15108933259106,-0.184610482990362
0.175876554397639,-0.320640364495008,4.13819451120423,-0.0543158619051901,-0.083963010579042,-0.056889588507259,0.0438101627443624
0.137210668205127,-0.274048430671057,2.96905213036524,-0.0985151775077326,0.0171685701390632,0.0598492913152208,0.0294233636848869
0.0791590339748813,-0.178117804242663,2.95735295555493,-0.0983075821430082,0.01831991520711,0.0402559479127625,0.0776107112212841
0.175442088327789,-0.122758597273591,3.25229707640672,-0.0993878521016964,-0.0110478438897064,0.195670906454604,0.0664070508587788
0.078076918141845,-0.256650949907667,5.18655896256855,0.0456600160924013,-0.0889672014308737,-0.143025186278345,-0.0449251512032023
0.0389000436550973,-0.247186951837199,3.95739455081396,-0.0685284611861706,-0.0728275360523443,0.0293515866994228,0.0822915341228128
0.0875412734851594,-0.485062991348058,5.2008002093885,0.0469223469930928,-0.0883079461467641,0.0017188828369693,-0.149568093364096
0.11231905709769,-0.525613206351275,5.09631997302812,0.0374568168003521,-0.0927199378514938,-0.012679033187821,0.0521697228482773
0.17253173487256,-0.517670631110938,4.87887216983765,0.0165715195089633,-0.0986173653124238,0.0436411582659061,0.10655994055276
-0.0556566741809544,-0.749488601821204,3.86955300779407,-0.074653302922915,-0.0665348357080672,-0.153535106130599,-0.165283135002199
-0.222835292474567,-0.574703951220283,3.14096213016245,-0.099999980122011,6.30523385562819e-05,-0.0671786381716019,0.174721598262365
-0.349982731735983,-0.77480479534431,3.85301991601543,-0.0757430766036199,-0.065291548814668,-0.0514043626577957,-0.134809295309359
-0.405025997531455,-0.730150777616302,3.45176736244792,-0.0952280258905823,-0.0305225012897467,0.0401847600951101,0.0751765190177548
-0.83571057869453,-0.439590100883372,1.97321224018388,-0.0391642407285217,0.0920117505982709,-0.391520340434553,0.19854892613466
-0.658183774297597,-0.537498479349572,2.4812380475086,-0.0789774766868759,0.0613396949468611,0.256504281083808,-0.159248073413061
-0.749123954100496,-0.622378687814674,3.41289083964911,-0.0963423817315271,-0.0267982365519958,0.00540220192862789,-0.0580819719131062
-0.919744959707536,-0.569107164595826,3.85937815514627,-0.0753264090849026,-0.0657718183903554,-0.0952945965221369,0.119043341609204
-1.03243860718998,-0.657661244838916,3.03756585429329,-0.0994594090191167,0.0103839278487507,-0.0132342384633246,-0.0989380080918409
-1.12473302935602,-0.799699899864097,3.89797618731766,-0.0727322726482706,-0.0686295600701157,-0.0195621495177749,-0.0734090949550653
-1.23304052402759,-0.745998584817099,3.25584271345387,-0.0993480558105571,-0.0114001669576563,-0.00895943886101408,0.0651014820046541
-1.37186892466261,-0.562062729276867,2.62517850973721,-0.0869595337194483,0.0493765075242887,-0.0518688669155698,0.134559348015944
-1.55260927877671,-0.44200507936645,2.84798205842269,-0.0957205174016738,0.0289410184401978,-0.0850198367124263,0.0911166314702183
-1.33688101780599,-0.424965593003819,2.18675567987075,-0.0577741830779492,0.0816219564190641,0.273502444048668,-0.064582470056433
-1.39937523210953,-0.509225027160634,2.76387962706401,-0.0929510491539679,0.0368795669873799,0.0304568348504288,-0.121139001144195
-1.62016328314682,-0.467264112230954,3.05901907756816,-0.0996592738936147,0.00824797714579036,-0.12112877714367,0.0337129377838893
-1.5416229053283,-0.463691866155062,3.38882013829038,-0.0969594628158519,-0.0244716687306245,0.175499840634372,0.0280439148065171
-1.56556164441391,-0.414663482547146,2.99216978140219,-0.0988857158165531,0.0148867460328942,0.0749469767309406,0.0341416375750213
-1.73269255725336,-0.39379433099546,3.11885922977499,-0.0999741606849432,0.00227314657274049,-0.0671567521545035,0.0185960049789459
-1.74705801404149,-0.379514685107419,2.78493803283633,-0.0937070075319911,0.0349141338056575,0.0793415507438529,-0.0206344879176162
-1.85812066203308,-0.348761388160957,3.86329870461366,-0.0750679691685458,-0.0660666330677617,-0.0359946788230405,0.0968199300142237
-1.73827107036014,-0.574511395097889,4.34166195105524,-0.0362293165660323,-0.0932064194203287,0.15607890823897,-0.132543587516603
-2.00071955330313,-0.634844347950921,4.30547570403018,-0.0395776535004264,-0.0918346848603521,-0.222870829442564,0.0315017320073194
-1.99860249389671,-0.7742301534962,5.02141108267926,0.0304127205917754,-0.0952631430628163,-0.0282956611853479,-0.0441226624824623
-1.91973932329219,-0.823556611497945,4.99763260719151,0.0281391242253135,-0.0959593126686117,0.0507240463792017,0.0466328546668665
-2.02446271819316,-0.884203681143971,5.73065415498207,0.0851198791597693,-0.0524843421586502,-0.189843274060737,-0.00816272748737557
-1.90665586361905,-0.802790711789613,6.11549936828032,0.0985973626010764,-0.0166901194756615,0.0192094919730371,0.0981030888300195
-1.73117891878503,-0.766375040861846,6.81360156285817,0.0862596564648081,0.0505892445740524,0.0892172883692071,-0.014173573646286
-1.77791716681025,-0.773256961859572,4.83253485236316,0.0119857028974706,-0.0992791162634598,-0.0587239509226917,0.092397195265734
-1.49477215231709,-0.805342445510631,7.4851720062978,0.0360505359356563,0.0932757141958825,0.24709447855751,-0.125361197846942
-1.44585341676497,-0.929241049118978,8.57057264461372,-0.0656817947783811,0.0754049191677216,0.1146005303305,-0.199303522776069
-1.46875302975066,-0.583395837938062,7.00921906357448,0.0747813501640957,0.0663908854258994,-0.0976809631497877,0.279454325755017
-1.42662636848445,-0.695967910004702,5.33207373048429,0.0580778556566789,-0.0814061587493353,-0.0159511943904705,-0.0311659133173046
-1.32016023810179,-0.769035942357164,6.20791758703684,0.0997168722184227,-0.00751966721170285,0.00674925816423699,-0.0655483651407585
-1.21418985729114,-0.644566003294632,7.22488553733591,0.0588414138583061,0.0808559708070811,0.0471289669523496,0.0436139682554502
-0.941722949474628,-0.667655862842041,6.70654095305158,0.0911715502349249,0.041082215468017,0.181295357581583,-0.0641720750154262
-1.08735720815241,-0.669081468656058,8.21714901077602,-0.0355236799151876,0.0934776345725719,-0.110110578762596,-0.0949032403865885
-1.2110677833217,-0.461521236499987,8.8812747104269,-0.0855902274736869,0.051713759880737,-0.0381203476955985,0.155846472275334
-1.22227462522134,-0.799587639182156,10.5936498004558,-0.0391190190089001,-0.0920309858242392,0.0279121771092589,-0.24603541685793
-1.32506512306927,-0.820167732098998,10.0567289793784,-0.0806876538787991,-0.0590720112365841,-0.0221028439691301,0.0384919183197412
-1.29337035943718,-0.810284303057992,9.23336566649498,-0.0981736531529449,0.0190245585127558,0.129868416785034,-0.00914112947174928
-1.314644868996,-0.5992874789403,8.47112485592803,-0.0578707722627498,0.0815535021793237,0.0365962627039267,0.129443321938368
-1.35614542323394,-0.598890006689541,7.71141178012837,0.0142087361448152,0.0989854121432397,-0.0557092903827564,-0.098587939892481
-1.58215614000865,-0.445347041039689,8.40077360450799,-0.0519949620230808,0.0854196928361276,-0.174015754751628,0.0681232728137249
-1.40384254339339,-0.261439321872288,7.69329942693971,0.015999166288579,0.0987118365651779,0.162314430326688,0.0851958826022229
-1.51210132501186,-0.31213580191145,7.37279791710146,0.0462828802633528,0.0886447685683038,-0.154541661881824,-0.139341248607466
-1.39299971782295,-0.229239749720671,8.35698354535636,-0.0482057799565331,0.0876139416918467,0.167307387145438,-0.00471788950106783
-1.45058347514686,-0.260941029849393,6.78243981352403,0.0877939726691631,0.0478771173209733,-0.145377729993068,-0.0795783974496952
-1.34599874069914,-0.0140695176086959,5.79553721576395,0.0883437286356598,-0.0468549422233014,0.0162410058120569,0.293726454463999
-1.46973443244984,-0.128924281490991,6.39475662229879,0.0993782374669756,0.0111339982916021,-0.223113929217676,-0.125988762173897
-1.27058292575126,-0.00793902461398799,6.19736833979951,0.0996319983359511,-0.0085711672241906,0.0995195083626297,0.129556424101193
-1.46718819772079,-0.157045388466152,4.47048969138725,-0.0239547048114354,-0.0970884757187844,-0.172650567158095,-0.0520178881333798
-1.35619210020593,-0.206712989746504,4.84547855887811,0.0132697027337073,-0.0991156647022005,0.0977263947811555,0.0494480634218488
-1.39399023780756,-0.288564955437308,4.55312756536861,-0.0158589011978662,-0.098734468412993,-0.0219392364037705,0.0168825027221892
-1.19788774651361,-0.219614013555377,1.78354093348663,-0.0211143421519543,0.0977455091320834,0.217216833445909,-0.0287945672501523
-1.55291963403188,-0.139588622463357,1.92962611504561,-0.0351178794864512,0.0936308418224203,-0.31991400803182,-0.013605450730401
-1.51050659108007,-0.117925257827509,0.962606685031003,0.0571382665614422,0.0820683769447987,-0.0147252236096277,-0.0604050123089506
-1.67980376622637,0.0163002130923352,0.548162480967868,0.0853483529986058,0.052111981735733,-0.254645528144914,0.0821134891841113
-1.65228999728568,-0.148310556013323,0.779726548435066,0.0711105824288097,0.0703084992489205,-0.0435968134881207,-0.234919268354578
-1.38209730020898,-0.127817578428105,-0.423062088994673,0.0911836062732547,-0.0410554496626704,0.179009090803444,0.0615484272478881
-1.38951726928369,-0.0312358168044315,0.848454582737203,0.0661143399006624,0.075025955905271,-0.0735343089753724,0.0215558057184024
-0.924231387024583,-0.294822793745696,-0.437471937057734,0.0905825572671603,-0.0423650837240011,0.374703324991951,-0.221221893217263
-0.990440871762289,-0.439725262280191,-1.32090527843373,0.0247298393190101,-0.0968939371026688,-0.0909393240567158,-0.0480085314318267
-0.739944661691674,-0.428732249046936,-0.707025435461882,0.0760297439747833,-0.0649575094283094,0.174466466095831,0.0759505226615643
-0.850465494753129,-0.555305737771743,-0.622268467319376,0.0812558304434316,-0.0582879920648181,-0.191776663504886,-0.0682854966599883
-0.918110055101956,-0.658251417759431,-0.127997716699423,0.0991819470166526,-0.0127648496264513,-0.166826507365479,-0.0901808303612369
-0.733436385488381,-0.528247960062732,-1.17156400673181,0.0388711147583899,-0.0921359671216409,0.145802554855185,0.22213942481834
-0.665064163271529,-0.557176018016521,-2.16257252836198,-0.0557836062643849,-0.0829951159535311,0.124155828481236,0.0540670579997424
-0.567969287339927,-0.550044303082148,-1.36647921952367,0.020289851886338,-0.0979199770753163,0.0768050240452645,0.105051692009689
-0.685460253079147,-0.578719266858914,-1.6602607867018,-0.00893451637154186,-0.0996000723755091,-0.108556449367678,0.070925108598743
-0.99750040144159,-0.772419156067631,-2.60314373073055,-0.0858505113873107,-0.0512805001393047,-0.226189636975133,-0.142419389069412
-1.0304801553161,-0.945118011188753,-2.78518591770613,-0.0937156593384122,-0.0348909041838511,0.0607359054638993,-0.137807950937271
-1.09011967269764,-0.776803109455741,-2.81858321456512,-0.0948284452150026,-0.0317421797944824,0.0351889278334636,0.200057081527494
-1.24315784354143,-0.744013683857677,-2.98175904319686,-0.098725377860336,-0.0159153940049838,-0.0543127929834512,0.048704819603048
-1.40872473943848,-0.732303053221489,-3.98951741728793,-0.066154080799247,0.074990916740674,-0.0994128150978054,-0.0632802861044863
-1.4321169432533,-0.685627540172261,-4.2857129618996,-0.0413847119673396,0.0910346396454687,0.0179925081525187,-0.0443591265962403
-1.40636738771153,-0.544812962734657,-6.2367634618005,0.0998922699620739,0.00464051740909905,-0.0741427144202967,0.136174060028505
-1.28031233418263,-0.474589771878845,-7.36367151751125,0.0470899491481707,-0.0882186867348562,0.0789651043807202,0.158441877590669
-1.29884590376919,-0.257149227039548,-5.73015351799491,0.0850935928908236,0.0525269497394507,-0.103627162477382,0.164913595099846
-1.00110692896182,-0.284535175091386,-5.47700586670619,0.0692260576297661,0.0721647624886294,0.228512917177611,-0.0995507105404679
-1.12909180032864,-0.141580246318627,-6.26398538430417,0.0999815687142939,0.00191987432633758,-0.227966440081124,0.141035054446422
-1.01629063165834,-0.0710795305977878,-6.23749780654097,0.0998956507672587,0.0045671608014037,0.0129055179030416,0.065933554919435
-0.976099914475264,-0.127052224744513,-6.75078259063612,0.0892653870987039,-0.0450742794298317,-0.0490746699156236,-0.0108984147168931
-0.934970615681933,-0.210947056976761,-8.13712065857287,-0.0279371058740422,-0.0960183217692465,0.0690664046673737,0.0121234895369986
-0.77560830014037,0.00420694242248906,-6.44750730900144,0.0986529491399844,-0.0163583503442021,0.0607093664015779,0.231512349743452
-0.942597765373742,-0.316408691075054,-7.43978842205451,0.0402451494306937,-0.091544131146137,-0.207234614664065,-0.229071502351406
-0.804379273538033,-0.23065441532339,-6.82778844952641,0.085533296162233,-0.0518078685879253,0.0526851956734765,0.13756214433959
-0.892632269914287,-0.178544097278695,-8.94731581164025,-0.0888163991777261,-0.0459526630033866,0.000563402801471852,0.0980629810480815
-1.02027201238475,-0.412958277679893,-10.5558902682519,-0.0425653559754374,0.0904886206695864,-0.0850743864950291,-0.324902801070785
-0.903990273683177,-0.00898572493440447,-10.0555339347513,-0.0807581899353488,0.0589755437309918,0.197039928636925,0.344997009014497
-0.96844043331138,0.0780252497309241,-10.9128378008715,-0.0082642125954637,0.0996579288876554,-0.0561859470327388,-0.0126469542223269
-0.847922491556361,-0.161280838783209,-12.0371401101175,0.0863195820793884,0.0504869265220189,0.0341983596756306,-0.289793015036152
-0.846963433531513,-0.244053350197142,-13.7687961625103,0.0360095985085427,-0.0932915259562923,-0.0350505404836944,0.0105190145423597
-0.644117279242375,-0.142091013907022,-12.7796045811329,0.0977351649125698,-0.0211621723722491,0.105110989376568,0.123124508662369
-0.664036358182612,-0.0903151569007058,-12.8228037002888,0.0967300812804435,-0.0253631893790744,-0.11664916022068,0.0771390463853905
-0.670064002525675,-0.244534717480482,-12.1932003933234,0.0931176261595554,0.0364569293606754,-0.0991452705026182,-0.190676489940452
-0.600788143624696,-0.290666275415929,-12.4640580933813,0.0994770638096298,0.0102134115659184,-0.0302012049086509,-0.0563449695013652
-0.397726305679118,-0.338849254644711,-11.892482053954,0.0781401004407172,0.062402922232173,0.12492173750486,-0.110585901460955
-0.34628615319258,-0.271439000457916,-12.6524090934738,0.0996300972775033,-0.00859323667050074,-0.0481899447909656,0.0760034908572963
-0.207363082458779,-0.340023770111064,-12.3049300700753,0.0966018639632548,0.0258472412227072,0.0423212067705467,-0.0944320108758554
-0.0625452218463538,-0.308906259918214,-12.7111084455983,0.0989543753267634,-0.0144233007210571,0.0458634852856618,0.0455408109139065
-0.00900616731945968,-0.180602694931266,-13.6796581756084,0.0441714454794223,-0.089715569464048,0.00936760904747189,0.218019134450996
0.0127759310960532,-0.347961238030543,-11.8165255779563,0.0731794489282295,0.0681525366700364,-0.0513973505127166,-0.235511079769313
0.162917050748601,-0.472880835288513,-10.9283330013951,-0.00671906269368708,0.099774015637932,0.156860182346235,-0.224693612895902
0.0697279429093713,-0.279173529864306,-11.1812946350987,0.0184654541446486,0.0982803490186715,-0.111654561983878,0.0954269564055358
0.372127055324542,-0.243845755603448,-12.373065089785,0.0981374593609562,0.0192103896414591,0.204261653054215,0.0161173846193986
0.388772664460935,-0.135185833194062,-12.6745787685108,0.09941512079913,-0.0107997109449466,-0.0827695116627374,0.119459633354332
0.591520748350258,-0.120461291623174,-12.7441911588393,0.0984231542830429,-0.0176884906359002,0.10432492960628,0.0324130322067888
0.654831964758122,-0.0713981123594902,-12.8630246714486,0.0956319933370495,-0.0292322057050528,-0.0323207769291848,0.0782953849687364
0.750945182939598,-0.285008445774697,-12.799178889892,0.0973022332781124,-0.0230710944493711,-0.00118901509663683,-0.190539238965836
0.811612062658155,-0.339233046326292,-12.5991314884193,0.0999463410560315,-0.00327550141374284,-0.0392794613374748,-0.0509490991378526
0.875405821695733,-0.196618543776201,-12.7169443353512,0.0988685179417288,-0.0150005386571964,-0.0350747589041501,0.157615041207287
0.810389907642135,-0.0973377504318202,-11.9070240031266,0.0790392666502566,0.0612600549084771,-0.144055180703855,0.038020738435904
0.630246015058027,-0.0288574580595214,-11.2036441270579,0.0206571756062028,0.0978431453704065,-0.200801068190311,-0.0293628529981077
0.491169714028422,0.100292163943754,-10.6347497887778,-0.0353045759245391,0.0935606055922494,-0.103771725105065,0.035589016411026
0.568771695064456,-0.0218924662054348,-9.36828675469701,-0.0998404796111324,-0.00564611645461374,0.177442460647166,-0.116538513694575
0.488102206388432,0.0388094690771583,-9.99135851918504,-0.0843741289841246,0.0536750068297183,0.00370464030810026,0.00702692845287478
0.288813425608978,0.161080669239478,-12.679372113548,0.0993622121699948,-0.0112761160283554,-0.298650992949448,0.133547316190675
0.513849333053389,-0.0404710227413687,-13.6923129565132,0.0430326080692149,-0.0902673509235833,0.182003299375196,-0.111284341057263
0.785704024298894,-0.298465127534606,-13.1967166217493,0.0807823611507128,-0.0589424306159477,0.191072330094792,-0.199051674177289
0.876632747716004,-0.240083166215314,-12.87360385996,0.0953173946112228,-0.0302422599110653,-0.00438867119411272,0.0886242212303575
0.800816766722934,-0.426458193449775,-13.9382711102355,0.0197587050694215,-0.0980285344885846,-0.0955746860624913,-0.0883464927458768
0.558647118717576,-0.423777707916069,-15.6199971251865,-0.0996133473107741,-0.00878527390256511,-0.142556300694585,0.0114657594362714
0.237295186390721,-0.183270552235139,-14.9658998862317,-0.0737075674337116,-0.0675810217665053,-0.247644364893143,0.308088177447435
0.52148563388136,-0.0197987344147707,-16.6684974848042,-0.0573082278312069,0.0819497835436219,0.341498675321846,0.0815220342767462
0.403464574266147,0.118845885270591,-16.7081475957295,-0.0540147190211113,0.0841570563236999,-0.0640063405941013,0.0544875633616617
0.594534143166144,0.141164257942989,-18.0269292352036,0.0680298365251261,0.0732935286527032,0.123039732374871,-0.0509751559803049
0.665267746952118,0.46409312811466,-17.378761736659,0.00998355478610659,0.0995003951441039,0.0607500489998674,0.223428475027567
0.532880225667464,0.230903352148792,-15.3204055843156,-0.0925834840824925,-0.0377928362940236,-0.0398040372021612,-0.195396939671844
0.491707229639512,0.0972516058768238,-14.9403278440726,-0.071955472584373,-0.0694435739659153,0.0307824765564209,-0.0642081723060531
0.583715206418041,-0.131450084529794,-13.7488682608491,0.0378614299657249,-0.0925554543014646,0.0541465468128042,-0.136146236105153
0.598935458094716,0.00968277203285606,-15.1679452840998,-0.0857699435081021,-0.0514151416473491,0.100990195184777,0.192547998209999
0.602854354660607,0.113836070916576,-16.4855697066007,-0.0712594842380576,0.0701575791067937,0.0751783808039485,0.0339957197769258
0.517354761017845,0.0905382870329997,-17.7979125942982,0.0496144916466359,0.0868239726034573,-0.135114085289398,-0.110121756487033
0.35445008812846,0.184223772530606,-17.1200904521986,-0.0158004207121754,0.0987438438856735,-0.14710425217721,-0.0050583583880669
0.235735591677635,0.223892637301068,-16.2663410402126,-0.0848115700791232,0.0529811058842111,-0.0339029263717014,-0.0133122411137495
0.342553782267166,0.325274200170756,-16.8387807231488,-0.0425920349011394,0.0904760662439527,0.14941022549067,0.0109054966257351
0.423255823473964,0.441184243418665,-18.4486467128285,0.0920706550800556,0.0390255617913367,-0.0113686138732575,0.0768844814565728
0.463541913514026,0.612329381195205,-16.8355285616348,-0.0428860519247504,0.0903370718493112,0.0831721419648123,0.0808080659272281
0.30661097719124,0.811204557960661,-16.26387881051,-0.0849417645117647,0.0527721199273623,-0.0719891718110213,0.146103056838094
0.201140932832922,0.750511745812259,-15.2271771639159,-0.0886631642280893,-0.0462476303075397,-0.0168068801302286,-0.0144451818408624
0.422285956517827,0.539554124774041,-14.4056182114676,-0.0265238496801279,-0.0964182835262378,0.247668873365033,-0.11453933751198
0.326024442872329,0.464446459526168,-16.1644511671586,-0.0897606158485733,0.0440798348736115,-0.00650089779692536,-0.119187500121485
0.0626229562250097,0.741601610144193,-15.019860590907,-0.0772452342703403,-0.0635072734615512,-0.186156252376979,0.340662424079576
0.12209209269679,0.511082513252499,-15.1460895653252,-0.084625833936812,-0.0532772768682777,0.144094970408593,-0.177241820023416
-0.158550377242704,0.69981541911743,-15.8619722270222,-0.0988164042552165,0.0153400863775152,-0.181826065684278,0.173392819487416
-0.239771043256528,0.559884854478333,-15.6628073912913,-0.0998980646628944,-0.00451405323497413,0.0186773986490701,-0.135416511404123
0.138730482805783,0.582268074127017,-17.7953853413275,0.0493949072935417,0.0869490835688475,0.32910661876877,-0.0645658639201636
0.247889256872255,0.762150211963356,-17.2263181516388,-0.00524174098311977,0.0998625262621865,0.114400515049591,0.0800196115741525
0.120268319598148,0.811642326388575,-16.0760651670179,-0.0933012048293994,0.0359845130213327,-0.0343197324447074,0.0135076014038864
0.167721502406849,0.850506042734806,-15.8389058460577,-0.0991439262949628,0.0130568709428783,0.146597109103664,0.0258068454033527
0.214611343102059,0.784789724562173,-15.9532237707043,-0.0970074105464834,0.0242809040001812,0.143897251241693,-0.089997222172814
0.0113728551735674,0.828629539206426,-16.0099124298957,-0.0954758657976975,0.0297381749638416,-0.107762622130794,0.0141016396804117
-0.0442999529372845,0.634040443364563,-16.6335325979163,-0.0601379816135318,0.0798963276218032,0.00446517350267994,-0.274485423463666
-0.0533830199655413,0.773058271873862,-14.0082946593849,0.012851585800115,-0.0991707453961211,-0.0219346528283718,0.23818857390542
-0.106287653505114,0.63108810041529,-14.5210114170435,-0.0374487948321194,-0.0927231781466847,-0.0154558387074536,-0.0492469933118875
-0.197236135225375,0.624781914115904,-14.0978970884351,0.00392597603508979,-0.0999229038417714,-0.0948744577553506,0.0936167175423857
-0.0220399468426244,0.514260334461746,-14.221713601767,-0.00844459714096254,-0.099642805957715,0.183640785523713,-0.0108787736964424
0.00510759739006515,0.406938531427624,-13.0269598311656,0.0895790760310716,-0.0444475999061761,-0.062431531798382,-0.0628742031279461
0.0367089638122907,0.485023182744028,-11.8730546360264,0.0769131035165261,0.0639091113023498,-0.0453117370943006,0.0141755400140542
-0.00340148842153211,0.807632108894056,-11.4814437750946,0.0466977396959674,0.0884269252393618,-0.0868081919297902,0.234182000910666
0.280771339004839,0.431022548900125,-12.8765688091822,0.0952273090139247,-0.0305247378034029,0.188945518412447,-0.346084822190528
0.203479301914822,0.428243596264742,-13.1689286303633,0.0823888551733333,-0.0566751845451562,-0.159680892263351,0.0538962319097727
0.318229495625333,0.586123058686471,-13.2607854733757,0.0768428286049637,-0.0639935910227592,0.0379073651055473,0.221873053444488
0.418584142213217,0.290137752667237,-11.7229905900383,0.0664942106045463,0.074689490265219,0.0338604359833374,-0.370674796284453
0.245932574345028,0.296668667767415,-11.27066645772,0.0271635642682871,0.0962400165016748,-0.199815132136476,-0.0897091014014961
0.421812363240841,0.272126106156235,-12.037612683145,0.0863434311995446,0.050446128579798,0.0895363576962688,-0.0749886901909782
0.415837840026836,0.366755416961247,-11.9079409848139,0.0790954077606033,0.0611875516031153,-0.085069930974608,0.033441759201897
0.686129581368533,0.523584709611029,-12.4966166763891,0.0997568180332979,0.00696973857985276,0.170534923308398,0.149859554069929
0.388549852988986,0.420189868038851,-11.17528098517,0.0178741002018602,0.0983896160271696,-0.315453828581407,-0.201784457599347
0.313775361017182,0.26903974939755,-9.26727339288736,-0.098762177691265,-0.0156854154448965,0.0239876857194609,-0.135464703196404
0.191985375906019,0.270298947094223,-8.80112662710924,-0.0811751482732899,-0.0584003022492984,-0.0406148368378728,0.059659499945971
0.116532855336825,0.298720729279093,-9.29571057133017,-0.0991682360656085,-0.0128709345284542,0.0237157154964142,0.0412927167133238
0.0206859590466503,0.290378266776138,-9.51218769042495,-0.0996182201321452,0.00872984637341656,0.00377132384197093,-0.0170723088763716
0.0335778877959673,0.288607724368147,-9.23503053066515,-0.0982051903866396,-0.0188610864248026,0.111097119135957,0.0170905440168124
-0.0211026136482889,0.252475905690629,-8.35553709842722,-0.0480790006555457,-0.0876835771166074,-0.00660150078871047,0.0515517584390892
0.032946530455847,0.228237066715449,-8.1496697818147,-0.0291398202559873,-0.0956601843791279,0.0831889643601232,0.0714213454039481
0.0785205611893404,0.0155065336653228,-8.24303091805751,-0.037930891767199,-0.0925270092986099,0.0835049225006923,-0.120203523751517
0.160835409575299,-0.0549701074511648,-8.14195679103521,-0.0284011346884988,-0.0958820919067046,0.110715983074457,0.0254054507902171
0.306145459484125,-0.27742796392184,-8.240904816895,-0.0377340844037831,-0.0926074450258087,0.183044134312609,-0.129850411444866
0.0966963258901096,-0.261112865466395,-8.61410272772023,-0.0689009213166865,-0.0724752581348406,-0.140548212277329,0.088790356590285
-0.00610009379821043,-0.388416709905134,-10.9882475247505,-0.0007326697262094,0.0999973159393406,-0.102063749962111,-0.227301160378079
-0.0930217928074906,-0.235936023382983,-9.79624045980644,-0.0931797486494628,0.0362978572593884,0.00625804964018262,0.116182829262762
-0.230209873618942,-0.194227052187371,-10.9214934315664,-0.00740131156294134,0.0997257268068189,-0.12978676924851,-0.0580167556112068
-0.270583792708729,-0.181122208544557,-11.0200624684028,0.00244857334366151,0.0999700179482864,-0.0428224924334479,-0.0868651743054721
-0.54404877904185,-0.0894379633974013,-9.31003103560344,-0.0993423792001116,-0.0114495281501565,-0.17412260713301,0.103133773297312
-0.350220729957574,0.0246146315536413,-9.22831796877606,-0.0980763726471509,-0.019519864968211,0.291904421731427,0.133572459919254
-0.434922265194367,-0.060435150840001,-7.89965516908133,-0.00456576570507453,-0.0998957145403463,-0.0801357695317184,0.014845932146704
-0.567528577926397,-0.0976762683066851,-7.99873981926059,-0.0144253148400781,-0.0989540817337245,-0.118180997891952,0.0617129642670403
-0.407820372674803,-0.246291822880938,-7.08949604531018,0.0692165819688502,-0.0721738510857599,0.0904916232827445,-0.0764417034884933
-0.530236547874523,-0.480698618775049,-7.20404270799413,0.0605137784569832,-0.0796120758230757,-0.182929953656704,-0.154794720071035
-0.317602178968402,-0.464665551455101,-6.11853253024542,0.0986475328079939,0.0163909813890376,0.113986836098127,-0.000357914069089638
-0.300647141497392,-0.395372551410099,-5.25310910991262,0.0514753519635548,0.0857338214488784,-0.0345203144925449,-0.0164408214038763
-0.304524074572138,-0.262399727768313,-3.7600319529922,-0.0814784286999852,0.0579764232820672,0.0776014956252389,0.0749964003597194
-0.371768127238005,-0.0931871681060554,-3.7312865382616,-0.0831110950802319,0.0556106633170713,0.0158670424143653,0.113601896345186
-0.485790873138924,-0.100047088544059,-2.38350672376454,-0.0726153326148933,-0.0687532796979781,-0.0414074132860259,0.0618933592599743
-0.339305998861905,-0.354289118892542,-1.90089339387607,-0.032413485643711,-0.0946010885160681,0.17889835992073,-0.159640941832414
-0.194895676469668,-0.334364231737879,-0.513369003191447,0.0871094887154192,-0.0491114749904567,0.0573008336768176,0.0690363621451198
-0.175667520378603,-0.128911517306241,-0.187639686483507,0.0982447265495137,-0.0186540533185491,-0.0790165704584482,0.224106767750186
-0.0662971543473774,-0.320344108843955,-0.849810195603859,0.0660125730319576,-0.0751155123905873,0.0433577929992679,-0.116317079147126
-0.136280240782868,-0.337149860300298,-1.81105177557206,-0.0237950745766794,-0.0971277222315558,-0.0461880118588109,0.0803219707752126
-0.33680113094373,-0.580747410975544,-1.00715457737013,0.0534268159532122,-0.0845315049972588,-0.253947706114074,-0.159066045677987
0.0314621753604488,-0.593683506925044,-0.849333295999137,0.066048388082041,-0.0750840224799132,0.302214918222138,0.0621479265304131
-0.0120260184004803,-0.604492747063644,-0.0880209754725405,0.0996128654406477,-0.00879073595914594,-0.143101059201577,-0.00201850417945415
0.0480616181917887,-0.620487943482735,0.884877643734894,0.0633384190095008,0.077383749439898,-0.00325078241723176,-0.0933789458589893
0.102110682549755,-0.482576385325785,0.583119392966833,0.0834749081029867,0.0550630521965312,-0.0294258437450207,0.0828485059604187
0.333949786768043,-0.563612224260131,0.0179466360526899,0.099983896344951,0.00179456726875595,0.131855207873337,-0.0828304062031022
0.46659880032622,-0.49285876964593,-0.753893270156562,0.0729029526436834,-0.0684482249282832,0.0597460609144939,0.139201679542484
0.55300079976859,-0.575426936974327,-1.36003155628055,0.0209207808017507,-0.097787120474248,0.0654812186406195,0.0152189531458512
0.452420498674917,-0.784466792235642,-1.83726081387734,-0.0263322352283925,-0.0964707903350885,-0.0742480658652805,-0.112569064926226
0.198541871596095,-0.948682336571283,-2.60579725989452,-0.0859862832844216,-0.0510525130324767,-0.1678923437944,-0.113163031303164
0.227806776282061,-0.984234376237401,-2.16732157298535,-0.0561771232375061,-0.0827292622036366,0.0854420279234716,0.0471772225375183
0.326888963457298,-0.91841635812506,-4.03790696556201,-0.0624492838284593,0.0781030533930174,0.161531471003696,-0.012285035280676
0.316742954023515,-0.659473939770977,-4.96336268732109,0.0248347278568749,0.0968671063482076,-0.0349807372906579,0.162075312005875
0.387812773881465,-0.753258716568016,-5.50110995299231,0.070945245418703,0.070475330098411,0.00012457443924685,-0.164260106895449
0.352839025184185,-0.41363672730313,-4.90979448845164,0.0196125890157899,0.0980578724636514,-0.0545863377130693,0.241564116801234
0.501543062380989,-0.381950789843945,-5.69136724771355,0.0829927808962703,0.0557870802166924,0.0657112563005332,-0.0241011427575071
0.637485708084582,-0.490960249533995,-5.50468195205527,0.071196530095447,0.0702214646840132,0.0647461156081457,-0.179230924374063
0.875596172554913,-0.498622291300265,-5.53562512985501,0.0733349767153222,0.0679851541894489,0.164775487755009,-0.0756471959557192
1.13272636330617,-0.529307621262745,-6.68438892410604,0.092059161644023,-0.0390526664569737,0.165071029107229,0.00836733649449428
1.01072440503514,-0.560278104010493,-5.70594276907852,0.0837970623065495,0.0545715342352792,-0.205799020577572,-0.0855420169830279
0.915017636183895,-0.497998948125941,-4.20348451074065,-0.0487220836021132,0.0873278796803672,-0.0469846852491345,-0.025048723795815
0.708777385041746,-0.364909338518939,-4.69416197757697,-0.00182259935843094,0.0999833892783129,-0.204417651783718,0.0331062203286891
0.688659008202122,-0.39332914761919,-5.38051639577277,0.0619517126738281,0.0784983139741195,-0.0820700895134518,-0.10691812307437
0.61487273516849,-0.235395566373243,-3.63322954196173,-0.088156131484763,0.0472069537424432,0.0143698584511306,0.110726627503503
0.38718311711334,-0.161751922813393,-3.14588145817235,-0.0999990803091724,0.000428879143463723,-0.127690537745977,0.0732147644163868
0.226022768328727,-0.241607599321876,-2.98746616665399,-0.0988146006851912,-0.0153516999523248,-0.0623457480994213,-0.0645039765561584
0.0500011619820403,-0.301351274648673,-3.63825659921189,-0.087917706517344,0.0476495213064116,-0.088103899829343,-0.107393196633209
-0.0140164603980043,-0.317378829808747,-4.32816412799791,-0.0374840618398358,0.0927089267977327,-0.0265335605402088,-0.108736481957807
-0.0829591586804927,-0.00505057921965141,-4.88909099600339,0.0175783904550622,0.0984428777972758,-0.0865210887375507,0.21388537279182
0.0412725313577425,0.0209280253785298,-4.42606957992998,-0.0282423384226932,0.095928985819814,0.152474028460928,-0.0699503812216328
0.0729899346963813,-0.00191677458893816,-6.08867605998125,0.0981142642878731,0.0193285059756151,-0.0663968609492344,-0.0421733059430831
0.247427840478423,0.327852685828202,-6.14237520056183,0.0990102626498505,0.0140345249298868,0.0754276431321912,0.315734935487253
0.486928349796067,0.319535932156369,-5.94777330005391,0.094427477423902,0.0329158245735766,0.145073031893742,-0.0412325782454098
0.560974229495796,0.392843383956672,-6.48118292584553,0.0980462424532025,-0.0196706466799604,-0.0240003627534738,0.0929780984802633
0.677851768733201,0.548379198923011,-5.37699891752302,0.0616752138780292,0.0787157417109142,0.0552023253593757,0.0768200732554248
0.94089057729378,0.378493482922475,-6.30319082057906,0.0999799896390744,-0.00200041789898618,0.163058818921504,-0.16788529810155
0.905283084763906,0.500965819808316,-6.11971232294835,0.098666802109468,0.0162745863692777,-0.134274294639342,0.106197750516564
0.999776484746472,0.514433197118107,-5.31523187095418,0.0566986527344541,0.0823727065119132,0.037794747248112,-0.0689053292021231
0.831354088862561,0.319033686737472,-6.76460644527165,0.0886337775321531,-0.046303925107714,-0.257056173416064,-0.14909558527292
1.04193839364144,0.115356823421327,-6.53814024987877,0.0967674660203572,-0.0252201808082144,0.113816838758518,-0.178456682507931
1.03330409074463,0.392926620694161,-5.24388282758991,0.0506821678587589,0.086205091851564,-0.0593164707555638,0.19136470542127
0.913480257141715,0.584905228422691,-5.81760978772061,0.0893563341545919,0.0448937138857202,-0.209180167757509,0.14708489384281
0.828874366563286,0.851907003663511,-4.39505083906888,-0.03120387186303,0.0950069385926923,-0.0534020187153992,0.171994836648127
0.966162069630807,0.738949173006563,-5.93640676993282,0.0940472469134335,0.0339869879219045,0.0432404561540884,-0.146944818578852
1.00649287878727,0.823224982520645,-6.25578378986263,0.0999624601914003,0.00273980884054186,-0.0596316510349355,0.0815360006735399
1.29065225681702,0.898308212928911,-5.95112030820651,0.0945371178417101,0.0325995912579071,0.189622260188037,0.0424836391503589
1.39332482219492,0.680154630695586,-6.20543875964345,0.0996979259211843,0.00776682477039707,0.0029746394567125,-0.225920407003723
1.34520177593514,0.624007128049896,-7.90353253124208,-0.00495306227745937,-0.0998772605455096,-0.0431699839823157,0.0437297578998196
1.57239340961257,0.647171854420607,-6.67081252530009,0.092580855953184,-0.0377992739477335,0.13461077772425,0.0609640003184451
1.64726226722025,0.59433577479306,-7.13829551231285,0.0656135348165657,-0.0754643230200557,0.00925532279111241,0.0226282433925091
1.57166137716704,0.804286998886016,-5.51996131749087,0.0722611171944042,0.0691254724527549,-0.147862007247614,0.140825751640201
1.63161231906531,0.531650462879696,-2.82772207561174,-0.0951145685969965,-0.030874242348716,0.155065510495262,-0.241762293657604
1.38572315686343,0.730989267668336,-3.41370880786312,-0.0963204293982873,0.0268770325841518,-0.149568732803588,0.172461772204488
1.28680789217061,0.515616434305508,-3.11682504371253,-0.0999693298429409,-0.00247650777372043,0.0010540651501203,-0.212896325589107
1.64219399943562,0.553680236903959,-5.05199523427072,0.0333115860313172,0.0942885901691088,0.322074521233691,-0.0562247875706583
1.70930493829207,0.552810289166251,-5.91029653924247,0.0931278833869588,0.0364307196726197,-0.0260169445305148,-0.0373006674103271
1.73884727064514,0.557855024446347,-7.34447848582391,0.0487743561921899,-0.0872986951680114,-0.0192320238391126,0.092343430448107
1.85669909667815,0.461227212278142,-6.52791734468561,0.0970202286139757,-0.0242296355666339,0.0208315974190303,-0.0723981766015708
2.17680697326747,0.424578114341834,-6.64180302875132,0.0936382870490443,-0.0350980227152583,0.226469589540273,-0.00155107522105008
2.03489439616553,0.603473848633675,-7.42720732739224,0.0413936593889318,-0.0910305715811622,-0.183306236490871,0.269926305873003
2.0465894285684,0.300833280799565,-6.1182078716776,0.0986422061366623,0.016423007291365,-0.0869471737337906,-0.319063575125474
2.16378168233781,0.30544170427463,-7.36326055889496,0.047126199400142,-0.088199327265564,0.0700660543692669,0.0928077507406283
2.29477759790007,0.209146987109121,-7.96774954209596,-0.0113522647961794,-0.0993535408729725,0.142348180358439,0.0030588237074638
2.31299187996715,-0.083040385430812,-8.3139612116191,-0.0443929807370397,-0.0896061563804676,0.0626072628041225,-0.202581216159465
2.32845009759825,-0.029552057050001,-7.81971617872738,0.003425875033989,-0.0999412996726153,0.0120323425971093,0.153429628053426
2.40524405607594,-0.36363731684434,-6.79858105443782,0.0870097734836229,-0.0492879226416434,-0.0102158150059324,-0.284797337152696
2.54586104406093,-0.211461819732085,-5.49585855504732,0.0705741748834073,0.0708469183488333,0.0700428131015789,0.0813285787634216
2.20707920948897,0.063406435698972,-4.75560969005976,0.00432072546699709,0.0999066130515835,-0.343102560038954,0.174961642379474
2.35631334145024,0.105763973653717,-4.8890901211929,0.0175783043361931,0.0984428931749985,0.131655827625083,-0.0560853552202533
2.25479792998897,0.0152269310306485,-3.59146574460844,-0.0900502296134137,0.0434851255784259,-0.0114651818478569,-0.134022168201495
1.95114165840945,0.148234346829989,-3.4543708178942,-0.0951482392814754,0.0307703194919243,-0.208508032298047,0.102237096307417
1.80421369430748,-0.0511818216077068,-2.90340512888262,-0.0971767209299009,-0.0235941710876259,-0.0497512431720736,-0.17582199735007
1.91625183512812,-0.00556974558042023,-4.18198666041291,-0.0505880424798589,0.0862603614533117,0.162626183300498,-0.0406482854260252
1.68912621112926,0.103025335565305,-2.58049871553245,-0.0846673519376629,-0.0532112724510882,-0.142458272061188,0.161806353596814
1.59905122597718,0.136956511419827,-2.50905780943662,-0.0806531523803712,-0.0591191086799237,-0.00942183277171127,0.0930502845344457
1.43070709333609,-0.0652608697355793,-1.30001322264288,0.0267486087815424,-0.0963561722374441,-0.195092741422631,-0.105861208917962
1.52296807688037,-0.00258844186989676,-2.02789526610355,-0.0441346739767554,-0.089733664546621,0.136395657521028,0.152406092412304
1.36424129455927,0.00143115697671586,-3.62519550600431,-0.0885325447328285,0.0464971883357447,-0.0701942375882644,-0.0424775894891321
1.25447953186847,-0.181454172315719,-3.266134783455,-0.0992254648059647,0.0124220422652742,-0.0105362978848351,-0.195307371557709
1.11894807752455,-0.107222662425033,-2.22428796925851,-0.0607962351002036,-0.0793965855540449,-0.0747352192437214,0.153628095444731
1.16371857890536,-0.21013322494313,-1.3381569034899,0.0230546644216985,-0.097306127496694,0.0217158369591124,-0.00560443502140306
1.01053494690728,-0.237667988659629,-1.19639097266111,0.0365719141850148,-0.0930725259829339,-0.189755546183098,0.0655377622664345
1.12363235852734,-0.263267687391122,-2.7422825266976,-0.0921329424045698,-0.0388782834481696,0.205230354024636,0.013278584716677
1.10350929764276,-0.507580213223982,-0.768575413720534,0.071890164550474,-0.0695111806899133,-0.0920132254350529,-0.174801345142947
1.24036686850547,-0.514314317392591,-0.0779180954868514,0.0996965920713277,-0.00778392763091175,0.0371609787913774,0.00104982346230265
1.14866925422061,-0.551815335510158,-0.286904655578752,0.0959124404185123,-0.0282984765131506,-0.187610054703373,-0.00920254160441697
1.31153743547656,-0.423377278082294,1.01294602802515,0.0529363626606766,0.084839504408367,0.109931818595278,0.0435985530194972
1.54230046569311,-0.406932444010149,0.491415419231428,0.0881665842061825,0.0471874287222152,0.142596446010368,-0.0307425946500698
1.33643548028963,-0.379680723161356,1.30673102224318,0.0261007086303885,0.0965336884667294,-0.231965694033875,-0.0692819676179363
1.69203993903855,-0.296782195908112,1.06496093546204,0.0484538384590159,0.0874770000548007,0.307150620289913,-0.00457847280155671
1.86089694732224,-0.10723829172907,-0.069280083481293,0.0997601094754842,-0.00692246758312503,0.0690968988082017,0.196466371762167
1.93718241387172,-0.344777365637053,-1.05810637227735,0.0490523120893818,-0.0871428177114206,0.0272331544600948,-0.150396256196562
1.95124896354726,-0.357492053904785,0.516051994149974,0.0869774097040974,0.0493450119177773,-0.072910860028549,-0.0620597001855092
2.10722945744277,-0.619732449092921,-0.206219457991033,0.097881201501134,-0.0204760931990067,0.0580992923943687,-0.24176430198913
2.35742081759131,-0.619926898637306,-0.518387681223026,0.0868619180527796,-0.0495480291453878,0.163329442095761,0.0493535796010029
2.19691410990833,-0.356186027801811,0.627734001902556,0.080936043356261,0.0587312258158592,-0.241442751039235,0.205009645019636
2.16642844727202,-0.700722930866063,-1.91256035716415,-0.0335149620266088,-0.0942164917642074,0.00302929939029867,-0.250320411300045
2.25873820323021,-0.400671917153217,-0.811436081455986,0.0688457586942831,-0.0725276603083854,0.0234639972638989,0.372578674021231
2.21844759201369,-0.866585231186608,-1.16321774218095,0.0396387431110308,-0.0918083331979059,-0.0799293543275466,-0.374104980835484
2.33281821852761,-0.801526148858237,-0.329906286815328,0.0946072706478356,-0.0323954370331252,0.0197633558660831,0.0974545193614956
2.102605622796,-0.913817295569925,0.043641697626666,0.0999047852250064,0.00436278456325133,-0.330117380956614,-0.116653931274939
2.24206711931193,-0.903577638082471,0.229623767762728,0.0973752098585501,0.0227611182722493,0.0420862866573754,-0.0125214607847955
2.28548614266405,-0.964702678696098,-1.14554561093374,0.0412549180642593,-0.091093532896201,0.00216410528786122,0.029968492282574
2.15238510181422,-0.916348649858053,-0.8401417073654,0.0667357297725314,-0.0744737696892515,-0.19983677062236,0.122827798527297
2.23355109306646,-0.982668810922666,-0.636069237406298,0.0804436988800827,-0.0594037987883821,0.000722292372153932,-0.00691636227623146
2.31341454401254,-0.905217316926297,-0.339275938529552,0.0942995883534926,-0.0332804392453261,-0.0144361374074122,0.110731933241695
2.26123645097216,-0.918122589602665,-1.46810985203935,0.0102506106747224,-0.099473237510374,-0.0624287037151002,0.0865679648340059
2.52226309024522,-1.13644871532235,-1.13281214196382,0.0424114788769842,-0.0905608439639733,0.218615160396075,-0.127765281755712
2.39276481681666,-1.39504497959618,-2.7384617665029,-0.0919837256810147,-0.039230016694361,-0.0375145477475394,-0.219366247579471
2.3257299741706,-1.31923592654841,-3.81012656802029,-0.0784731241773465,0.0619836170439153,0.0114382815312873,0.0138254360038619
2.46951754430152,-1.13947447798447,-5.24777142820087,0.0510170009992984,0.0860073578773211,0.092770569131619,0.093754090686611
2.64976006636967,-1.02132571571751,-6.02056649694099,0.0965713419892544,0.0259610459418427,0.0836711800788892,0.0921877163251172
2.65924360860175,-1.22673100434165,-7.56194720921495,0.0287901107064715,-0.0957660144597712,-0.0193065684743897,-0.109639274164366
2.6243459258774,-1.22695804454622,-8.61699178734326,-0.0691100188210825,-0.0722758970788299,0.0342123360967372,0.0720488568742556
2.45446785796262,-1.2082049568438,-10.4588308087594,-0.0511340123904091,0.0859378425192155,-0.118744055524373,-0.0671847548167912
2.82076441703631,-1.16761279125481,-10.6048480913962,-0.0380859980231001,0.0924632724630943,0.404382557096786,-0.0518711068741049
2.55964558445305,-1.09223885377202,-11.0881292304584,0.00924228554362101,0.0995719848046135,-0.27036111812688,-0.0241980473218221
2.47321303519022,-1.27280061574572,-11.0211913963067,0.00256143070217793,0.0999671899813031,-0.0889939799650013,-0.280528951955
2.5757437464742,-0.941552371350325,-10.4143138433996,-0.0549077815650664,0.0835771232072686,0.157438492849037,0.247671121188123
2.45404280035051,-0.719713876541983,-10.42037206937,-0.0544004479515217,0.0839082311973848,-0.067300498172163,0.137930263610958
2.29474831779012,-0.635845258914082,-9.92979650485781,-0.0875165502507765,0.0483823669553622,-0.0717779323096096,0.0354862506725383
1.98633580873867,-0.674736624767984,-8.84364155079286,-0.0835839330064658,-0.0548974147221036,-0.224828576044986,0.0160060488682015
2.08776602958102,-0.919331044497859,-8.98592298103754,-0.0905238779336949,-0.0424903227081828,0.191954098776044,-0.202104097021692
1.98709280804416,-0.822508284309683,-9.57116444792752,-0.0989304617951815,0.0145864227620119,-0.0017427597416806,0.0822363374261643
2.01342966326234,-0.950378680020884,-8.0273007934374,-0.0172452724141167,-0.0985017795745991,0.0435821276322948,-0.0293686161366022
1.86398489659531,-1.06950959199845,-8.62890357569291,-0.0699660306736701,-0.0714475650513792,-0.0794787359933557,-0.0476833469261904
1.57852944920459,-1.0723492759789,-8.98187815072242,-0.0903512717431101,-0.0428561278512498,-0.195104175647615,0.0400164438708058
1.59178899921184,-0.835572432692263,-9.94460379421533,-0.0867905706416389,0.0496728985232259,0.100050120648891,0.187103944763409
1.4138670188426,-1.09191338067344,-9.57387085203887,-0.0988906227748832,0.0148541148237031,-0.0790313575943536,-0.271195062804877
1.4473061421894,-1.11972233540714,-8.81143585890921,-0.0817728862421278,-0.0575603602805961,0.115212009588929,0.029751405546892
1.37741882375697,-1.04687756081068,-9.88573954397001,-0.0895625190285734,0.044480953061467,0.0196752005961453,0.0283638215349972
1.05542772252009,-1.0250390936001,-10.1477245447113,-0.0749859535945982,0.0661597064950319,-0.247005147642289,-0.0443212392844528
1.29956209271748,-0.75984130571227,-11.1770250092896,0.0180456667952433,0.0983582935492227,0.226088703402153,0.166839494338604
1.15213031128355,-0.93424961550106,-13.594631085853,0.0516309361337592,-0.0856402150508258,-0.199062717567693,-0.0887680947379642
1.18933966359305,-0.896813777990033,-14.6836120481776,-0.05196532992133,-0.0854377228521882,0.0891746822308313,0.122873560363215
1.12600182842343,-0.665557088867567,-16.9468375083922,-0.032586080377718,0.0945417757693228,-0.0307517547919,0.136714913353143
1.14824073493318,-0.642464296292685,-15.9498863418834,-0.0970879059301777,0.0239570140479353,0.119326812439919,-0.000864221473052817
1.00177806905152,-0.656452075339217,-15.6485978243655,-0.0998238389509094,-0.00593305798917442,-0.0466388269307428,-0.00805472105735794
0.922150893248605,-0.57834121085086,-15.8459223122414,-0.0990498734959446,0.0137521838424801,0.0194226976930265,0.0643586806458767
0.840717128073933,-0.544591982733085,-14.5573098349244,-0.0407890923617537,-0.0913030664561948,-0.0406446728129184,0.12505229457397
0.864903138253194,-1.13160882609495,-14.8073642439365,-0.0621140625144165,-0.0783699128362101,0.0863000726936775,-0.508646930525657
1.04248678750948,-0.983916754397968,-14.5375738690582,-0.0389793115476242,-0.0920902452557992,0.216562960803913,0.239782316952782
1.12895926563068,-0.700685653495067,-14.5313414533384,-0.038404613536704,-0.0923313904319458,0.124877091657903,0.375562491334847
0.794850665291236,-0.813490236907716,-15.1767429800732,-0.0862189532056785,-0.0506585837555396,-0.247889647133767,-0.0621459996571093
0.723310711191632,-0.947831045717297,-15.3294643051347,-0.0929220354592162,-0.0369526091922638,0.0213820813596122,-0.0973881996173181
0.707119060009412,-0.987842577590225,-14.081520847156,0.00556173805356339,-0.0998452155580003,-0.0217533892357836,0.0598336836850726
0.647331647318237,-1.26736612316339,-13.5534797619581,0.0551104392216379,-0.0834436306065248,-0.114897851912813,-0.196079914966641
0.722102647390757,-1.32871545207108,-13.8818607979965,0.0252541640305899,-0.0967586027137435,0.0495168360419307,0.0354092738060571
0.773376143919437,-1.30805645907244,-13.5920229497727,0.0518541216089636,-0.0855052634178903,-0.000580625080283788,0.106164256416526
0.57878635213636,-1.49315779729038,-13.9663931061831,0.0169944978295395,-0.0985453552610258,-0.211584289612617,-0.0865559829569134
0.833472299038075,-1.39038048205934,-12.1739553872794,0.0923988121749623,0.0382421169478892,0.162287134726753,0.0645351982831523
1.051603433592,-1.18899791742666,-12.2658699761837,0.0955188420712614,0.0295998447523873,0.122612292482666,0.171782719880296
0.891633751714286,-1.39427208028895,-12.2018912441117,0.0934309472979529,0.0356462913499729,-0.253400629175669,-0.240920454212265
1.0247942359588,-1.28207267083304,-12.2528440120056,0.0951251829566379,0.0308415234297233,0.0380353012878733,0.0813578860261812
0.998307174559247,-1.25919893060647,-10.3596725021681,-0.0593903274965223,0.0804536450377224,0.0329032660969722,-0.0575799048111514
0.887785415211621,-1.02320908370109,-10.6107159441142,-0.0375427845911387,0.0926851623785779,-0.0729789747564871,0.143304684526803
1.03250108674217,-1.03180572157553,-13.0354223148416,0.0891997359095748,-0.0452040608094242,0.0555159356209726,0.0366074229349893
1.33405457977467,-1.16919757194732,-12.9907044421538,0.091131320742536,-0.0411713781615459,0.210422172289969,-0.096220472210251
1.34481915432747,-1.20248405561614,-13.6044915191944,0.0507839902161319,-0.0861451469191841,-0.0400194156633353,0.0528586632503701
1.37986683695887,-1.06225847950564,-12.0602505698521,0.087463203972048,0.0484787371013719,-0.0524155213406526,0.0917468390091268
1.63381634624074,-0.769725713538153,-11.4298137606954,0.0420720580527229,0.0907190273934213,0.211877451229149,0.201813738574063
1.73375864656471,-0.721365862638522,-11.4911562214813,0.0475543654446144,0.0879692123822878,0.0523879348793611,-0.0396093614826566
1.55821622854573,-0.637220346408508,-10.9267350291007,-0.00687849015990825,0.0997631513792545,-0.168663927859074,-0.01561763514924
1.7039548578886,-0.401138489545237,-10.1317524307751,-0.0760330544651378,0.0649536344533652,0.221771683808004,0.171128222409905
1.6404496497682,-0.56364496699602,-9.24843990956291,-0.098449269185316,-0.0175425595873917,0.0349440610649159,-0.144963917863391
1.45766226092729,-0.607880370052364,-10.051739435651,-0.0809813906594323,0.0586686830162771,-0.101805998181472,-0.102904086072621
1.56084436249141,-0.66785657609498,-10.8513994420027,-0.0143675885422116,0.0989624797561263,0.117549690106328,-0.158938685798743
1.49447910699747,-0.311018096147486,-11.2546848582707,0.0256220914763683,0.0966618250830007,-0.0919873469703103,0.260176654864493
1.46058828980796,-0.347369955129773,-11.7447567140523,0.0681040322839083,0.0732245914066605,-0.101994849473414,-0.109576450388947
1.56032018379775,-0.351869016844597,-12.4313270848395,0.0990895471614175,0.0134633444338771,0.00064234682837444,-0.0179624061487017
1.69952330915751,-0.607183821606772,-13.3685460063068,0.0695144531391839,-0.0718870002487251,0.0696886722205772,-0.183427804513449
1.82382997154397,-0.42654050596369,-12.6691520295023,0.0994722638651154,-0.0102600546562318,0.0248343985213421,0.190903370299314
1.87719509981991,-0.524935834696184,-13.0828263824625,0.086957478383989,-0.0493801271069455,-0.0335923501080495,-0.0490152016255485
1.67439111123684,-0.813445696545583,-13.1293700753286,0.0845658029859108,-0.0533725113269755,-0.287369791568981,-0.235137350522423
1.75764482857423,-0.886543669919725,-13.3543015219506,0.0705313594536071,-0.0708895431895711,0.0127223578837859,-0.00220843018457112
2.07707443709207,-0.896610280269088,-11.5484916661816,0.0525172137894513,0.0850996019720014,0.266912394728388,-0.0951662123213647
2.05988651179186,-1.04311214262089,-13.0765023367958,0.0872680196178054,-0.048829220268056,-0.104455944918014,-0.0976726420837456
2.02719647941953,-0.713117330791515,-11.9922954083387,0.0839694878632221,0.0543058478249644,-0.116659520235554,0.275688964004411
2.08554468857771,-0.804262315355116,-10.4830073553079,-0.0490415912117394,0.0871488515783234,0.107389800369919,-0.178293836141925
2.2314030484878,-0.901488127756584,-10.6298615295825,-0.0357615007917861,0.0933869105448889,0.18161986070187,-0.190612722946357
2.4380051953773,-0.585225688527601,-10.7836163814564,-0.0210374391769731,0.0977620895484295,0.227639586066478,0.218500349680554
2.36680157985062,-0.723478755464505,-10.9205960125002,-0.00749080433919024,0.0997190445719972,-0.0637128111874881,-0.237972111508902
2.03877440055633,-0.794458580490397,-10.2677432240876,-0.0665251831721403,0.0746619046362547,-0.261501996122149,-0.145641729662146
1.77968275845279,-0.748193761514672,-10.6416117593732,-0.0346617396547409,0.0938006599342828,-0.224429902448806,-0.0475358409585579
1.97782858097068,-0.486537492508388,-9.0015885708961,-0.0911783791396165,-0.0410670570831702,0.289324201657514,0.302723326089454
1.92981411024345,-0.612835680423278,-7.5704675379983,0.0279731176323615,-0.096007836606842,-0.0759875883595935,-0.0302903513080479
1.92328551520716,-0.938229530971723,-8.81806930125027,-0.0821529076715264,-0.0570166621358498,0.0756243126352303,-0.268377188412596
1.70206851691576,-0.838331155527819,-9.18902473705736,-0.0972338682615333,-0.0233575440254063,-0.123983130029861,0.123255919469311
1.84223024490629,-0.844073264273219,-8.61621663289994,-0.0690539730810534,-0.072329446297626,0.209215701071584,0.0665873375522255
1.49463919671103,-1.05903093831424,-9.032663038234,-0.0924102922899036,-0.038214367440723,-0.255180755905358,-0.176743306600299
1.55383393350638,-0.948443342974428,-8.36881235173339,-0.0492387516877219,-0.0870376087230966,0.108433488483075,0.197625204062909
1.52149066347214,-0.928194729106049,-9.89534706657322,-0.0891310403614555,0.0453393608698291,0.0567877703272152,-0.02509074700145
1.34562360521465,-0.654144789885147,-10.8222588231054,-0.0172449084495275,0.0985018432952776,-0.158622149807969,0.175548095925624
1.43914093149636,-0.577295028117587,-10.9234843246333,-0.00720275376788947,0.0997402643778287,0.1007200800496,-0.0228905026102684
1.35641018283012,-0.487812569523386,-11.1164061669872,0.0120538062846923,0.0992708706220063,-0.0947845549509333,-0.00978841202780575
1.37769567408071,-0.417434025281134,-10.8875376180006,-0.0107826626252052,0.0994169713213544,0.0320681538757995,-0.0290384270791024
1.56774801019232,-0.201889950476881,-11.6423925286498,0.0602650399960175,0.0798005322932022,0.129787296115591,0.135743542511051
1.53496744572742,-0.266176847142249,-12.7381396092137,0.098528394224479,-0.0170925577824283,-0.131308958689382,-0.04719433888294
1.50103132854628,-0.356166611102651,-12.8898856626021,0.0948123839559702,-0.0317901218711989,-0.128748501137103,-0.0581996420892028
1.25890954837557,-0.476575799276318,-12.4539846507835,0.0993691341971694,0.0112149529158589,-0.34149091436788,-0.131624141089526
1.58121213596949,-0.278758595820642,-11.5989452000069,0.0567421394192249,0.0823427569014376,0.265560448174692,0.115474446554239
1.6642782500236,-0.0407658638119384,-11.654974293164,0.0612642750727736,0.0790359955957254,0.0218018389813313,0.158956736412978
1.54332812270493,0.0448040651570839,-10.8535440193649,-0.0141553229713206,0.0989930645630168,-0.106794804347341,-0.0134231355939944
1.34455044356042,0.10442456829765,-10.285137152047,-0.0652165215643279,0.07580768638502,-0.133561157580182,-0.0161871832444538
1.23762772299036,0.113962273953296,-9.72415458429502,-0.0955520523837179,0.0294924614988176,-0.0113706681863514,-0.0199547558431721
1.25883846915865,-0.0464371214404606,-9.04883139219388,-0.0930160503034294,-0.0367153154140054,0.114226796471727,-0.123684079979751
1.15099046952506,-0.0865555391552896,-8.93133239649011,-0.0880706052585087,-0.0473663223123765,-0.0197773943750812,0.00724790459754754
1.42710124777947,-0.188032070441766,-6.77083277941357,0.088343757647363,-0.0468548875224773,0.187767020607041,-0.0546216437639987
1.48232663653197,-0.0597174007713654,-5.81866011439508,0.0894034379228028,0.0447998357986226,-0.0341780491703011,0.0835148338717776
1.23181424932465,0.0512078765241032,-4.66201571086585,-0.00503519688093624,0.0998731535116931,-0.245477190326383,0.0110521237837755
1.00372775169439,0.219716338640935,-4.13936184534289,-0.0542178120315503,0.0840263581176257,-0.173868685598712,0.084482103999206
0.906966569297367,0.279827633428807,-4.6346418982763,-0.00776687806614058,0.099697921769241,-0.0889943043308792,-0.0395866269813684
1.22516766254667,0.25655444352979,-5.74232274216719,0.0857264886625304,0.0514875629797435,0.232474604586773,-0.0747607528787608
1.08250650084876,0.5011980257404,-4.37529722207562,-0.0330743927288909,0.0943720538380674,-0.109586768969019,0.150271528372543
1.0075032870798,0.424158446589046,-3.65540220947818,-0.0870878440699658,0.0491498465434566,0.0120846303010094,-0.12618942569481
0.839061269968933,0.419636047315928,-4.28700676471,-0.0412668964901201,0.0910881070945802,-0.127175120620751,-0.0956105063676984
1.07357058335087,0.356775926846215,-5.30306832413101,0.0556925388840767,0.0830562527004777,0.178816774497857,-0.145916373170191
1.08562777851415,0.513944675560491,-5.17598201078271,0.0447164778247522,0.089445159796092,-0.0326592826614687,0.0677235889181844
1.16658000576253,0.37034860749965,-4.89617778191352,0.0182755868010175,0.098315832535144,0.0626766404473588,-0.241911900595985
0.99066755951539,0.599842019055593,-3.89386647250501,-0.0730137055596244,0.0683300724458307,-0.102898740687512,0.161163339110112
1.00480560566147,0.724067391193611,-3.54898743384856,-0.0918156174206541,0.0396218676700641,0.105953663566737,0.0846035044679534
0.751744267421032,0.741137799967656,-3.7614136326074,-0.0813982461105424,0.0580889449906569,-0.171663092129898,-0.0410185362166114
0.871334416273983,0.71807214447186,-3.72261394001487,-0.0835902524379126,0.0548877918791241,0.203180401290863,-0.0779534473749202
0.459486730694182,0.767776052982731,-4.10550372106266,-0.0570311694339751,0.082142837259211,-0.354816516145826,-0.0324389287483403
0.492859349116905,0.865004842350969,-2.55653444076007,-0.0833679939385823,-0.0552247914134269,0.116740612361306,0.152453580781665
0.482246924967198,0.739243634899685,-1.25255844299064,0.0312893410005085,-0.0949788246913695,-0.0419017651502155,-0.0307823827599143
0.812828635676746,0.519178176014123,-1.52444273102002,0.00463369979040756,-0.0998925864429007,0.32594801091914,-0.120172872442662
0.867503974476435,0.5682310742864,-0.0378320240036401,0.0999284454330448,-0.00378230000594689,-0.0452531066333562,0.0528351982782237
0.719458761890396,0.509332205433132,-0.24645294721437,0.0969783879553463,-0.0243965626591605,-0.245023600541385,-0.0345023061941071
0.878133955730413,0.64546795361691,0.232621556555971,0.097306539393066,0.0230529258738602,0.0613686544469502,0.113082822309918
1.01059578309286,0.873968285780523,-0.0335195721915447,0.09994382717377,-0.00335132956594616,0.0325180001886817,0.23185166172956
1.01723703754895,0.684083131698877,-1.33713433148314,0.0231541548728274,-0.0972825015720973,-0.0165129004167395,-0.0926026525095492
1.29707405940857,0.446161743844988,-0.592343426561989,0.0829634607478505,-0.0558306741920593,0.196873561111772,-0.18209071366183
1.28577120660787,0.532913110039367,0.354466971638307,0.09378316311318,0.0347090523709115,-0.10508601591388,0.0520423138234677
1.58244994549558,0.591607690840561,-0.344232274113132,0.0941334817588632,-0.0337474089665232,0.202545257128837,0.0924419897677177
1.58336884782701,0.286363123303245,-0.152544670874976,0.098838760616552,-0.0151953742890374,-0.097919858285118,-0.290049193248279
1.57927484336608,0.366230558301403,0.156043169862352,0.0987849948557835,0.0155410678958311,-0.102878999316717,0.0643263671023273
1.66933344566188,0.48314148205729,0.745202488012277,0.0734950606148186,0.0678120643044004,0.0165635416809854,0.0490988594514866
1.7269545913525,0.571339529972329,-0.154249163295889,0.09881271665097,-0.0153638220523123,-0.0411915709603515,0.103561869967352
1.89289008088187,0.571970701235024,-0.655016958188498,0.0793037597750354,-0.0609172691898076,0.0866317297543352,0.061548440452502
1.76246985736715,0.679684368367805,1.30554569355865,0.0262151144177581,0.0965026827402423,-0.15663533793248,0.0112109843925388
1.82642288431114,0.692658072164833,1.61975789118584,-0.00489420046746492,0.0998801622034339,0.0688472274114572,-0.0869064584064055
1.70261730031535,0.596343381129152,2.39489994209841,-0.0733939239141772,0.0679215130314392,-0.0504116600816105,-0.16423620406712
1.64522780232471,0.42181243002145,3.74100460294855,-0.0825667510557102,-0.0564157036657735,0.0251772530650682,-0.118115247441929
1.63447643762019,0.625584536304195,3.23774546180051,-0.0995380879169534,-0.00960047154242211,0.0887867232124315,0.213372577825167
1.37234096617589,0.716986430888549,2.98078563530978,-0.0987098389204569,0.0160114865111723,-0.163425632523836,0.0753904080731825
1.66638850176867,1.03132672363414,4.27064201143451,-0.0427519387363036,-0.0904006179972645,0.336799474329077,0.404740910742857
1.43868248127104,0.799090014227138,4.18050828618953,-0.0507155122459192,-0.0861854791576517,-0.176990508251705,-0.146051230249352
1.54862442309903,0.826225569679893,4.70914952933558,-0.000323944538328717,-0.0999994752983039,0.110265886366311,0.127135030751059
1.54811524350967,0.880661014215943,6.22991100490898,0.0998581259956319,-0.00532491057582277,-0.100367305584988,0.059760355111872
1.68043591978341,0.958044209668633,7.08176088602455,0.069772781939285,0.0716362959710577,0.0625478943344538,0.00574689948163293
1.77596952651233,0.747182291289481,6.67252643790964,0.0925159353547168,0.0379578938488671,0.00301767137420084,-0.248819812228019
1.75244198562916,0.859389802073865,5.74603253165208,0.0859169063377962,-0.0511691821836382,-0.109444447220958,0.163376692968022
1.72525659153268,0.666960591882566,4.16412049802035,-0.052121028487548,-0.0853428285762794,0.0249356343910625,-0.107086381615019
1.57840253616031,0.616967271002233,2.01573909396812,-0.0430406220636074,0.0902635300239123,-0.103813433308763,-0.140256850904245
1.60181464090981,0.790532549783329,0.872454164611627,0.0642948818224416,0.0765909144183451,-0.0408827770729442,0.096974364362751
1.7432692487537,1.17835823818022,0.945785116384278,0.0585106364133263,0.0810956560273578,0.0829439714305641,0.306730032369532
1.86054381265059,1.39442972834033,1.58108823742038,-0.00102917289340448,0.0999947038755327,0.118303736790302,0.116076786284583
1.61697574179808,1.391376920939,3.01410501304507,-0.0991884451593187,0.0127142576219308,-0.144379625693194,-0.0157670650232614
1.61245027291221,1.48527342322772,2.27165839438029,-0.0644876793435063,0.0764286543966928,0.0599622104576303,0.0174678478920279
1.39792559635499,1.525707773538,1.78217743978615,-0.0209810471803049,0.0977742075356166,-0.193543629376909,-0.057339857225336
1.49389868974515,1.57330158652195,1.00154723074141,0.053899970989098,0.0842305949603492,0.0420731224010571,-0.036636781976404
1.49790256135537,1.66558520551987,-0.422139924694741,0.0912214273672116,-0.0409713459516348,-0.0872175557569853,0.133254964949556
1.7250359702926,1.4693433796328,-2.80846293961187,-0.0945023549898178,-0.0327002278490296,0.321635763927046,-0.163541598038044
1.50354503665579,1.40528859764721,-3.53313950090774,-0.0924319860129919,0.0381618652805922,-0.129058947623821,-0.102216647266181
1.5296198138678,1.43290166782236,-2.77079226461248,-0.0932037613996237,-0.0362361540586473,0.119278538611635,0.0638492242337969
1.40161127027874,1.55531217100673,-3.16385914459685,-0.0999752111931209,0.00222646511108274,-0.0280333323959351,0.120184038073286
1.23620487974115,1.56559385760266,-4.31268402170856,-0.0389146574308247,0.0921175848415576,-0.126491733106773,-0.0818358982456289
1.21696108284045,1.59470980357333,-4.21484205829445,-0.0477271319873997,0.0878755988443739,0.0284833350867001,-0.0587596528736949
1.16325641598302,1.50082758855921,-2.61999210018521,-0.0867022785244058,-0.0498268491746804,0.0329976116669822,-0.0440553658394402
0.94699598752885,1.58261469914924,-2.72616025620713,-0.0914941896680948,-0.0403585586583403,-0.12476623878608,0.12214566924837
1.11332437003811,1.54652227780403,-0.84936437095474,0.0660460548174864,-0.0750860748943876,0.100282327691769,0.0389936535491752
1.08320403676442,1.54855814499169,-1.34927094402737,0.0219717985768185,-0.097556343039803,-0.0520921318505064,0.0995922102274667
1.14056636460184,1.42500861718937,0.0044751876620428,0.0999989986364407,0.000447517272440001,-0.0426366707990166,-0.123997045074767
1.37721578863205,1.61108779413229,0.413189063586333,0.0915844970864785,0.0401532052695275,0.145064926943733,0.145925971673397
1.34574628605076,1.70751341401763,1.20905361603741,0.0353904694976571,0.0935281490714716,-0.066859972078953,0.0028974708138646
1.49886794153559,1.62184589920593,-0.320848417506421,0.0948968192701869,-0.031537179525149,0.0582248362146496,-0.0541303352865483
1.34119309817433,1.68992951927263,-0.280686685831898,0.0960865442230453,-0.0277015526509392,-0.253761387584308,0.0957851727176405
1.46664453000982,1.4770445737615,-0.902929819065289,0.0619312297541539,-0.078514474978428,0.0635202020813318,-0.134370470532704
1.48692474696389,1.15853152309472,-0.540068220491753,0.085767360475777,-0.0514194503764688,-0.0654871435217007,-0.267093600290311
1.71597722950439,1.13273804329887,-0.389918244911152,0.0924940139103939,-0.0380112797830311,0.136558468630109,0.0122177999871774
1.71227808633496,1.41845504142763,-0.441230623450738,0.0904226807164674,-0.0427052550870242,-0.0941218238859066,0.328422253215786
1.78827681836015,1.3056005235476,0.431649069615908,0.0908277065078062,0.0418369182724041,-0.0148289744826158,-0.154691436152426
2.05133600248337,1.16121159284868,-0.679270217603675,0.0778031393729314,-0.0628225397744807,0.18525604475029,-0.0815663909244484
2.13037173900333,1.46222715577037,0.858768814038755,0.0653370018564151,0.0757038716870862,0.0136987346635498,0.225311691234608
2.23155469333081,1.15999429806667,-0.423148127862273,0.0911800735713594,-0.0410632948449279,0.0100028807561155,-0.261169562858769
2.33927196119204,1.29456779378921,-0.963205721014657,0.0570890944016076,-0.0821025900955892,0.0506281734596279,0.216676085818131
2.34127269550718,1.35542178713271,-1.22409516438093,0.0339797109301681,-0.0940498763694148,-0.0319789766150331,0.154903869712911
2.23308621306533,1.41443725112647,1.40921022738822,0.0160883846166862,0.0986973347179425,-0.124274867058534,-0.0396818707241872
2.14218861249921,1.56152189203577,1.82341937857713,-0.0249944612675996,0.0968260135807649,-0.0659031392985162,0.0502586273285397
2.5391897589047,1.75195141155527,0.856877177312987,0.0654800890976577,0.0755801424433879,0.331521057307831,0.114849377076112
2.39190182452158,1.54701667952235,1.90055684483676,-0.0323816459031932,0.0946119918858081,-0.11490628847993,-0.299546723918729
2.50198898687132,1.58504922457993,1.99141743632741,-0.0408327502615657,0.0912835500299841,0.150919912611307,-0.0532510049724022
2.56476396902976,1.65826343813807,0.976898553090646,0.0559595607149571,0.0828765803142783,0.00681542144348132,-0.00966236675614174
2.5118023405778,1.98989266297771,1.82164648625121,-0.0248227599804741,0.0968701738769564,-0.02813886847149,0.234759050962684
2.52371935285125,1.94284615534692,2.79332978769337,-0.0939966954681588,0.0341265474530639,0.105913707741617,-0.0811730550838544
2.27068467302835,1.65487157230194,3.76520664096056,-0.0811773292512675,-0.0583972706179948,-0.17185735057164,-0.229577312426979
2.25618087853185,1.91726950849958,3.06656959773316,-0.099718709027858,0.00749526982952493,0.0852149145313659,0.25490266636811
2.29830502429416,1.77252907463302,4.30389166836273,-0.0397230732024196,-0.0917718772574432,0.0818472189647233,-0.0529685566091146
2.00152382278934,1.75986500706935,3.843528058682,-0.0763593933400751,-0.0645696759224925,-0.220421808164737,0.0519056083588216
2.10988211083194,1.71976084172236,3.82096480810496,-0.0777967350330345,-0.0628304704598002,0.186155023075627,0.0227263051128117
2.4053856617227,1.63703747324997,4.23543459347306,-0.0459075594697132,-0.0888397207533587,0.341411110360478,0.00611635228096874
2.2582930638169,1.65000497380849,4.25027416622273,-0.0445842097299583,-0.0895111626712283,-0.102508388175844,0.102478663229746
2.02100072636597,1.52890690522696,3.35842037746578,-0.0976584822404588,-0.0215132714037172,-0.13963385521047,-0.0995847971778083
2.0526551652565,1.09710356970823,4.00846631798763,-0.0647212940858545,-0.0762309260854959,0.0963757329763812,-0.355572409433237
